Set parameter Username
Academic license - for non-commercial use only - expires 2027-02-09
Set parameter Threads to value 4
Set parameter Method to value 2
Set parameter BarOrder to value 1
Set parameter BarHomogeneous to value 1
Set parameter NumericFocus to value 2
Set parameter Crossover to value 0
Gurobi Optimizer version 9.5.1 build v9.5.1rc2 (linux64)
Thread count: 32 physical cores, 64 logical processors, using up to 4 threads
Optimize a model with 11463474 rows, 19156812 columns and 79419425 nonzeros
Model fingerprint: 0x4451ee25
Coefficient statistics:
  Matrix range     [7e-05, 3e+00]
  Objective range  [1e+00, 1e+00]
  Bounds range     [0e+00, 0e+00]
  RHS range        [1e-03, 1e+00]
Presolve removed 0 rows and 0 columns (presolve time = 6s) ...
Presolve removed 3358064 rows and 16399175 columns (presolve time = 12s) ...
Presolve removed 3358064 rows and 16399251 columns (presolve time = 15s) ...
Presolve removed 4817738 rows and 16400000 columns (presolve time = 22s) ...
Presolve removed 4822765 rows and 16405027 columns (presolve time = 40s) ...
Presolve removed 4834317 rows and 16405028 columns (presolve time = 45s) ...
Presolve removed 4834317 rows and 16405028 columns
Presolve time: 50.05s
Presolved: 6629157 rows, 2751784 columns, 44869757 nonzeros
Elapsed ordering time = 5s
Ordering time: 8.69s

Barrier statistics:
 Dense cols : 354
 AA' NZ     : 1.435e+08
 Factor NZ  : 2.283e+08 (roughly 4.0 GB of memory)
 Factor Ops : 2.132e+10 (roughly 1 second per iteration)
 Threads    : 4

                  Objective                Residual
Iter       Primal          Dual         Primal    Dual     Compl     Time
   0   3.76302686e+00  3.12500000e+01  1.15e+08 6.25e-02  1.00e+06  2018s
   1   1.87935095e+00  3.03816491e+05  8.30e+07 4.48e+02  6.43e+05  2029s
   2   6.40289941e+00  5.63850896e+05  6.53e+07 1.81e+02  4.46e+05  2045s
   3   9.96612843e+00  2.08565914e+06  5.64e+07 1.32e+02  3.75e+05  2065s
   4   1.96780214e+00  1.36066914e+05  6.34e+04 7.14e+00  3.76e+01  2083s
   5   1.93948675e+00  3.59960407e+04  1.49e+04 2.05e+00  5.92e+00  2096s
   6   1.93249322e+00  1.74296812e+04  4.14e+03 1.02e+00  1.80e+00  2114s
   7   1.93104887e+00  8.59218717e+03  1.85e+03 5.20e-01  8.15e-01  2128s
   8   1.93044858e+00  5.39318562e+03  8.79e+02 3.57e-01  4.51e-01  2142s
   9   1.93032216e+00  3.72387321e+03  5.34e+02 2.51e-01  2.96e-01  2157s
  10   1.93034207e+00  2.55618081e+03  3.14e+02 1.75e-01  1.93e-01  2175s
  11   1.93019554e+00  2.31578160e+03  2.70e+02 1.59e-01  1.71e-01  2192s
  12   1.93017759e+00  1.85214171e+03  2.51e+02 1.25e-01  1.45e-01  2207s
  13   1.92915696e+00  1.10948123e+03  2.07e+02 6.54e-02  1.05e-01  2226s
  14   1.91237060e+00  7.22643270e+02  1.73e+02 5.10e-02  9.91e-02  2249s
  15   1.90914958e+00  4.95532029e+02  1.68e+02 3.37e-02  1.04e-01  2268s
  16   1.88904810e+00  4.10076401e+02  1.53e+02 2.92e-02  9.38e-02  2291s
  17   1.85554327e+00  2.98002637e+02  1.30e+02 2.00e-02  6.39e-02  2310s
  18   1.82749931e+00  2.41284717e+02  1.10e+02 1.63e-02  5.16e-02  2333s
  19   1.77432734e+00  9.58345723e+01  7.53e+01 6.05e-03  2.40e-02  2361s
  20   1.69337945e+00  3.27322969e+01  2.46e+01 2.01e-03  6.31e-03  2389s
  21   1.66770142e+00  2.20120202e+01  9.01e+00 1.36e-03  2.70e-03  2417s
  22   1.65032599e+00  1.62361385e+01  5.59e+00 9.93e-04  1.82e-03  2441s
  23   1.62657619e+00  1.31732199e+01  3.50e+00 7.95e-04  1.40e-03  2460s
  24   1.59477961e+00  1.20399846e+01  2.97e+00 7.22e-04  1.41e-03  2477s
  25   1.57957088e+00  1.09106051e+01  2.53e+00 6.48e-04  1.32e-03  2496s
  26   1.55105079e+00  1.02984054e+01  2.18e+00 6.07e-04  1.20e-03  2518s
  27   1.53039783e+00  9.15646275e+00  1.93e+00 5.31e-04  1.12e-03  2570s
  28   1.49709607e+00  7.65179475e+00  1.47e+00 4.30e-04  9.48e-04  2657s
  29   1.46480719e+00  4.90676099e+00  1.01e+00 2.41e-04  5.50e-04  2715s
  30   1.44569250e+00  4.06435721e+00  6.93e-01 1.83e-04  3.97e-04  2806s
  31   1.44299189e+00  3.94050347e+00  6.32e-01 1.75e-04  3.72e-04  2852s
  32   1.44097097e+00  3.66099437e+00  5.66e-01 1.56e-04  3.24e-04  2959s
  33   1.43615449e+00  3.13041820e+00  4.27e-01 1.19e-04  2.34e-04  3139s
  34   1.43288141e+00  2.60064711e+00  2.45e-01 8.16e-05  1.39e-04  3277s
  35   1.43515002e+00  1.68449917e+00  2.75e-02 1.76e-05  2.33e-05  3439s
  36   1.45053515e+00  1.55179812e+00  2.71e-03 7.23e-06  8.54e-06  3722s
  37   1.45205358e+00  1.54421516e+00  2.55e-03 6.50e-06  7.63e-06  3770s
  38   1.45216884e+00  1.53554831e+00  2.54e-03 5.60e-06  6.59e-06  3820s
  39   1.45705838e+00  1.52447383e+00  2.05e-03 4.32e-06  4.97e-06  3845s
  40   1.46031657e+00  1.52142869e+00  1.82e-03 3.85e-06  4.37e-06  3877s
  41   1.46876107e+00  1.51598997e+00  1.30e-03 2.87e-06  3.12e-06  3900s
  42   1.46984996e+00  1.51525401e+00  1.25e-03 2.76e-06  2.98e-06  3928s
  43   1.47006207e+00  1.51513128e+00  1.24e-03 2.73e-06  2.95e-06  3945s
  44   1.47342981e+00  1.51355697e+00  1.10e-03 2.14e-06  2.30e-06  3972s
  45   1.47610357e+00  1.51335499e+00  1.01e-03 1.79e-06  1.86e-06  3999s
  46   1.48003646e+00  1.51361360e+00  8.79e-04 1.49e-06  1.53e-06  4020s
  47   1.48418968e+00  1.51402074e+00  7.77e-04 1.23e-06  1.24e-06  4060s
  48   1.48941551e+00  1.51619938e+00  6.60e-04 9.59e-07  9.58e-07  4113s
  49   1.49144834e+00  1.51775789e+00  6.18e-04 6.81e-07  7.14e-07  4143s
  50   1.49324131e+00  1.51926362e+00  5.80e-04 6.03e-07  6.41e-07  4164s
  51   1.49449086e+00  1.52053644e+00  5.54e-04 5.43e-07  5.88e-07  4187s
  52   1.49576850e+00  1.52131777e+00  5.28e-04 4.86e-07  5.35e-07  4203s
  53   1.49686525e+00  1.52218570e+00  5.07e-04 4.40e-07  4.95e-07  4234s
  54   1.49915366e+00  1.52315896e+00  4.66e-04 4.05e-07  4.55e-07  4259s
  55   1.50108831e+00  1.52348657e+00  4.35e-04 3.76e-07  4.21e-07  4281s
  56   1.50377238e+00  1.52386508e+00  3.95e-04 3.57e-07  3.91e-07  4309s
  57   1.50554919e+00  1.52461940e+00  3.73e-04 3.39e-07  3.72e-07  4339s
  58   1.50795366e+00  1.52502735e+00  3.57e-04 3.29e-07  3.59e-07  4368s
  59   1.51484675e+00  1.52965791e+00  2.96e-04 2.63e-07  3.01e-07  4411s
  60   1.51663523e+00  1.53087721e+00  2.79e-04 2.44e-07  2.84e-07  4452s
  61   1.51667468e+00  1.53154046e+00  2.79e-04 2.35e-07  2.80e-07  4499s
  62   1.51793672e+00  1.53327688e+00  2.67e-04 2.11e-07  2.63e-07  4536s
  63   1.52060296e+00  1.53478982e+00  2.44e-04 1.90e-07  2.41e-07  4586s
  64   1.52643120e+00  1.53659198e+00  1.94e-04 1.66e-07  2.03e-07  4641s
  65   1.52738571e+00  1.53793468e+00  1.85e-04 1.48e-07  1.89e-07  4692s
  66   1.52776976e+00  1.53820134e+00  1.82e-04 1.44e-07  1.85e-07  4719s
  67   1.53284895e+00  1.54005103e+00  1.39e-04 1.20e-07  1.48e-07  4771s
  68   1.53688113e+00  1.54172008e+00  1.02e-04 9.64e-08  1.14e-07  4832s
  69   1.53693973e+00  1.54296113e+00  1.01e-04 7.60e-08  1.02e-07  4887s
  70   1.53875742e+00  1.54369105e+00  8.46e-05 6.56e-08  8.71e-08  4929s
  71   1.53998075e+00  1.54439480e+00  7.27e-05 5.34e-08  7.33e-08  4959s
  72   1.54099319e+00  1.54497447e+00  6.23e-05 4.22e-08  6.08e-08  4991s
  73   1.54124722e+00  1.54509163e+00  5.97e-05 3.98e-08  5.79e-08  5019s
  74   1.54169943e+00  1.54514081e+00  5.51e-05 3.89e-08  5.48e-08  5049s
  75   1.54304788e+00  1.54552035e+00  4.22e-05 3.37e-08  4.46e-08  5087s
  76   1.54368035e+00  1.54602540e+00  3.62e-05 2.54e-08  3.63e-08  5129s
  77   1.54511935e+00  1.54636275e+00  2.23e-05 1.96e-08  2.48e-08  5179s
  78   1.54528255e+00  1.54688435e+00  2.07e-05 1.05e-08  1.84e-08  5216s
  79   1.54576978e+00  1.54692918e+00  1.58e-05 9.48e-09  1.51e-08  5244s
  80   1.54606194e+00  1.54696412e+00  1.26e-05 8.57e-09  1.28e-08  5276s
  81   1.54609086e+00  1.54711130e+00  1.23e-05 5.42e-09  1.01e-08  5312s
  82   1.54615607e+00  1.54713334e+00  1.16e-05 4.54e-09  9.14e-09  5339s
  83   1.54626370e+00  1.54714029e+00  1.05e-05 4.24e-09  8.33e-09  5370s
  84   1.54635691e+00  1.54714525e+00  9.47e-06 4.06e-09  7.67e-09  5404s
  85   1.54642266e+00  1.54714681e+00  8.82e-06 4.00e-09  7.26e-09  5443s
  86   1.54646672e+00  1.54716548e+00  8.39e-06 3.62e-09  6.76e-09  5474s
  87   1.54649951e+00  1.54718884e+00  8.07e-06 2.93e-09  6.22e-09  5519s
  88   1.54650617e+00  1.54721680e+00  8.00e-06 2.91e-09  5.79e-09  5551s
  89   1.54651229e+00  1.54721972e+00  7.94e-06 2.81e-09  5.71e-09  5574s
  90   1.54656927e+00  1.54722306e+00  7.36e-06 2.69e-09  5.34e-09  5604s
  91   1.54673577e+00  1.54723408e+00  5.69e-06 2.70e-09  4.31e-09  5641s
  92   1.54673742e+00  1.54725105e+00  5.67e-06 2.29e-09  3.99e-09  5679s
  93   1.54675196e+00  1.54725333e+00  5.52e-06 2.16e-09  3.86e-09  5711s
  94   1.54687202e+00  1.54725685e+00  4.32e-06 1.80e-09  3.16e-09  5753s
  95   1.54697203e+00  1.54727427e+00  3.32e-06 1.33e-09  2.37e-09  5790s
  96   1.54703496e+00  1.54727574e+00  2.70e-06 1.27e-09  2.00e-09  5828s
  97   1.54706490e+00  1.54727790e+00  2.40e-06 1.22e-09  1.80e-09  5879s
  98   1.54709454e+00  1.54728451e+00  2.11e-06 1.05e-09  1.54e-09  5915s
  99   1.54710765e+00  1.54729481e+00  1.98e-06 8.67e-10  1.31e-09  5960s
 100   1.54711930e+00  1.54729860e+00  1.87e-06 6.90e-10  1.19e-09  6004s
 101   1.54714215e+00  1.54730141e+00  1.64e-06 2.61e-09  1.02e-09  6048s
 102   1.54714478e+00  1.54730194e+00  1.61e-06 2.43e-09  1.00e-09  6073s
 103   1.54720260e+00  1.54730247e+00  1.04e-06 2.33e-09  6.74e-10  6109s
 104   1.54723658e+00  1.54730446e+00  7.06e-07 1.16e-09  4.58e-10  6158s
 105   1.54724594e+00  1.54730473e+00  6.15e-07 1.16e-09  4.01e-10  6204s
 106   1.54724790e+00  1.54730521e+00  5.97e-07 1.04e-09  3.80e-10  6252s
 107   1.54726194e+00  1.54730599e+00  4.57e-07 3.69e-09  2.86e-10  6320s
 108   1.54728032e+00  1.54730678e+00  2.72e-07 2.31e-09  1.71e-10  6380s
 109   1.54729090e+00  1.54730729e+00  2.15e-07 2.45e-09  1.03e-10  6457s
 110   1.54729122e+00  1.54730746e+00  2.00e-07 2.32e-09  9.88e-11  6496s
 111   1.54729590e+00  1.54730759e+00  2.06e-07 3.14e-09  7.08e-11  6539s
 112   1.54730057e+00  1.54730763e+00  1.62e-07 2.34e-09  4.43e-11  6570s
 113   1.54730157e+00  1.54730762e+00  1.46e-07 1.73e-09  3.79e-11  6621s
 114   1.54730288e+00  1.54730754e+00  3.10e-07 3.27e-09  2.91e-11  6651s
 115   1.54730297e+00  1.54730757e+00  3.01e-07 3.32e-09  2.80e-11  6675s
 116   1.54730480e+00  1.54730754e+00  6.34e-06 8.87e-09  1.67e-11  6711s
 117   1.54730522e+00  1.54730756e+00  5.28e-06 6.25e-09  1.39e-11  6747s
 118   1.54730641e+00  1.54730758e+00  2.61e-06 3.65e-09  7.49e-12  6796s
 119   1.54730666e+00  1.54730733e+00  1.84e-06 1.52e-08  5.03e-12  6825s
 120   1.54730671e+00  1.54730737e+00  1.86e-06 1.32e-08  4.80e-12  6869s
 121   1.54730706e+00  1.54730741e+00  1.01e-06 1.08e-08  2.69e-12  6902s
 122   1.54730746e+00  1.54730755e+00  2.86e-07 3.78e-09  8.03e-13  6936s
 123   1.54730755e+00  1.54730756e+00  1.26e-07 4.17e-09  2.57e-13  6957s

Barrier solved model in 123 iterations and 6957.26 seconds (4620.51 work units)
Optimal objective 1.54730755e+00

