Set parameter Username
Academic license - for non-commercial use only - expires 2027-02-09
Set parameter Threads to value 4
Set parameter Method to value 2
Set parameter BarOrder to value 1
Set parameter BarHomogeneous to value 1
Set parameter NumericFocus to value 2
Set parameter Crossover to value 0
Gurobi Optimizer version 9.5.1 build v9.5.1rc2 (linux64)
Thread count: 32 physical cores, 64 logical processors, using up to 4 threads
Optimize a model with 9146798 rows, 13152660 columns and 54299618 nonzeros
Model fingerprint: 0xdc7ff256
Coefficient statistics:
  Matrix range     [1e-04, 3e+00]
  Objective range  [1e+00, 1e+00]
  Bounds range     [0e+00, 0e+00]
  RHS range        [1e-03, 1e+00]
Presolve removed 3358013 rows and 10664419 columns (presolve time = 5s) ...
Presolve removed 3358013 rows and 10895624 columns (presolve time = 12s) ...
Presolve removed 3363789 rows and 10901400 columns (presolve time = 30s) ...
Presolve removed 3375341 rows and 10901401 columns (presolve time = 36s) ...
Presolve removed 3375341 rows and 10901401 columns
Presolve time: 37.22s
Presolved: 5771457 rows, 2251259 columns, 37458632 nonzeros
Elapsed ordering time = 5s
Ordering time: 6.87s

Barrier statistics:
 Dense cols : 329
 AA' NZ     : 1.142e+08
 Factor NZ  : 1.778e+08 (roughly 3.4 GB of memory)
 Factor Ops : 1.448e+10 (roughly 1 second per iteration)
 Threads    : 4

                  Objective                Residual
Iter       Primal          Dual         Primal    Dual     Compl     Time
   0   9.60760787e+00  1.25000000e+02  1.16e+08 6.25e-02  1.00e+06  1354s
   1   9.60760787e-01  1.53169103e+06  7.96e+07 2.74e+02  5.49e+05  1364s
   2   3.67506185e+00  1.19635403e+07  7.02e+07 1.12e+02  4.24e+05  1378s
   3   1.37558462e+01  2.48926639e+06  5.24e+07 7.05e+01  3.06e+05  1393s
   4   2.99334344e+01  4.02807427e+06  2.18e+07 1.34e+02  2.96e+05  1409s
   5   3.99455570e+00  3.67110545e+05  1.27e+06 1.26e+01  1.72e+03  1421s
   6   2.12067403e+00  9.73395714e+04  1.11e+05 3.50e+00  4.37e+01  1432s
   7   1.93984349e+00  2.25346306e+04  1.49e+04 8.31e-01  2.20e+00  1447s
   8   1.92112925e+00  7.53770008e+03  3.54e+03 2.76e-01  4.04e-01  1466s
   9   1.91709328e+00  3.12179135e+03  1.26e+03 1.15e-01  1.35e-01  1481s
  10   1.91574702e+00  1.81431088e+03  5.66e+02 6.73e-02  6.34e-02  1493s
  11   1.91513654e+00  1.03751531e+03  3.37e+02 3.86e-02  3.67e-02  1504s
  12   1.91480312e+00  6.51141055e+02  2.48e+02 2.42e-02  2.56e-02  1518s
  13   1.91469152e+00  5.34506938e+02  2.11e+02 1.99e-02  2.15e-02  1536s
  14   1.91463032e+00  5.00352793e+02  1.96e+02 1.85e-02  2.03e-02  1551s
  15   1.91449661e+00  4.51329239e+02  1.75e+02 1.66e-02  1.89e-02  1563s
  16   1.91386938e+00  4.21040822e+02  1.52e+02 1.55e-02  1.77e-02  1579s
  17   1.90541662e+00  3.37370775e+02  1.38e+02 1.30e-02  1.98e-02  1598s
  18   1.90362147e+00  2.84179841e+02  1.36e+02 1.12e-02  2.21e-02  1614s
  19   1.89629804e+00  2.31906905e+02  1.31e+02 9.30e-03  2.25e-02  1633s
  20   1.88221110e+00  2.11395626e+02  1.22e+02 8.53e-03  2.15e-02  1652s
  21   1.85524747e+00  1.62014313e+02  1.04e+02 6.35e-03  1.67e-02  1671s
  22   1.83485357e+00  8.84671678e+01  9.15e+01 3.36e-03  1.28e-02  1690s
  23   1.74297556e+00  4.01411197e+01  3.76e+01 1.41e-03  4.31e-03  1713s
  24   1.73377807e+00  2.59856583e+01  3.25e+01 8.64e-04  3.37e-03  1737s
  25   1.71883379e+00  1.93685205e+01  2.54e+01 6.21e-04  2.52e-03  1756s
  26   1.68364197e+00  1.45028015e+01  1.26e+01 4.68e-04  1.24e-03  1771s
  27   1.66305322e+00  1.27045168e+01  8.56e+00 4.07e-04  8.65e-04  1783s
  28   1.64099864e+00  1.05570610e+01  4.44e+00 3.32e-04  4.92e-04  1799s
  29   1.61887395e+00  8.99887247e+00  2.59e+00 2.76e-04  3.30e-04  1817s
  30   1.60751671e+00  6.92701397e+00  2.10e+00 2.00e-04  2.49e-04  1844s
  31   1.55477384e+00  5.58283941e+00  1.19e+00 1.52e-04  1.83e-04  1869s
  32   1.51707653e+00  4.37948804e+00  7.01e-01 1.08e-04  1.29e-04  1901s
  33   1.49684541e+00  3.40015510e+00  5.10e-01 7.23e-05  8.85e-05  1936s
  34   1.48073517e+00  2.80265886e+00  3.61e-01 5.03e-05  6.11e-05  1993s
  35   1.47334179e+00  2.60227220e+00  2.71e-01 4.29e-05  5.02e-05  2044s
  36   1.46918826e+00  2.48860148e+00  2.10e-01 3.86e-05  4.33e-05  2082s
  37   1.46246341e+00  2.27214156e+00  1.28e-01 3.06e-05  3.20e-05  2133s
  38   1.45873459e+00  2.02681816e+00  8.15e-02 2.15e-05  2.14e-05  2211s
  39   1.45603396e+00  1.75950754e+00  4.92e-02 1.15e-05  1.10e-05  2303s
  40   1.45544228e+00  1.65344950e+00  2.85e-02 7.52e-06  6.94e-06  2411s
  41   1.45779610e+00  1.55965591e+00  9.53e-03 3.89e-06  3.41e-06  2500s
  42   1.46292093e+00  1.50926337e+00  5.73e-03 1.74e-06  1.47e-06  2608s
  43   1.46602331e+00  1.50343867e+00  4.89e-03 1.43e-06  1.18e-06  2706s
  44   1.46871646e+00  1.50203960e+00  4.35e-03 1.32e-06  1.07e-06  2755s
  45   1.47058421e+00  1.50175576e+00  3.97e-03 1.13e-06  9.14e-07  2784s
  46   1.47073152e+00  1.50067914e+00  3.95e-03 9.87e-07  7.99e-07  2821s
  47   1.47078249e+00  1.50047897e+00  3.94e-03 9.27e-07  7.53e-07  2851s
  48   1.47798669e+00  1.50067659e+00  2.98e-03 8.35e-07  6.40e-07  2900s
  49   1.47889731e+00  1.50117457e+00  2.88e-03 7.20e-07  5.53e-07  2926s
  50   1.48244060e+00  1.50244322e+00  2.57e-03 5.99e-07  4.52e-07  2961s
  51   1.48443180e+00  1.50266468e+00  2.42e-03 5.86e-07  4.34e-07  2979s
  52   1.48636152e+00  1.50464103e+00  2.26e-03 4.91e-07  3.63e-07  3024s
  53   1.49291484e+00  1.50603121e+00  1.80e-03 4.37e-07  3.04e-07  3059s
  54   1.49716133e+00  1.50958083e+00  1.54e-03 3.34e-07  2.28e-07  3112s
  55   1.49716616e+00  1.51006098e+00  1.54e-03 3.22e-07  2.22e-07  3145s
  56   1.50099364e+00  1.51341280e+00  1.32e-03 2.46e-07  1.69e-07  3180s
  57   1.50303750e+00  1.51644961e+00  1.22e-03 1.92e-07  1.37e-07  3219s
  58   1.51144081e+00  1.52002415e+00  8.46e-04 1.53e-07  1.02e-07  3256s
  59   1.51508486e+00  1.52357049e+00  7.41e-04 1.25e-07  8.68e-08  3285s
  60   1.51776091e+00  1.52642516e+00  6.63e-04 1.08e-07  7.81e-08  3330s
  61   1.52170688e+00  1.52893319e+00  5.86e-04 9.45e-08  6.93e-08  3361s
  62   1.52222687e+00  1.52908483e+00  5.73e-04 9.36e-08  6.83e-08  3379s
  63   1.52647375e+00  1.53376471e+00  4.77e-04 6.91e-08  5.56e-08  3431s
  64   1.53146358e+00  1.53637111e+00  3.66e-04 5.64e-08  4.54e-08  3469s
  65   1.53384984e+00  1.54027112e+00  3.17e-04 3.90e-08  3.72e-08  3511s
  66   1.53543460e+00  1.54182422e+00  2.84e-04 3.19e-08  3.25e-08  3537s
  67   1.53804187e+00  1.54277020e+00  2.25e-04 2.71e-08  2.65e-08  3580s
  68   1.54015383e+00  1.54451275e+00  1.74e-04 1.84e-08  1.99e-08  3634s
  69   1.54112078e+00  1.54517283e+00  1.51e-04 1.41e-08  1.64e-08  3668s
  70   1.54236767e+00  1.54556492e+00  1.20e-04 1.15e-08  1.32e-08  3702s
  71   1.54258884e+00  1.54563044e+00  1.15e-04 1.10e-08  1.26e-08  3729s
  72   1.54298695e+00  1.54593826e+00  1.06e-04 9.50e-09  1.14e-08  3760s
  73   1.54323789e+00  1.54630410e+00  1.01e-04 7.63e-09  1.03e-08  3793s
  74   1.54329132e+00  1.54660250e+00  9.95e-05 6.08e-09  9.66e-09  3833s
  75   1.54409410e+00  1.54684050e+00  8.13e-05 4.85e-09  7.86e-09  3872s
  76   1.54414409e+00  1.54704238e+00  8.02e-05 3.80e-09  7.38e-09  3901s
  77   1.54419915e+00  1.54712063e+00  7.90e-05 3.35e-09  7.11e-09  3928s
  78   1.54426353e+00  1.54719405e+00  7.75e-05 2.94e-09  6.84e-09  3955s
  79   1.54430305e+00  1.54721647e+00  7.66e-05 2.81e-09  6.72e-09  3973s
  80   1.54438522e+00  1.54729721e+00  7.48e-05 2.36e-09  6.40e-09  3999s
  81   1.54447629e+00  1.54736088e+00  7.27e-05 1.99e-09  6.09e-09  4026s
  82   1.54458341e+00  1.54741253e+00  7.02e-05 1.65e-09  5.77e-09  4062s
  83   1.54463079e+00  1.54745048e+00  6.91e-05 1.38e-09  5.57e-09  4084s
  84   1.54467658e+00  1.54746999e+00  6.80e-05 1.23e-09  5.43e-09  4105s
  85   1.54472065e+00  1.54747817e+00  6.70e-05 1.16e-09  5.33e-09  4131s
  86   1.54473032e+00  1.54748702e+00  6.68e-05 1.10e-09  5.28e-09  4162s
  87   1.54474590e+00  1.54749832e+00  6.64e-05 1.02e-09  5.21e-09  4188s
  88   1.54477583e+00  1.54750576e+00  6.57e-05 9.54e-10  5.13e-09  4215s
  89   1.54500171e+00  1.54751996e+00  6.05e-05 8.40e-10  4.71e-09  4244s
  90   1.54501005e+00  1.54754022e+00  6.03e-05 1.45e-09  4.60e-09  4270s
  91   1.54503246e+00  1.54754881e+00  5.98e-05 1.05e-09  4.52e-09  4304s
  92   1.54511543e+00  1.54755187e+00  5.79e-05 9.96e-10  4.36e-09  4336s
  93   1.54516842e+00  1.54755329e+00  5.66e-05 9.39e-10  4.26e-09  4363s
  94   1.54531798e+00  1.54755444e+00  5.31e-05 1.39e-09  4.01e-09  4411s
  95   1.54540494e+00  1.54756129e+00  5.11e-05 1.73e-09  3.85e-09  4459s
  96   1.54548842e+00  1.54756811e+00  4.92e-05 1.89e-09  3.70e-09  4486s
  97   1.54555349e+00  1.54757656e+00  4.77e-05 4.74e-10  3.56e-09  4529s
  98   1.54559818e+00  1.54758148e+00  4.66e-05 5.50e-10  3.46e-09  4554s
  99   1.54570805e+00  1.54758640e+00  4.40e-05 4.82e-10  3.26e-09  4585s
 100   1.54605175e+00  1.54758719e+00  3.60e-05 4.55e-10  2.69e-09  4619s
 101   1.54619714e+00  1.54758782e+00  3.26e-05 4.21e-10  2.44e-09  4667s
 102   1.54629067e+00  1.54758947e+00  3.04e-05 1.54e-09  2.27e-09  4716s
 103   1.54630099e+00  1.54759033e+00  3.02e-05 1.39e-09  2.24e-09  4756s
 104   1.54633292e+00  1.54759166e+00  2.95e-05 1.18e-09  2.17e-09  4806s
 105   1.54648552e+00  1.54759290e+00  2.59e-05 1.09e-09  1.92e-09  4849s
 106   1.54649279e+00  1.54759234e+00  2.57e-05 9.39e-10  1.89e-09  4876s
 107   1.54677607e+00  1.54759191e+00  1.91e-05 8.57e-10  1.42e-09  4911s
 108   1.54691581e+00  1.54759242e+00  1.58e-05 5.87e-09  1.17e-09  4946s
 109   1.54691760e+00  1.54759189e+00  1.57e-05 3.91e-09  1.16e-09  4979s
 110   1.54697062e+00  1.54759148e+00  1.45e-05 3.61e-09  1.07e-09  5008s
 111   1.54711477e+00  1.54759101e+00  1.11e-05 2.24e-09  8.26e-10  5054s
 112   1.54712909e+00  1.54759068e+00  1.07e-05 4.56e-10  7.98e-10  5085s
 113   1.54713250e+00  1.54759008e+00  1.07e-05 4.11e-10  7.88e-10  5126s
 114   1.54716367e+00  1.54758964e+00  9.93e-06 3.65e-10  7.32e-10  5166s
 115   1.54716761e+00  1.54758916e+00  9.83e-06 1.20e-09  7.23e-10  5205s
 116   1.54716852e+00  1.54758832e+00  9.81e-06 5.56e-10  7.17e-10  5253s
 117   1.54717286e+00  1.54758744e+00  9.71e-06 2.87e-10  7.05e-10  5291s
 118   1.54717299e+00  1.54758699e+00  9.71e-06 1.24e-09  7.03e-10  5335s
 119   1.54718058e+00  1.54758668e+00  9.52e-06 4.07e-10  6.89e-10  5372s
 120   1.54718754e+00  1.54758645e+00  9.35e-06 3.99e-10  6.76e-10  5416s
 121   1.54729048e+00  1.54758615e+00  6.91e-06 3.34e-10  5.05e-10  5469s
 122   1.54730255e+00  1.54758603e+00  6.88e-06 2.41e-08  4.84e-10  5513s
 123   1.54731521e+00  1.54758524e+00  6.57e-06 1.66e-08  4.58e-10  5570s
 124   1.54731535e+00  1.54758482e+00  6.57e-06 1.27e-08  4.55e-10  5611s
 125   1.54737231e+00  1.54758456e+00  5.17e-06 1.04e-08  3.60e-10  5662s
 126   1.54739011e+00  1.54758426e+00  4.73e-06 8.91e-09  3.30e-10  5713s
 127   1.54739040e+00  1.54758412e+00  4.73e-06 8.43e-09  3.28e-10  5760s
 128   1.54746019e+00  1.54758397e+00  2.99e-06 4.65e-09  2.12e-10  5847s
 129   1.54746115e+00  1.54758347e+00  2.97e-06 8.63e-10  2.08e-10  5889s
 130   1.54746194e+00  1.54758344e+00  2.95e-06 2.57e-09  2.06e-10  5954s
 131   1.54746376e+00  1.54758342e+00  2.91e-06 3.83e-09  2.03e-10  6019s
 132   1.54746378e+00  1.54758327e+00  2.90e-06 5.88e-09  2.02e-10  6060s
 133   1.54746394e+00  1.54758310e+00  2.89e-06 4.77e-09  2.01e-10  6117s
 134   1.54746397e+00  1.54758310e+00  2.89e-06 5.71e-09  2.01e-10  6157s
 135   1.54746598e+00  1.54758310e+00  2.87e-06 4.45e-09  1.98e-10  6213s
 136   1.54746598e+00  1.54758268e+00  2.87e-06 3.02e-09  1.96e-10  6263s
 137   1.54746602e+00  1.54758238e+00  2.87e-06 1.79e-09  1.95e-10  6325s
 138   1.54748038e+00  1.54758235e+00  2.52e-06 3.25e-09  1.71e-10  6391s
 139   1.54748094e+00  1.54758234e+00  2.50e-06 1.28e-09  1.70e-10  6439s
 140   1.54748150e+00  1.54758212e+00  2.49e-06 7.55e-10  1.68e-10  6480s
 141   1.54749413e+00  1.54758210e+00  2.18e-06 2.94e-10  1.47e-10  6529s
 142   1.54749414e+00  1.54758209e+00  2.18e-06 1.25e-09  1.47e-10  6585s
 143   1.54749414e+00  1.54758338e+00  2.18e-06 5.15e-08  1.49e-10  6641s
 144   1.54749507e+00  1.54758329e+00  2.15e-06 2.22e-09  1.47e-10  6682s
 145   1.54749887e+00  1.54758256e+00  2.05e-06 3.51e-10  1.40e-10  6752s
 146   1.54751435e+00  1.54758212e+00  1.70e-06 4.47e-09  1.13e-10  6804s
 147   1.54751768e+00  1.54758184e+00  1.61e-06 2.63e-09  1.07e-10  6859s
 148   1.54751972e+00  1.54758159e+00  1.55e-06 1.85e-09  1.03e-10  6916s
 149   1.54752390e+00  1.54758155e+00  1.44e-06 8.76e-10  9.63e-11  6984s
 150   1.54752390e+00  1.54758148e+00  1.44e-06 1.34e-08  9.62e-11  7025s
 151   1.54752430e+00  1.54758148e+00  1.44e-06 1.42e-08  9.55e-11  7077s
 152   1.54752512e+00  1.54758149e+00  1.44e-06 1.39e-08  9.42e-11  7157s
 153   1.54752514e+00  1.54758170e+00  1.47e-06 1.75e-08  9.46e-11  7245s
 154   1.54752927e+00  1.54758162e+00  3.66e-06 1.94e-07  8.85e-11  7278s
 155   1.54752937e+00  1.54758135e+00  3.65e-06 1.14e-07  8.78e-11  7375s
 156   1.54752941e+00  1.54758121e+00  3.65e-06 7.49e-08  8.75e-11  7520s
 157   1.54753124e+00  1.54758119e+00  3.52e-06 7.49e-08  8.44e-11  7592s
 158   1.54753404e+00  1.54758110e+00  3.32e-06 5.15e-08  7.94e-11  7644s
 159   1.54753681e+00  1.54758102e+00  3.12e-06 3.34e-08  7.46e-11  7703s
 160   1.54757023e+00  1.54758101e+00  7.55e-07 2.40e-08  1.82e-11  7780s
 161   1.54757024e+00  1.54758100e+00  7.54e-07 3.80e-08  1.82e-11  7838s
 162   1.54757047e+00  1.54758093e+00  7.39e-07 1.90e-08  1.77e-11  7897s
 163   1.54757066e+00  1.54758090e+00  7.26e-07 9.57e-09  1.73e-11  7942s
 164   1.54757075e+00  1.54758089e+00  7.20e-07 4.87e-09  1.71e-11  7998s
 165   1.54757081e+00  1.54758087e+00  7.15e-07 2.48e-09  1.70e-11  8031s
 166   1.54757082e+00  1.54758088e+00  7.14e-07 1.69e-09  1.70e-11  8098s
 167   1.54757147e+00  1.54758086e+00  6.68e-07 2.58e-09  1.59e-11  8155s
 168   1.54757178e+00  1.54758086e+00  6.46e-07 1.31e-09  1.53e-11  8197s
 169   1.54757178e+00  1.54758086e+00  6.46e-07 1.29e-09  1.53e-11  8226s
 170   1.54757179e+00  1.54758088e+00  6.45e-07 1.37e-09  1.54e-11  8264s
 171   1.54757199e+00  1.54758088e+00  6.31e-07 1.37e-09  1.50e-11  8324s
 172   1.54757451e+00  1.54758087e+00  4.52e-07 6.89e-10  1.08e-11  8417s
 173   1.54757452e+00  1.54758087e+00  4.51e-07 5.43e-10  1.07e-11  8445s
 174   1.54757467e+00  1.54758086e+00  4.41e-07 1.01e-09  1.05e-11  8489s
 175   1.54757470e+00  1.54758086e+00  4.38e-07 4.44e-10  1.04e-11  8518s
 176   1.54757538e+00  1.54758087e+00  3.90e-07 7.75e-10  9.27e-12  8550s
 177   1.54757548e+00  1.54758086e+00  3.83e-07 8.16e-10  9.11e-12  8589s
 178   1.54757582e+00  1.54758086e+00  3.59e-07 7.83e-10  8.53e-12  8646s
 179   1.54757597e+00  1.54758087e+00  3.48e-07 9.08e-10  8.27e-12  8702s
 180   1.54757616e+00  1.54758086e+00  3.35e-07 6.43e-10  7.96e-12  8737s
 181   1.54757618e+00  1.54758087e+00  3.33e-07 6.11e-10  7.94e-12  8784s
 182   1.54757652e+00  1.54758087e+00  3.09e-07 3.91e-10  7.35e-12  8811s
 183   1.54757712e+00  1.54758087e+00  2.66e-07 6.13e-10  6.35e-12  8846s
 184   1.54757747e+00  1.54758087e+00  2.41e-07 5.12e-10  5.76e-12  8893s
 185   1.54757747e+00  1.54758087e+00  2.41e-07 6.75e-10  5.76e-12  8927s
 186   1.54757753e+00  1.54758101e+00  2.39e-07 1.26e-09  5.94e-12  8950s
 187   1.54757757e+00  1.54758101e+00  2.35e-07 8.89e-10  5.87e-12  8980s
 188   1.54757774e+00  1.54758101e+00  2.23e-07 1.83e-09  5.57e-12  9010s
 189   1.54757829e+00  1.54758099e+00  1.85e-07 2.90e-09  4.60e-12  9033s
 190   1.54757845e+00  1.54758097e+00  1.73e-07 2.12e-09  4.29e-12  9059s
 191   1.54757858e+00  1.54758095e+00  1.63e-07 1.94e-09  4.05e-12  9093s
 192   1.54757867e+00  1.54758095e+00  1.58e-07 3.74e-09  3.90e-12  9129s
 193   1.54757929e+00  1.54758093e+00  1.13e-07 4.40e-09  2.83e-12  9169s
 194   1.54757962e+00  1.54758089e+00  9.21e-08 2.87e-09  2.20e-12  9194s
 195   1.54758044e+00  1.54758089e+00  3.38e-08 4.17e-09  8.09e-13  9244s
 196   1.54758059e+00  1.54758089e+00  4.22e-08 3.32e-09  5.53e-13  9263s
 197   1.54758064e+00  1.54758089e+00  2.74e-08 3.53e-09  4.53e-13  9280s
 198   1.54758065e+00  1.54758087e+00  2.06e-08 1.14e-09  4.14e-13  9304s
 199   1.54758070e+00  1.54758087e+00  2.52e-08 3.67e-09  3.18e-13  9337s
 200   1.54758074e+00  1.54758086e+00  1.86e-08 1.35e-08  2.37e-13  9361s
 201   1.54758074e+00  1.54758086e+00  1.85e-08 1.22e-08  2.34e-13  9393s
 202   1.54758074e+00  1.54758087e+00  1.81e-08 1.16e-08  2.29e-13  9412s
 203   1.54758075e+00  1.54758087e+00  3.92e-08 1.23e-08  2.13e-13  9435s

Barrier solved model in 203 iterations and 9435.51 seconds (5817.11 work units)
Optimal objective 1.54758075e+00

