Set parameter Username
Academic license - for non-commercial use only - expires 2027-02-09
Set parameter Threads to value 4
Set parameter Method to value 2
Set parameter BarOrder to value 1
Set parameter BarHomogeneous to value 1
Set parameter NumericFocus to value 2
Set parameter Crossover to value 0
Gurobi Optimizer version 9.5.1 build v9.5.1rc2 (linux64)
Thread count: 32 physical cores, 64 logical processors, using up to 4 threads
Optimize a model with 1537950 rows, 1008674 columns and 8321819 nonzeros
Model fingerprint: 0x14ff328f
Coefficient statistics:
  Matrix range     [1e-04, 3e+00]
  Objective range  [1e+00, 1e+00]
  Bounds range     [0e+00, 0e+00]
  RHS range        [1e-03, 1e+00]
Presolve removed 538640 rows and 853565 columns (presolve time = 5s) ...
Presolve removed 642344 rows and 853565 columns
Presolve time: 6.35s
Presolved: 895606 rows, 155109 columns, 5680211 nonzeros
Ordering time: 0.75s

Barrier statistics:
 Dense cols : 199
 AA' NZ     : 1.447e+07
 Factor NZ  : 1.991e+07 (roughly 600 MB of memory)
 Factor Ops : 9.363e+08 (less than 1 second per iteration)
 Threads    : 4

                  Objective                Residual
Iter       Primal          Dual         Primal    Dual     Compl     Time
   0   9.58110184e+00  1.25000000e+02  1.37e+07 6.25e-02  1.00e+06   240s
   1   9.58110184e-01  1.13495940e+06  9.58e+06 2.44e+02  4.86e+05   242s
   2   6.52194817e+00  1.88194861e+06  8.35e+06 1.44e+02  3.36e+05   243s
   3   3.03603804e+01  8.44889863e+05  5.96e+06 7.49e+01  2.23e+05   245s
   4   2.61810473e+01  5.65363092e+05  3.27e+06 4.97e+01  9.29e+04   248s
   5   1.73354051e+01  2.90373649e+05  1.57e+06 2.46e+01  2.42e+04   250s
   6   2.32708450e+00  1.75805362e+04  2.15e+04 1.75e+00  2.67e+01   251s
   7   1.98301017e+00  3.03029010e+03  2.21e+03 3.00e-01  8.17e-01   254s
   8   1.94730629e+00  7.56833268e+02  4.73e+02 7.27e-02  1.19e-01   257s
   9   1.94077094e+00  3.33561039e+02  1.48e+02 3.18e-02  3.86e-02   260s
  10   1.93905636e+00  1.57829689e+02  7.28e+01 1.50e-02  1.80e-02   262s
  11   1.93892679e+00  1.17970270e+02  5.52e+01 1.12e-02  1.34e-02   264s
  12   1.93895694e+00  1.05659046e+02  4.96e+01 9.98e-03  1.21e-02   266s
  13   1.93923053e+00  9.61605385e+01  4.57e+01 9.04e-03  1.14e-02   269s
  14   1.94081693e+00  8.93916418e+01  3.67e+01 8.41e-03  1.04e-02   272s
  15   1.93603482e+00  6.57943573e+01  3.30e+01 5.99e-03  1.02e-02   275s
  16   1.89479975e+00  3.63888279e+01  2.79e+01 3.15e-03  9.92e-03   279s
  17   1.87070117e+00  2.27605657e+01  2.47e+01 1.98e-03  7.54e-03   282s
  18   1.84658355e+00  1.87995672e+01  2.16e+01 1.67e-03  6.38e-03   285s
  19   1.81502110e+00  1.26419627e+01  1.79e+01 1.01e-03  4.48e-03   287s
  20   1.78387946e+00  8.53830518e+00  1.43e+01 6.10e-04  3.14e-03   290s
  21   1.71143497e+00  6.16351945e+00  7.45e+00 4.03e-04  1.65e-03   293s
  22   1.66109910e+00  5.02324655e+00  4.89e+00 3.05e-04  1.13e-03   297s
  23   1.61722008e+00  4.00691328e+00  3.32e+00 2.16e-04  7.80e-04   299s
  24   1.57475290e+00  3.44396091e+00  2.40e+00 1.69e-04  5.89e-04   301s
  25   1.55434404e+00  3.01189832e+00  2.01e+00 1.33e-04  4.70e-04   303s
  26   1.51136028e+00  2.60917056e+00  1.40e+00 9.87e-05  3.39e-04   306s
  27   1.48829476e+00  2.17147677e+00  1.03e+00 6.09e-05  2.08e-04   310s
  28   1.45938636e+00  2.01184415e+00  4.63e-01 4.73e-05  1.22e-04   313s
  29   1.44980268e+00  1.84394802e+00  2.92e-01 3.33e-05  7.61e-05   317s
  30   1.44737498e+00  1.65016999e+00  2.41e-01 1.74e-05  3.87e-05   321s
  31   1.45028275e+00  1.52378428e+00  2.62e-02 6.35e-06  9.94e-06   325s
  32   1.46066584e+00  1.50511467e+00  1.17e-02 3.89e-06  5.61e-06   331s
  33   1.46748773e+00  1.49774532e+00  9.04e-03 2.34e-06  3.27e-06   339s
  34   1.47186082e+00  1.49755525e+00  7.69e-03 1.72e-06  2.38e-06   347s
  35   1.47861616e+00  1.49795374e+00  6.55e-03 1.63e-06  2.13e-06   355s
  36   1.48313404e+00  1.50027893e+00  5.62e-03 1.33e-06  1.69e-06   363s
  37   1.49283678e+00  1.50140534e+00  4.15e-03 1.23e-06  1.42e-06   375s
  38   1.50135655e+00  1.50944617e+00  3.04e-03 7.80e-07  8.70e-07   392s
  39   1.50869652e+00  1.51659523e+00  2.30e-03 5.05e-07  5.62e-07   411s
  40   1.51558619e+00  1.52042265e+00  1.75e-03 4.12e-07  4.40e-07   431s
  41   1.52179030e+00  1.52658195e+00  1.35e-03 3.00e-07  3.38e-07   455s
  42   1.52761007e+00  1.53134933e+00  1.01e-03 2.31e-07  2.69e-07   481s
  43   1.53186576e+00  1.53551906e+00  7.95e-04 1.77e-07  2.21e-07   509s
  44   1.53595879e+00  1.53904409e+00  6.08e-04 1.34e-07  1.79e-07   518s
  45   1.53741565e+00  1.54227066e+00  5.49e-04 9.61e-08  1.51e-07   536s
  46   1.54046880e+00  1.54462335e+00  4.15e-04 6.78e-08  1.13e-07   542s
  47   1.54178098e+00  1.54654419e+00  3.48e-04 4.08e-08  8.57e-08   547s
  48   1.54305369e+00  1.54729733e+00  2.84e-04 2.73e-08  6.58e-08   553s
  49   1.54427364e+00  1.54737949e+00  2.17e-04 2.49e-08  5.40e-08   559s
  50   1.54484191e+00  1.54770200e+00  1.89e-04 1.96e-08  4.56e-08   562s
  51   1.54576059e+00  1.54806381e+00  1.43e-04 1.17e-08  3.17e-08   568s
  52   1.54644316e+00  1.54832025e+00  1.08e-04 6.41e-09  2.21e-08   575s
  53   1.54662582e+00  1.54837255e+00  9.81e-05 4.54e-09  1.89e-08   580s
  54   1.54700824e+00  1.54839890e+00  7.74e-05 2.95e-09  1.43e-08   586s
  55   1.54701818e+00  1.54840264e+00  7.68e-05 2.23e-09  1.34e-08   589s
  56   1.54707344e+00  1.54840282e+00  7.38e-05 2.02e-09  1.27e-08   591s
  57   1.54729376e+00  1.54840887e+00  6.14e-05 1.49e-09  1.04e-08   596s
  58   1.54731844e+00  1.54840684e+00  6.00e-05 1.39e-09  1.01e-08   601s
  59   1.54746030e+00  1.54842075e+00  5.18e-05 1.02e-09  8.64e-09   607s
  60   1.54756280e+00  1.54841821e+00  4.61e-05 2.56e-09  7.46e-09   612s
  61   1.54756731e+00  1.54842198e+00  4.59e-05 2.17e-09  7.29e-09   618s
  62   1.54762965e+00  1.54842128e+00  4.24e-05 3.19e-09  6.72e-09   625s
  63   1.54764682e+00  1.54842253e+00  4.15e-05 2.65e-09  6.48e-09   632s
  64   1.54765280e+00  1.54842178e+00  4.12e-05 1.96e-09  6.35e-09   637s
  65   1.54765384e+00  1.54842103e+00  4.11e-05 2.13e-09  6.29e-09   642s
  66   1.54766180e+00  1.54842021e+00  4.07e-05 2.37e-09  6.18e-09   647s
  67   1.54768176e+00  1.54841875e+00  3.95e-05 3.66e-10  5.98e-09   654s
  68   1.54774053e+00  1.54841788e+00  3.63e-05 3.34e-10  5.48e-09   661s
  69   1.54774161e+00  1.54841844e+00  3.62e-05 3.69e-10  5.45e-09   666s
  70   1.54782712e+00  1.54841729e+00  3.16e-05 2.84e-10  4.72e-09   675s
  71   1.54783091e+00  1.54841605e+00  3.14e-05 6.30e-10  4.64e-09   681s
  72   1.54784647e+00  1.54841442e+00  3.05e-05 6.21e-10  4.49e-09   687s
  73   1.54785897e+00  1.54841231e+00  2.98e-05 4.62e-10  4.35e-09   694s
  74   1.54786050e+00  1.54841195e+00  2.97e-05 5.46e-10  4.33e-09   699s
  75   1.54786225e+00  1.54841207e+00  2.96e-05 7.56e-10  4.32e-09   703s
  76   1.54787582e+00  1.54841169e+00  2.89e-05 6.82e-10  4.21e-09   708s
  77   1.54789501e+00  1.54841032e+00  2.78e-05 4.69e-10  4.03e-09   716s
  78   1.54790141e+00  1.54840922e+00  2.75e-05 3.30e-10  3.97e-09   724s
  79   1.54790965e+00  1.54840863e+00  2.70e-05 2.67e-10  3.89e-09   730s
  80   1.54791194e+00  1.54840796e+00  2.69e-05 2.61e-10  3.87e-09   734s
  81   1.54793013e+00  1.54840760e+00  2.59e-05 2.37e-10  3.72e-09   740s
  82   1.54793780e+00  1.54840712e+00  2.55e-05 2.37e-10  3.66e-09   747s
  83   1.54793790e+00  1.54840669e+00  2.55e-05 3.61e-10  3.65e-09   752s
  84   1.54794033e+00  1.54840636e+00  2.54e-05 3.53e-10  3.63e-09   757s
  85   1.54794082e+00  1.54840662e+00  2.53e-05 3.13e-10  3.63e-09   761s
  86   1.54794117e+00  1.54840662e+00  2.53e-05 4.15e-10  3.62e-09   767s
  87   1.54794237e+00  1.54840692e+00  2.53e-05 4.44e-10  3.62e-09   773s
  88   1.54794396e+00  1.54840683e+00  2.52e-05 4.04e-10  3.60e-09   778s
  89   1.54796224e+00  1.54840695e+00  2.42e-05 4.68e-10  3.46e-09   784s
  90   1.54796939e+00  1.54840704e+00  2.38e-05 3.26e-10  3.41e-09   789s
  91   1.54798708e+00  1.54840690e+00  2.28e-05 4.37e-10  3.27e-09   795s
  92   1.54799586e+00  1.54840690e+00  2.23e-05 4.24e-10  3.20e-09   799s
  93   1.54800799e+00  1.54840692e+00  2.17e-05 5.52e-10  3.10e-09   806s
  94   1.54800800e+00  1.54840796e+00  2.17e-05 2.56e-10  3.11e-09   812s
  95   1.54801083e+00  1.54840797e+00  2.15e-05 2.64e-10  3.09e-09   817s
  96   1.54801135e+00  1.54840719e+00  2.15e-05 2.13e-10  3.08e-09   823s
  97   1.54801427e+00  1.54840666e+00  2.13e-05 3.03e-10  3.05e-09   827s
  98   1.54808694e+00  1.54840571e+00  1.73e-05 2.07e-10  2.48e-09   834s
  99   1.54808931e+00  1.54840525e+00  1.72e-05 1.61e-10  2.45e-09   842s
 100   1.54809199e+00  1.54840496e+00  1.71e-05 1.37e-10  2.43e-09   847s
 101   1.54809844e+00  1.54840468e+00  1.67e-05 1.13e-10  2.38e-09   854s
 102   1.54810264e+00  1.54840442e+00  1.65e-05 9.10e-11  2.34e-09   860s
 103   1.54810305e+00  1.54840403e+00  1.65e-05 1.33e-10  2.34e-09   867s
 104   1.54810344e+00  1.54840406e+00  1.64e-05 2.25e-10  2.34e-09   871s
 105   1.54823852e+00  1.54840387e+00  9.04e-06 1.86e-10  1.29e-09   877s
 106   1.54823928e+00  1.54840377e+00  9.00e-06 1.18e-10  1.28e-09   886s
 107   1.54834157e+00  1.54840474e+00  3.39e-06 2.22e-10  4.95e-10   892s
 108   1.54834559e+00  1.54840470e+00  3.15e-06 5.54e-10  4.63e-10   899s
 109   1.54834658e+00  1.54840444e+00  3.10e-06 1.22e-09  4.53e-10   908s
 110   1.54834727e+00  1.54840363e+00  3.06e-06 6.57e-10  4.42e-10   914s
 111   1.54838236e+00  1.54840353e+00  1.11e-06 2.29e-10  1.66e-10   919s
 112   1.54839750e+00  1.54840272e+00  4.28e-06 5.72e-09  4.44e-11   926s
 113   1.54839876e+00  1.54840249e+00  3.96e-06 8.59e-09  3.20e-11   937s
 114   1.54839876e+00  1.54840250e+00  3.96e-06 1.76e-07  3.19e-11   947s
 115   1.54840077e+00  1.54840250e+00  1.66e-06 1.74e-07  1.46e-11   956s
 116   1.54840085e+00  1.54840245e+00  1.57e-06 3.23e-09  1.37e-11   964s
 117   1.54840092e+00  1.54840231e+00  1.49e-06 2.81e-09  1.20e-11   968s
 118   1.54840168e+00  1.54840223e+00  3.43e-06 2.19e-08  4.78e-12   974s
 119   1.54840174e+00  1.54840222e+00  3.06e-06 1.71e-08  4.17e-12   983s
 120   1.54840207e+00  1.54840221e+00  8.55e-07 4.53e-08  1.17e-12   991s
 121   1.54840207e+00  1.54840221e+00  8.52e-07 3.72e-08  1.16e-12   994s
 122   1.54840208e+00  1.54840221e+00  8.38e-07 3.75e-08  1.14e-12   997s
 123   1.54840208e+00  1.54840221e+00  7.94e-07 3.33e-08  1.08e-12  1002s

Barrier solved model in 123 iterations and 1002.30 seconds (613.84 work units)
Optimal objective 1.54840208e+00

