Set parameter Username
Academic license - for non-commercial use only - expires 2027-02-09
Set parameter Threads to value 4
Set parameter Method to value 2
Set parameter BarOrder to value 1
Set parameter BarHomogeneous to value 1
Set parameter NumericFocus to value 2
Set parameter Crossover to value 0
Gurobi Optimizer version 9.5.1 build v9.5.1rc2 (linux64)
Thread count: 32 physical cores, 64 logical processors, using up to 4 threads
Optimize a model with 595638 rows, 237202 columns and 3538660 nonzeros
Model fingerprint: 0x6baa9b07
Coefficient statistics:
  Matrix range     [1e-04, 3e+00]
  Objective range  [1e+00, 1e+00]
  Bounds range     [0e+00, 0e+00]
  RHS range        [1e-03, 1e+00]
Presolve removed 196429 rows and 205479 columns
Presolve time: 2.29s
Presolved: 40773 rows, 390159 columns, 2734176 nonzeros
Ordering time: 0.15s

Barrier statistics:
 Dense cols : 75
 AA' NZ     : 2.966e+05
 Factor NZ  : 9.439e+05 (roughly 180 MB of memory)
 Factor Ops : 5.259e+07 (less than 1 second per iteration)
 Threads    : 4

                  Objective                Residual
Iter       Primal          Dual         Primal    Dual     Compl     Time
   0   4.15516176e+06  0.00000000e+00  8.13e+07 0.00e+00  1.00e+06     3s
   1   3.21403438e+06  3.06592666e+01  6.26e+07 7.87e+02  7.96e+05     4s
   2   2.49589867e+06  9.66675426e+00  4.85e+07 6.72e+02  6.23e+05     4s
   3   2.08887790e+06  4.80217469e+00  4.05e+07 5.54e+02  5.23e+05     5s
   4   1.69760658e+06  1.00501119e+00  3.28e+07 4.67e+02  4.09e+05     6s
   5   1.37852976e+06 -2.46604939e-01  2.66e+07 4.47e+02  3.34e+05     6s
   6   1.18858288e+06 -8.84644357e-01  2.28e+07 3.85e+02  2.59e+05     7s
   7   8.71995695e+05 -1.40013867e+00  1.65e+07 2.92e+02  1.56e+05     8s
   8   6.66457270e+05 -1.55256917e+00  1.25e+07 2.32e+02  1.02e+05     9s
   9   4.76658179e+05 -1.42878329e+00  8.91e+06 1.74e+02  5.93e+04     9s
  10   3.16881854e+05 -1.19279865e+00  5.88e+06 1.20e+02  2.96e+04    10s
  11   1.92392713e+05 -9.63980670e-01  3.55e+06 8.44e+01  1.38e+04    11s
  12   1.54479031e+05 -7.83519832e-01  2.85e+06 6.51e+01  9.11e+03    12s
  13   1.14094075e+05 -6.38196121e-01  2.10e+06 5.08e+01  5.43e+03    12s
  14   7.17836678e+04 -5.47070993e-01  1.32e+06 4.30e+01  3.11e+03    13s
  15   6.62347755e+04 -4.56605740e-01  1.22e+06 3.51e+01  2.47e+03    14s
  16   5.76727615e+04 -4.16823642e-01  1.06e+06 3.11e+01  2.01e+03    15s
  17   4.48572929e+04 -3.24339319e-01  8.23e+05 2.32e+01  1.30e+03    15s
  18   3.03604487e+04 -2.26259879e-01  5.56e+05 1.62e+01  6.68e+02    16s
  19   1.93845143e+04 -1.14508961e-01  3.55e+05 8.88e+00  2.56e+02    17s
  20   7.80121230e+03 -2.99480699e-02  1.43e+05 3.43e+00  4.55e+01    18s
  21   4.07741737e+03 -1.56622556e-02  7.45e+04 1.95e+00  1.54e+01    19s
  22   2.57713793e+03 -1.17158462e-02  4.71e+04 1.17e+00  6.56e+00    20s
  23   1.85410866e+03 -9.28377624e-03  3.39e+04 7.15e-01  3.39e+00    20s
  24   1.47456802e+03 -6.58980985e-03  2.69e+04 5.15e-01  2.35e+00    21s
  25   9.02520152e+02 -6.12358026e-03  1.65e+04 4.77e-01  1.59e+00    22s
  26   5.35357780e+02  1.69680104e-03  9.78e+03 1.44e-01  4.64e-01    23s
  27   2.78139260e+02  3.30958457e-03  5.08e+03 1.13e-01  2.50e-01    24s
  28   1.74343723e+02  2.50432075e-03  3.18e+03 7.33e-02  1.37e-01    25s
  29   1.35246304e+02  6.43329561e-03  2.47e+03 2.36e-02  7.15e-02    25s
  30   9.57785973e+01  1.03164419e-02  1.75e+03 1.07e-02  4.31e-02    26s
  31   7.01176542e+01  1.68688388e-02  1.28e+03 8.33e-03  3.07e-02    27s
  32   4.87395211e+01  6.07442846e-02  8.86e+02 5.54e-03  1.97e-02    28s
  33   4.17846914e+01  3.88936808e-01  7.54e+02 2.83e-03  1.25e-02    28s
  34   3.48680938e+01  5.96299093e-01  6.24e+02 1.57e-03  8.24e-03    28s
  35   2.33785342e+01  8.35926351e-01  4.02e+02 5.25e-04  4.04e-03    29s
  36   1.13979474e+01  1.04433220e+00  1.60e+02 9.78e-05  1.41e-03    29s
  37   8.67564175e+00  1.12280260e+00  1.12e+02 5.71e-05  9.22e-04    30s
  38   5.14885083e+00  1.27597212e+00  5.22e+01 1.55e-05  3.53e-04    30s
  39   3.98960872e+00  1.40307266e+00  3.82e+01 2.75e-06  1.68e-04    31s
  40   3.24039177e+00  1.43503440e+00  2.96e+01 1.57e-06  1.07e-04    31s
  41   2.77922555e+00  1.45748643e+00  2.36e+01 1.12e-06  7.23e-05    32s
  42   2.50309631e+00  1.47070686e+00  1.88e+01 9.10e-07  5.43e-05    32s
  43   2.39633745e+00  1.47961376e+00  1.72e+01 8.34e-07  4.65e-05    33s
  44   2.33687778e+00  1.48707266e+00  1.62e+01 7.70e-07  4.16e-05    33s
  45   2.27022705e+00  1.49424364e+00  1.49e+01 7.02e-07  3.67e-05    34s
  46   2.22989717e+00  1.50275813e+00  1.42e+01 5.93e-07  3.33e-05    34s
  47   2.16860037e+00  1.52877699e+00  1.27e+01 4.03e-07  3.41e-05    35s
  48   2.06103635e+00  1.54170142e+00  1.00e+01 3.32e-07  3.18e-05    36s
  49   2.05338973e+00  1.54437272e+00  9.82e+00 3.20e-07  3.15e-05    36s
  50   2.04937013e+00  1.54709978e+00  9.73e+00 3.06e-07  3.15e-05    37s
  51   1.99350548e+00  1.55450779e+00  8.37e+00 2.75e-07  2.91e-05    38s
  52   1.98751751e+00  1.57582056e+00  8.22e+00 1.91e-07  2.85e-05    39s
  53   1.87483296e+00  1.59445251e+00  5.31e+00 1.45e-07  2.22e-05    39s
  54   1.85105845e+00  1.60411407e+00  4.72e+00 1.12e-07  2.01e-05    40s
  55   1.82606344e+00  1.61076378e+00  4.11e+00 9.05e-08  1.80e-05    41s
  56   1.77171201e+00  1.62290230e+00  2.83e+00 5.43e-08  1.30e-05    42s
  57   1.76441727e+00  1.63148003e+00  2.65e+00 4.00e-08  1.14e-05    42s
  58   1.75200935e+00  1.63173559e+00  2.39e+00 3.97e-08  1.03e-05    43s
  59   1.74833504e+00  1.63405001e+00  2.30e+00 3.60e-08  9.58e-06    44s
  60   1.72299562e+00  1.63426127e+00  1.72e+00 3.57e-08  7.64e-06    45s
  61   1.70116204e+00  1.63935175e+00  1.20e+00 2.56e-08  5.10e-06    45s
  62   1.69493533e+00  1.64078362e+00  1.06e+00 2.21e-08  4.38e-06    46s
  63   1.68712291e+00  1.64468043e+00  8.64e-01 1.67e-08  3.13e-06    47s
  64   1.66520139e+00  1.64636975e+00  3.57e-01 9.20e-09  1.45e-06    48s
  65   1.65778564e+00  1.64750978e+00  1.93e-01 5.36e-09  7.89e-07    49s
  66   1.65373525e+00  1.64824013e+00  1.05e-01 2.53e-09  4.10e-07    49s
  67   1.65261618e+00  1.64837330e+00  8.07e-02 2.05e-09  3.17e-07    50s
  68   1.65199700e+00  1.64859530e+00  6.73e-02 1.08e-09  2.44e-07    51s
  69   1.65166584e+00  1.64868444e+00  6.01e-02 6.62e-10  2.09e-07    51s
  70   1.65057645e+00  1.64877047e+00  3.65e-02 2.71e-10  1.26e-07    52s
  71   1.64928358e+00  1.64883889e+00  8.62e-03 8.39e-11  3.24e-08    53s
  72   1.64906644e+00  1.64885725e+00  3.99e-03 3.68e-11  1.55e-08    54s
  73   1.64898134e+00  1.64886466e+00  2.18e-03 2.25e-11  8.80e-09    55s
  74   1.64898711e+00  1.64885879e+00  2.32e-03 6.39e-12  1.06e-08    56s
  75   1.64892538e+00  1.64886411e+00  9.97e-04 4.74e-12  5.46e-09    57s
  76   1.64890184e+00  1.64887210e+00  5.12e-04 1.90e-10  2.66e-09    58s
  77   1.64889162e+00  1.64887273e+00  3.00e-04 2.63e-10  1.82e-09    58s
  78   1.64888811e+00  1.64887514e+00  2.28e-04 4.19e-10  1.19e-09    59s
  79   1.64888541e+00  1.64887592e+00  1.71e-04 2.25e-10  8.66e-10    59s
  80   1.64888160e+00  1.64887675e+00  9.14e-05 1.45e-10  4.47e-10    60s
  81   1.64888094e+00  1.64887702e+00  7.73e-05 6.56e-11  3.51e-10    60s
  82   1.64888009e+00  1.64887714e+00  5.95e-05 3.47e-11  2.64e-10    61s
  83   1.64887781e+00  1.64887724e+00  1.08e-05 7.23e-11  6.36e-11    62s
  84   1.64887763e+00  1.64887731e+00  6.94e-06 3.85e-10  3.53e-11    63s
  85   1.64887762e+00  1.64887731e+00  6.60e-06 2.04e-10  3.25e-11    63s
  86   1.64887761e+00  1.64887732e+00  6.41e-06 1.19e-10  3.11e-11    64s
  87   1.64887751e+00  1.64887732e+00  4.21e-06 6.81e-11  2.03e-11    64s
  88   1.64887739e+00  1.64887732e+00  1.40e-06 5.56e-11  6.78e-12    65s
  89   1.64887737e+00  1.64887732e+00  1.09e-06 3.71e-11  5.27e-12    66s
  90   1.64887735e+00  1.64887732e+00  6.87e-07 2.45e-11  3.30e-12    66s
  91   1.64887734e+00  1.64887732e+00  3.44e-07 1.78e-11  1.65e-12    67s

Barrier solved model in 91 iterations and 66.94 seconds (54.18 work units)
Optimal objective 1.64887734e+00

