Set parameter Username
Academic license - for non-commercial use only - expires 2027-02-09
Set parameter Threads to value 4
Set parameter Method to value 2
Set parameter BarOrder to value 1
Set parameter BarHomogeneous to value 1
Set parameter NumericFocus to value 2
Set parameter Crossover to value 0
Gurobi Optimizer version 9.5.1 build v9.5.1rc2 (linux64)
Thread count: 32 physical cores, 64 logical processors, using up to 4 threads
Optimize a model with 4703264 rows, 4209314 columns and 33052620 nonzeros
Model fingerprint: 0x78b41941
Coefficient statistics:
  Matrix range     [7e-05, 3e+00]
  Objective range  [1e+00, 1e+00]
  Bounds range     [0e+00, 0e+00]
  RHS range        [1e-03, 1e+00]
Presolve removed 981847 rows and 3561219 columns (presolve time = 5s) ...
Presolve removed 2105039 rows and 3570000 columns (presolve time = 11s) ...
Presolve removed 2218240 rows and 3683201 columns (presolve time = 17s) ...
Presolve removed 2456412 rows and 3683202 columns (presolve time = 21s) ...
Presolve removed 2456412 rows and 3683202 columns
Presolve time: 22.92s
Presolved: 2246852 rows, 526112 columns, 15963426 nonzeros
Ordering time: 2.85s

Barrier statistics:
 Dense cols : 285
 AA' NZ     : 5.435e+07
 Factor NZ  : 7.894e+07 (roughly 1.8 GB of memory)
 Factor Ops : 5.725e+09 (less than 1 second per iteration)
 Threads    : 4

                  Objective                Residual
Iter       Primal          Dual         Primal    Dual     Compl     Time
   0   3.31757393e+00  1.25000000e+02  3.10e+07 6.25e-02  1.00e+06  1007s
   1   7.77298294e+00  2.67109806e+06  2.57e+07 6.04e+02  8.23e+05  1012s
   2   6.97784657e+00  3.42504015e+06  2.12e+07 2.26e+02  4.79e+05  1018s
   3   4.01385870e+01  3.20895296e+06  1.32e+07 1.69e+02  3.06e+05  1026s
   4   9.06051204e+00  1.91086340e+05  1.19e+06 1.01e+01  2.45e+03  1034s
   5   5.63449221e+00  5.93736910e+04  4.15e+05 3.17e+00  3.48e+02  1038s
   6   4.68996950e+00  2.17720980e+04  2.43e+05 1.16e+00  1.03e+02  1045s
   7   3.87138374e+00  7.42395236e+03  1.12e+05 3.80e-01  2.65e+01  1053s
   8   3.58594177e+00  2.63313676e+03  7.07e+04 1.26e-01  1.10e+01  1061s
   9   3.28568156e+00  1.09151114e+03  4.37e+04 5.19e-02  5.81e+00  1068s
  10   2.80349450e+00  7.02426888e+02  2.82e+04 3.41e-02  3.79e+00  1074s
  11   2.64519922e+00  5.52446530e+02  2.16e+04 2.76e-02  2.92e+00  1079s
  12   2.85212951e+00  4.31299491e+02  1.51e+04 2.12e-02  2.05e+00  1085s
  13   2.86676123e+00  3.12016721e+02  1.24e+04 1.54e-02  1.63e+00  1090s
  14   2.91644528e+00  1.51200206e+02  9.54e+03 7.33e-03  1.16e+00  1098s
  15   3.02598488e+00  8.01380643e+01  4.99e+03 3.78e-03  5.98e-01  1107s
  16   3.10597865e+00  4.96271891e+01  2.76e+03 2.26e-03  3.18e-01  1115s
  17   3.18752551e+00  3.23001090e+01  2.15e+03 1.40e-03  2.29e-01  1121s
  18   3.27839446e+00  2.43773177e+01  1.63e+03 9.89e-04  1.61e-01  1127s
  19   3.32457892e+00  1.87246950e+01  1.09e+03 6.91e-04  9.30e-02  1134s
  20   3.39058062e+00  1.38439205e+01  5.83e+02 4.59e-04  4.00e-02  1142s
  21   3.34530749e+00  9.79157811e+00  4.58e+02 2.82e-04  2.40e-02  1152s
  22   3.10941787e+00  8.23186400e+00  3.15e+02 2.14e-04  1.52e-02  1164s
  23   2.91108421e+00  6.72530194e+00  2.80e+02 1.60e-04  1.20e-02  1176s
  24   2.42592429e+00  4.96000787e+00  1.83e+02 1.02e-04  6.16e-03  1188s
  25   1.93754732e+00  2.63549407e+00  8.05e+01 3.05e-05  1.18e-03  1199s
  26   1.71445879e+00  1.97593095e+00  2.67e+01 1.08e-05  2.02e-04  1210s
  27   1.66733665e+00  1.88584077e+00  1.49e+01 8.09e-06  9.89e-05  1220s
  28   1.66144794e+00  1.80130037e+00  1.33e+01 5.56e-06  7.05e-05  1229s
  29   1.64286515e+00  1.74721946e+00  7.37e+00 3.71e-06  3.32e-05  1242s
  30   1.64986956e+00  1.71931921e+00  4.73e+00 2.50e-06  1.85e-05  1254s
  31   1.65774705e+00  1.70635286e+00  3.32e+00 1.85e-06  1.20e-05  1267s
  32   1.66288313e+00  1.69882683e+00  2.53e+00 1.43e-06  8.75e-06  1281s
  33   1.66506359e+00  1.69304439e+00  1.96e+00 1.15e-06  6.66e-06  1294s
  34   1.66459042e+00  1.68748607e+00  1.21e+00 9.62e-07  4.61e-06  1310s
  35   1.66097188e+00  1.68266443e+00  1.03e+00 8.07e-07  4.02e-06  1326s
  36   1.65711186e+00  1.67850302e+00  7.73e-01 7.33e-07  3.43e-06  1341s
  37   1.65502324e+00  1.67138143e+00  7.11e-01 5.81e-07  3.06e-06  1360s
  38   1.65274229e+00  1.66502286e+00  6.20e-01 4.67e-07  2.68e-06  1378s
  39   1.64974177e+00  1.66412980e+00  5.30e-01 4.54e-07  2.49e-06  1396s
  40   1.64884437e+00  1.66226392e+00  5.03e-01 4.25e-07  2.38e-06  1415s
  41   1.64782654e+00  1.66107307e+00  4.72e-01 4.03e-07  2.27e-06  1434s
  42   1.64558936e+00  1.65922768e+00  4.04e-01 3.75e-07  2.07e-06  1453s
  43   1.64517497e+00  1.65753854e+00  3.89e-01 3.44e-07  1.97e-06  1475s
  44   1.64436608e+00  1.65472360e+00  3.54e-01 2.93e-07  1.77e-06  1495s
  45   1.64296958e+00  1.65282135e+00  2.54e-01 2.56e-07  1.43e-06  1516s
  46   1.64304174e+00  1.65058895e+00  2.31e-01 1.87e-07  1.19e-06  1538s
  47   1.64282608e+00  1.65050115e+00  2.26e-01 1.81e-07  1.16e-06  1563s
  48   1.64229888e+00  1.64957412e+00  1.86e-01 1.56e-07  9.86e-07  1587s
  49   1.64246311e+00  1.64921276e+00  1.43e-01 1.44e-07  8.27e-07  1613s
  50   1.64218169e+00  1.64876761e+00  1.22e-01 1.31e-07  7.39e-07  1641s
  51   1.64215032e+00  1.64789392e+00  1.09e-01 1.10e-07  6.39e-07  1669s
  52   1.64131693e+00  1.64702301e+00  9.50e-02 9.60e-08  5.59e-07  1700s
  53   1.64124973e+00  1.64669447e+00  8.35e-02 9.07e-08  5.08e-07  1735s
  54   1.64133644e+00  1.64616794e+00  7.06e-02 8.09e-08  4.38e-07  1767s
  55   1.64139037e+00  1.64583526e+00  6.19e-02 7.43e-08  3.91e-07  1796s
  56   1.64148742e+00  1.64545946e+00  5.62e-02 6.63e-08  3.48e-07  1840s
  57   1.64162850e+00  1.64508265e+00  5.08e-02 5.74e-08  3.04e-07  1885s
  58   1.64197741e+00  1.64494342e+00  4.78e-02 5.02e-08  2.71e-07  1928s
  59   1.64302138e+00  1.64547375e+00  4.00e-02 3.45e-08  2.05e-07  1985s
  60   1.64392520e+00  1.64589092e+00  3.14e-02 2.52e-08  1.54e-07  2058s
  61   1.64398367e+00  1.64589571e+00  3.08e-02 2.51e-08  1.52e-07  2084s
  62   1.64411885e+00  1.64596362e+00  2.95e-02 2.37e-08  1.45e-07  2109s
  63   1.64416785e+00  1.64600359e+00  2.90e-02 2.33e-08  1.42e-07  2134s
  64   1.64430293e+00  1.64612147e+00  2.77e-02 2.07e-08  1.32e-07  2186s
  65   1.64434430e+00  1.64612509e+00  2.73e-02 2.06e-08  1.31e-07  2206s
  66   1.64434429e+00  1.64612517e+00  2.73e-02 2.06e-08  1.31e-07  2218s
  67   1.64439717e+00  1.64615717e+00  2.68e-02 2.03e-08  1.28e-07  2241s
  68   1.64453853e+00  1.64617142e+00  2.55e-02 1.99e-08  1.23e-07  2259s
  69   1.64453965e+00  1.64617289e+00  2.55e-02 2.01e-08  1.22e-07  2273s
  70   1.64454006e+00  1.64617235e+00  2.54e-02 1.98e-08  1.22e-07  2291s
  71   1.64454687e+00  1.64617522e+00  2.54e-02 1.96e-08  1.22e-07  2308s
  72   1.64454691e+00  1.64617610e+00  2.54e-02 1.99e-08  1.22e-07  2326s
  73   1.64512570e+00  1.64628924e+00  1.97e-02 1.80e-08  9.78e-08  2360s
  74   1.64512719e+00  1.64629012e+00  1.97e-02 1.82e-08  9.78e-08  2376s
  75   1.64513988e+00  1.64629612e+00  1.96e-02 1.80e-08  9.73e-08  2397s
  76   1.64515656e+00  1.64631567e+00  1.94e-02 1.80e-08  9.60e-08  2424s
  77   1.64515694e+00  1.64631625e+00  1.94e-02 1.80e-08  9.60e-08  2438s
  78   1.64518290e+00  1.64632506e+00  1.92e-02 1.78e-08  9.49e-08  2459s
  79   1.64521743e+00  1.64634872e+00  1.89e-02 1.75e-08  9.29e-08  2507s
  80   1.64527099e+00  1.64640714e+00  1.83e-02 1.66e-08  8.88e-08  2547s
  81   1.64527190e+00  1.64640727e+00  1.83e-02 1.65e-08  8.87e-08  2562s
  82   1.64547419e+00  1.64642544e+00  1.63e-02 1.63e-08  8.10e-08  2579s
  83   1.64559820e+00  1.64654590e+00  1.50e-02 1.35e-08  7.19e-08  2603s
  84   1.64559845e+00  1.64654597e+00  1.50e-02 1.35e-08  7.19e-08  2620s
  85   1.64560046e+00  1.64654675e+00  1.50e-02 1.36e-08  7.18e-08  2636s
  86   1.64566393e+00  1.64661761e+00  1.43e-02 1.41e-08  6.69e-08  2661s
  87   1.64566551e+00  1.64661813e+00  1.43e-02 1.42e-08  6.69e-08  2680s
  88   1.64567958e+00  1.64662158e+00  1.42e-02 1.41e-08  6.62e-08  2697s
  89   1.64568083e+00  1.64662203e+00  1.42e-02 1.42e-08  6.62e-08  2715s
  90   1.64571889e+00  1.64664028e+00  1.38e-02 1.24e-08  6.41e-08  2732s
  91   1.64571892e+00  1.64664025e+00  1.38e-02 1.24e-08  6.41e-08  2760s
  92   1.64577352e+00  1.64665078e+00  1.32e-02 1.22e-08  6.17e-08  2780s
  93   1.64583028e+00  1.64665373e+00  1.26e-02 1.21e-08  5.93e-08  2796s
  94   1.64583033e+00  1.64665392e+00  1.26e-02 1.21e-08  5.93e-08  2809s
  95   1.64583517e+00  1.64665586e+00  1.25e-02 1.20e-08  5.91e-08  2827s
  96   1.64590172e+00  1.64668601e+00  1.18e-02 1.11e-08  5.54e-08  2862s
  97   1.64597986e+00  1.64670107e+00  1.09e-02 1.07e-08  5.16e-08  2897s
  98   1.64597942e+00  1.64670007e+00  1.09e-02 1.07e-08  5.16e-08  2918s
  99   1.64597987e+00  1.64670099e+00  1.09e-02 1.10e-08  5.16e-08  2940s
 100   1.64619107e+00  1.64672448e+00  8.74e-03 1.03e-08  4.27e-08  2994s
 101   1.64623580e+00  1.64676091e+00  8.22e-03 9.27e-09  3.89e-08  3016s
 102   1.64625689e+00  1.64676593e+00  7.96e-03 9.22e-09  3.76e-08  3048s
 103   1.64630673e+00  1.64676809e+00  7.30e-03 9.08e-09  3.51e-08  3068s
 104   1.64630742e+00  1.64676887e+00  7.29e-03 9.10e-09  3.50e-08  3088s
 105   1.64631451e+00  1.64677159e+00  7.20e-03 8.87e-09  3.44e-08  3111s
 106   1.64637341e+00  1.64677409e+00  6.46e-03 8.99e-09  3.16e-08  3133s
 107   1.64639067e+00  1.64677634e+00  6.23e-03 9.11e-09  3.06e-08  3149s
 108   1.64641351e+00  1.64678124e+00  5.92e-03 9.22e-09  2.90e-08  3171s
 109   1.64641386e+00  1.64678145e+00  5.92e-03 9.33e-09  2.90e-08  3186s
 110   1.64642419e+00  1.64678392e+00  5.79e-03 9.57e-09  2.83e-08  3211s
 111   1.64643865e+00  1.64678665e+00  5.59e-03 9.79e-09  2.73e-08  3244s
 112   1.64643865e+00  1.64678669e+00  5.59e-03 9.87e-09  2.73e-08  3261s
 113   1.64644880e+00  1.64678787e+00  5.46e-03 9.61e-09  2.67e-08  3273s
 114   1.64644873e+00  1.64678747e+00  5.45e-03 9.08e-09  2.67e-08  3292s
 115   1.64645102e+00  1.64678761e+00  5.42e-03 8.99e-09  2.65e-08  3309s
 116   1.64645741e+00  1.64678815e+00  5.34e-03 9.06e-09  2.62e-08  3336s
 117   1.64653206e+00  1.64681288e+00  4.32e-03 5.50e-09  2.02e-08  3386s
 118   1.64654317e+00  1.64681319e+00  4.16e-03 5.40e-09  1.96e-08  3420s
 119   1.64655156e+00  1.64681368e+00  4.03e-03 6.09e-09  1.90e-08  3446s
 120   1.64655277e+00  1.64681429e+00  4.02e-03 6.53e-09  1.88e-08  3474s
 121   1.64655818e+00  1.64681433e+00  3.93e-03 6.70e-09  1.85e-08  3501s
 122   1.64656534e+00  1.64681430e+00  3.85e-03 6.94e-09  1.82e-08  3516s
 123   1.64657042e+00  1.64681487e+00  3.77e-03 8.83e-09  1.78e-08  3540s
 124   1.64657552e+00  1.64681489e+00  3.69e-03 9.09e-09  1.75e-08  3557s
 125   1.64657580e+00  1.64681493e+00  3.69e-03 8.44e-09  1.75e-08  3576s
 126   1.64658449e+00  1.64681516e+00  3.56e-03 8.72e-09  1.70e-08  3595s
 127   1.64659339e+00  1.64681521e+00  3.43e-03 9.13e-09  1.65e-08  3613s
 128   1.64659342e+00  1.64681522e+00  3.43e-03 9.06e-09  1.65e-08  3635s
 129   1.64660074e+00  1.64681561e+00  3.33e-03 9.25e-09  1.61e-08  3659s
 130   1.64660068e+00  1.64681546e+00  3.33e-03 2.11e-08  1.61e-08  3675s
 131   1.64661260e+00  1.64681558e+00  3.19e-03 2.11e-08  1.56e-08  3694s
 132   1.64661745e+00  1.64681596e+00  3.12e-03 2.07e-08  1.52e-08  3719s
 133   1.64662497e+00  1.64681709e+00  3.00e-03 1.83e-08  1.43e-08  3748s
 134   1.64662641e+00  1.64681682e+00  2.98e-03 1.77e-08  1.41e-08  3769s
 135   1.64662792e+00  1.64681758e+00  2.95e-03 1.57e-08  1.36e-08  3798s
 136   1.64664288e+00  1.64681809e+00  2.72e-03 1.43e-08  1.24e-08  3832s
 137   1.64664378e+00  1.64681808e+00  2.71e-03 1.43e-08  1.24e-08  3854s
 138   1.64664409e+00  1.64681810e+00  2.70e-03 1.35e-08  1.22e-08  3866s
 139   1.64664765e+00  1.64681774e+00  2.64e-03 1.23e-08  1.17e-08  3884s
 140   1.64667414e+00  1.64681838e+00  2.25e-03 1.13e-08  1.02e-08  3926s
 141   1.64667566e+00  1.64681827e+00  2.22e-03 1.01e-08  9.82e-09  3952s
 142   1.64667664e+00  1.64681779e+00  2.21e-03 9.25e-09  9.56e-09  3973s
 143   1.64667805e+00  1.64681774e+00  2.18e-03 1.31e-08  9.47e-09  3995s
 144   1.64668397e+00  1.64681727e+00  2.09e-03 1.43e-08  8.99e-09  4018s
 145   1.64668424e+00  1.64681682e+00  2.08e-03 1.53e-08  8.76e-09  4035s
 146   1.64668425e+00  1.64681675e+00  2.08e-03 1.53e-08  8.76e-09  4058s
 147   1.64668987e+00  1.64681659e+00  1.99e-03 1.69e-08  8.39e-09  4078s
 148   1.64669502e+00  1.64681640e+00  1.90e-03 1.91e-08  7.99e-09  4101s
 149   1.64669502e+00  1.64681640e+00  1.90e-03 1.91e-08  7.99e-09  4122s
 150   1.64669594e+00  1.64681629e+00  1.89e-03 1.99e-08  7.92e-09  4135s
 151   1.64670527e+00  1.64681594e+00  1.74e-03 1.79e-08  7.26e-09  4157s
 152   1.64670737e+00  1.64681543e+00  1.70e-03 1.95e-08  7.07e-09  4177s
 153   1.64670805e+00  1.64681490e+00  1.69e-03 2.00e-08  6.96e-09  4199s
 154   1.64671158e+00  1.64681480e+00  1.63e-03 2.17e-08  6.74e-09  4227s
 155   1.64671160e+00  1.64681483e+00  1.63e-03 2.17e-08  6.74e-09  4241s
 156   1.64671651e+00  1.64681472e+00  1.55e-03 2.42e-08  6.45e-09  4256s
 157   1.64671951e+00  1.64681468e+00  1.49e-03 2.46e-08  6.24e-09  4280s
 158   1.64671953e+00  1.64681466e+00  1.49e-03 2.46e-08  6.23e-09  4295s
 159   1.64671968e+00  1.64681466e+00  1.49e-03 2.46e-08  6.22e-09  4315s
 160   1.64672097e+00  1.64681473e+00  1.48e-03 2.63e-08  6.15e-09  4340s
 161   1.64672459e+00  1.64681274e+00  1.42e-03 1.66e-08  5.51e-09  4376s
 162   1.64672610e+00  1.64681112e+00  1.40e-03 1.25e-08  5.23e-09  4404s
 163   1.64672616e+00  1.64681084e+00  1.40e-03 1.20e-08  5.20e-09  4441s
 164   1.64673187e+00  1.64681298e+00  1.30e-03 1.15e-08  4.87e-09  4474s
 165   1.64673329e+00  1.64681150e+00  1.27e-03 8.86e-09  4.68e-09  4500s
 166   1.64673688e+00  1.64681104e+00  1.21e-03 8.55e-09  4.43e-09  4514s
 167   1.64673689e+00  1.64681104e+00  1.20e-03 8.62e-09  4.43e-09  4533s
 168   1.64673689e+00  1.64681105e+00  1.20e-03 8.62e-09  4.43e-09  4550s
 169   1.64673689e+00  1.64681105e+00  1.20e-03 8.62e-09  4.43e-09  4563s
 170   1.64673703e+00  1.64681098e+00  1.20e-03 8.60e-09  4.42e-09  4580s
 171   1.64674493e+00  1.64681296e+00  1.06e-03 8.44e-09  3.96e-09  4602s
 172   1.64674531e+00  1.64681213e+00  1.05e-03 8.15e-09  3.90e-09  4636s
 173   1.64674689e+00  1.64681155e+00  1.02e-03 8.91e-09  3.77e-09  4655s
 174   1.64674735e+00  1.64681140e+00  1.01e-03 9.41e-09  3.74e-09  4670s
 175   1.64674753e+00  1.64681136e+00  1.01e-03 9.39e-09  3.73e-09  4685s
 176   1.64674825e+00  1.64681101e+00  9.97e-04 9.06e-09  3.67e-09  4705s
 177   1.64674851e+00  1.64681074e+00  9.92e-04 1.00e-08  3.64e-09  4724s
 178   1.64674851e+00  1.64681070e+00  9.91e-04 1.00e-08  3.64e-09  4739s
 179   1.64674889e+00  1.64680967e+00  9.84e-04 8.84e-09  3.57e-09  4767s
 180   1.64674893e+00  1.64680966e+00  9.84e-04 8.84e-09  3.57e-09  4784s
 181   1.64674904e+00  1.64680960e+00  9.82e-04 8.78e-09  3.56e-09  4801s
 182   1.64674904e+00  1.64680960e+00  9.82e-04 8.78e-09  3.56e-09  4815s
 183   1.64675090e+00  1.64680954e+00  9.47e-04 8.74e-09  3.45e-09  4829s
 184   1.64675096e+00  1.64680906e+00  9.45e-04 8.51e-09  3.42e-09  4848s
 185   1.64675124e+00  1.64680883e+00  9.40e-04 9.78e-09  3.40e-09  4865s
 186   1.64675261e+00  1.64680878e+00  9.14e-04 9.84e-09  3.31e-09  4879s
 187   1.64675290e+00  1.64680874e+00  9.08e-04 1.05e-08  3.29e-09  4900s
 188   1.64675294e+00  1.64680873e+00  9.07e-04 1.06e-08  3.29e-09  4923s
 189   1.64675478e+00  1.64680929e+00  8.81e-04 1.04e-08  3.19e-09  4941s
 190   1.64675523e+00  1.64680899e+00  8.72e-04 1.07e-08  3.15e-09  4963s
 191   1.64675537e+00  1.64680881e+00  8.69e-04 1.07e-08  3.14e-09  4980s
 192   1.64675569e+00  1.64680876e+00  8.63e-04 1.08e-08  3.11e-09  5006s
 193   1.64675676e+00  1.64680847e+00  8.42e-04 1.18e-08  3.04e-09  5021s
 194   1.64675693e+00  1.64680826e+00  8.39e-04 1.24e-08  3.02e-09  5044s
 195   1.64675693e+00  1.64680815e+00  8.39e-04 1.23e-08  3.02e-09  5064s
 196   1.64675955e+00  1.64680764e+00  7.88e-04 1.18e-08  2.83e-09  5084s
 197   1.64675957e+00  1.64680763e+00  7.88e-04 1.19e-08  2.83e-09  5103s
 198   1.64675957e+00  1.64680761e+00  7.88e-04 1.19e-08  2.83e-09  5114s
 199   1.64676016e+00  1.64680726e+00  7.77e-04 1.11e-08  2.78e-09  5137s
 200   1.64676021e+00  1.64680697e+00  7.75e-04 1.41e-08  2.77e-09  5155s
 201   1.64676023e+00  1.64680689e+00  7.75e-04 1.42e-08  2.77e-09  5173s
 202   1.64676024e+00  1.64680689e+00  7.75e-04 1.41e-08  2.77e-09  5192s
 203   1.64676029e+00  1.64680685e+00  7.74e-04 1.40e-08  2.76e-09  5205s
 204   1.64676030e+00  1.64680671e+00  7.74e-04 1.48e-08  2.76e-09  5219s
 205   1.64676079e+00  1.64680682e+00  7.64e-04 1.65e-08  2.73e-09  5236s
 206   1.64676160e+00  1.64680663e+00  7.48e-04 2.01e-08  2.67e-09  5252s
 207   1.64676187e+00  1.64680650e+00  7.43e-04 2.03e-08  2.65e-09  5274s
 208   1.64676224e+00  1.64680609e+00  7.37e-04 2.23e-08  2.61e-09  5296s
 209   1.64676224e+00  1.64680609e+00  7.37e-04 2.23e-08  2.61e-09  5312s
 210   1.64676224e+00  1.64680610e+00  7.37e-04 2.23e-08  2.61e-09  5332s
 211   1.64676300e+00  1.64680574e+00  7.22e-04 2.10e-08  2.55e-09  5347s
 212   1.64676402e+00  1.64680495e+00  7.02e-04 1.94e-08  2.46e-09  5368s
 213   1.64676674e+00  1.64680466e+00  6.45e-04 1.87e-08  2.27e-09  5390s
 214   1.64676674e+00  1.64680467e+00  6.45e-04 1.87e-08  2.27e-09  5407s
 215   1.64676705e+00  1.64680429e+00  6.38e-04 1.98e-08  2.24e-09  5423s
 216   1.64676741e+00  1.64680419e+00  6.31e-04 2.04e-08  2.21e-09  5439s
 217   1.64676759e+00  1.64680391e+00  6.27e-04 2.28e-08  2.19e-09  5457s
 218   1.64676759e+00  1.64680391e+00  6.27e-04 2.29e-08  2.19e-09  5471s
 219   1.64676852e+00  1.64680651e+00  6.08e-04 2.08e-08  2.15e-09  5487s
 220   1.64676853e+00  1.64680649e+00  6.08e-04 2.07e-08  2.15e-09  5508s
 221   1.64676874e+00  1.64680568e+00  6.04e-04 1.94e-08  2.12e-09  5527s
 222   1.64676875e+00  1.64680564e+00  6.03e-04 1.95e-08  2.12e-09  5541s
 223   1.64676878e+00  1.64680529e+00  6.03e-04 2.11e-08  2.11e-09  5567s
 224   1.64676879e+00  1.64680529e+00  6.03e-04 2.11e-08  2.11e-09  5581s
 225   1.64676886e+00  1.64680525e+00  6.01e-04 2.17e-08  2.10e-09  5596s
 226   1.64676888e+00  1.64680517e+00  6.01e-04 2.18e-08  2.10e-09  5616s
 227   1.64676888e+00  1.64680517e+00  6.01e-04 2.18e-08  2.10e-09  5631s
 228   1.64676894e+00  1.64680515e+00  6.00e-04 2.19e-08  2.10e-09  5644s
 229   1.64676928e+00  1.64680509e+00  5.93e-04 2.25e-08  2.07e-09  5658s
 230   1.64676936e+00  1.64680502e+00  5.91e-04 2.27e-08  2.07e-09  5672s
 231   1.64676949e+00  1.64680495e+00  5.89e-04 2.34e-08  2.06e-09  5685s
 232   1.64676950e+00  1.64680496e+00  5.89e-04 2.34e-08  2.06e-09  5705s
 233   1.64677063e+00  1.64680553e+00  5.71e-04 2.28e-08  2.01e-09  5717s
 234   1.64677108e+00  1.64680516e+00  5.61e-04 2.31e-08  1.97e-09  5735s
 235   1.64677108e+00  1.64680516e+00  5.61e-04 2.31e-08  1.97e-09  5753s
 236   1.64677113e+00  1.64680505e+00  5.60e-04 2.33e-08  1.96e-09  5768s
 237   1.64677252e+00  1.64680487e+00  5.31e-04 2.28e-08  1.87e-09  5790s
 238   1.64677416e+00  1.64680456e+00  4.96e-04 2.19e-08  1.75e-09  5807s
 239   1.64677430e+00  1.64680396e+00  4.93e-04 1.92e-08  1.73e-09  5836s
 240   1.64677658e+00  1.64680344e+00  4.42e-04 1.78e-08  1.55e-09  5856s
 241   1.64677686e+00  1.64680328e+00  4.35e-04 1.72e-08  1.52e-09  5882s
 242   1.64677696e+00  1.64680315e+00  4.33e-04 1.70e-08  1.51e-09  5905s
 243   1.64677698e+00  1.64680307e+00  4.33e-04 1.68e-08  1.51e-09  5932s
 244   1.64677698e+00  1.64680307e+00  4.33e-04 1.68e-08  1.51e-09  5950s
 245   1.64677751e+00  1.64680327e+00  4.24e-04 1.46e-08  1.48e-09  5982s
 246   1.64677753e+00  1.64680318e+00  4.24e-04 1.45e-08  1.48e-09  5999s
 247   1.64677753e+00  1.64680317e+00  4.24e-04 1.45e-08  1.48e-09  6015s
 248   1.64677803e+00  1.64680312e+00  4.13e-04 1.43e-08  1.45e-09  6033s
 249   1.64677839e+00  1.64680307e+00  4.05e-04 1.42e-08  1.42e-09  6050s
 250   1.64677842e+00  1.64680273e+00  4.04e-04 1.25e-08  1.41e-09  6085s
 251   1.64677842e+00  1.64680274e+00  4.04e-04 1.25e-08  1.41e-09  6103s
 252   1.64677843e+00  1.64680274e+00  4.04e-04 1.26e-08  1.41e-09  6118s
 253   1.64677843e+00  1.64680268e+00  4.04e-04 1.26e-08  1.41e-09  6138s
 254   1.64677843e+00  1.64680268e+00  4.04e-04 1.26e-08  1.41e-09  6159s
 255   1.64677848e+00  1.64680268e+00  4.03e-04 1.26e-08  1.40e-09  6176s
 256   1.64677848e+00  1.64680273e+00  4.03e-04 1.26e-08  1.40e-09  6194s
 257   1.64677848e+00  1.64680273e+00  4.03e-04 1.25e-08  1.40e-09  6208s
 258   1.64677864e+00  1.64680264e+00  4.00e-04 1.21e-08  1.39e-09  6225s
 259   1.64677864e+00  1.64680257e+00  4.00e-04 1.20e-08  1.39e-09  6248s
 260   1.64677866e+00  1.64680244e+00  3.99e-04 1.24e-08  1.39e-09  6274s
 261   1.64677877e+00  1.64680231e+00  3.97e-04 1.21e-08  1.38e-09  6305s
 262   1.64677877e+00  1.64680231e+00  3.97e-04 1.21e-08  1.38e-09  6322s
 263   1.64677881e+00  1.64680229e+00  3.96e-04 1.21e-08  1.37e-09  6340s
 264   1.64677881e+00  1.64680229e+00  3.96e-04 1.21e-08  1.37e-09  6357s
 265   1.64677889e+00  1.64680179e+00  3.94e-04 9.78e-09  1.36e-09  6384s
 266   1.64677889e+00  1.64680179e+00  3.94e-04 9.78e-09  1.36e-09  6409s
 267   1.64677890e+00  1.64680173e+00  3.94e-04 9.61e-09  1.36e-09  6434s
 268   1.64677896e+00  1.64680165e+00  3.93e-04 8.90e-09  1.35e-09  6461s
 269   1.64677900e+00  1.64680159e+00  3.92e-04 9.00e-09  1.35e-09  6488s
 270   1.64677900e+00  1.64680159e+00  3.92e-04 9.00e-09  1.35e-09  6521s
 271   1.64677902e+00  1.64680153e+00  3.92e-04 9.00e-09  1.35e-09  6546s
 272   1.64677944e+00  1.64680276e+00  3.85e-04 7.52e-09  1.34e-09  6600s
 273   1.64677973e+00  1.64680241e+00  3.78e-04 7.19e-09  1.31e-09  6616s
 274   1.64677976e+00  1.64680239e+00  3.77e-04 6.85e-09  1.31e-09  6638s
 275   1.64677977e+00  1.64680239e+00  3.77e-04 6.85e-09  1.31e-09  6662s
 276   1.64677977e+00  1.64680239e+00  3.77e-04 6.85e-09  1.31e-09  6683s
 277   1.64677980e+00  1.64680238e+00  3.77e-04 6.90e-09  1.31e-09  6697s
 278   1.64677980e+00  1.64680238e+00  3.77e-04 6.91e-09  1.31e-09  6723s
 279   1.64677981e+00  1.64680228e+00  3.77e-04 6.77e-09  1.30e-09  6750s
 280   1.64677983e+00  1.64680221e+00  3.76e-04 6.89e-09  1.30e-09  6775s
 281   1.64677987e+00  1.64680221e+00  3.75e-04 6.67e-09  1.30e-09  6796s
 282   1.64677992e+00  1.64680214e+00  3.74e-04 6.65e-09  1.29e-09  6817s
 283   1.64677992e+00  1.64680214e+00  3.74e-04 6.65e-09  1.29e-09  6833s
 284   1.64678015e+00  1.64680208e+00  3.69e-04 6.58e-09  1.28e-09  6854s
 285   1.64678018e+00  1.64680183e+00  3.68e-04 6.27e-09  1.27e-09  6876s
 286   1.64678021e+00  1.64680180e+00  3.67e-04 6.24e-09  1.27e-09  6901s
 287   1.64678023e+00  1.64680159e+00  3.67e-04 5.25e-09  1.26e-09  6935s
 288   1.64678027e+00  1.64680152e+00  3.66e-04 5.29e-09  1.26e-09  6956s
 289   1.64678027e+00  1.64680152e+00  3.66e-04 5.30e-09  1.26e-09  6977s
 290   1.64678028e+00  1.64680152e+00  3.66e-04 5.31e-09  1.26e-09  6990s
 291   1.64678028e+00  1.64680152e+00  3.66e-04 5.31e-09  1.26e-09  7011s
 292   1.64678028e+00  1.64680152e+00  3.66e-04 5.44e-09  1.26e-09  7029s
 293   1.64678029e+00  1.64680152e+00  3.66e-04 5.43e-09  1.26e-09  7050s
 294   1.64678039e+00  1.64680133e+00  3.63e-04 5.08e-09  1.25e-09  7075s
 295   1.64678039e+00  1.64680133e+00  3.63e-04 5.08e-09  1.25e-09  7092s
 296   1.64678040e+00  1.64680129e+00  3.63e-04 5.01e-09  1.25e-09  7106s
 297   1.64678041e+00  1.64680130e+00  3.63e-04 4.98e-09  1.25e-09  7131s
 298   1.64678052e+00  1.64680123e+00  3.60e-04 5.02e-09  1.24e-09  7151s
 299   1.64678067e+00  1.64680111e+00  3.57e-04 4.90e-09  1.22e-09  7183s
 300   1.64678088e+00  1.64680100e+00  3.52e-04 4.87e-09  1.21e-09  7203s
 301   1.64678088e+00  1.64680101e+00  3.52e-04 4.87e-09  1.21e-09  7219s
 302   1.64678089e+00  1.64680099e+00  3.52e-04 4.88e-09  1.21e-09  7238s
 303   1.64678095e+00  1.64680094e+00  3.51e-04 4.80e-09  1.20e-09  7254s
 304   1.64678095e+00  1.64680094e+00  3.51e-04 4.80e-09  1.20e-09  7271s
 305   1.64678096e+00  1.64680088e+00  3.50e-04 5.30e-09  1.20e-09  7282s
 306   1.64678101e+00  1.64680079e+00  3.49e-04 5.34e-09  1.20e-09  7299s
 307   1.64678101e+00  1.64680079e+00  3.49e-04 5.34e-09  1.20e-09  7320s
 308   1.64678101e+00  1.64680079e+00  3.49e-04 5.34e-09  1.20e-09  7336s
 309   1.64678103e+00  1.64680075e+00  3.49e-04 5.50e-09  1.19e-09  7350s
 310   1.64678111e+00  1.64680064e+00  3.47e-04 5.32e-09  1.19e-09  7374s
 311   1.64678126e+00  1.64680050e+00  3.44e-04 4.49e-09  1.17e-09  7393s
 312   1.64678139e+00  1.64680037e+00  3.41e-04 4.33e-09  1.16e-09  7420s
 313   1.64678139e+00  1.64680037e+00  3.41e-04 4.33e-09  1.16e-09  7438s
 314   1.64678139e+00  1.64680037e+00  3.41e-04 4.24e-09  1.16e-09  7468s
 315   1.64678143e+00  1.64680038e+00  3.40e-04 4.02e-09  1.16e-09  7492s
 316   1.64678153e+00  1.64680034e+00  3.38e-04 3.57e-09  1.15e-09  7508s
 317   1.64678158e+00  1.64680023e+00  3.36e-04 5.74e-09  1.15e-09  7525s
 318   1.64678159e+00  1.64680013e+00  3.36e-04 6.44e-09  1.14e-09  7573s
 319   1.64678159e+00  1.64680002e+00  3.36e-04 6.68e-09  1.14e-09  7591s
 320   1.64678159e+00  1.64680002e+00  3.36e-04 6.68e-09  1.14e-09  7602s
 321   1.64678168e+00  1.64679999e+00  3.34e-04 6.59e-09  1.14e-09  7618s
 322   1.64678198e+00  1.64679923e+00  3.27e-04 4.58e-09  1.10e-09  7654s
 323   1.64678198e+00  1.64679921e+00  3.27e-04 6.16e-09  1.10e-09  7678s
 324   1.64678198e+00  1.64679920e+00  3.27e-04 6.16e-09  1.10e-09  7693s
 325   1.64678199e+00  1.64679920e+00  3.27e-04 6.09e-09  1.10e-09  7715s
 326   1.64678200e+00  1.64679918e+00  3.26e-04 6.06e-09  1.10e-09  7744s
 327   1.64678200e+00  1.64679932e+00  3.26e-04 5.51e-09  1.10e-09  7780s
 328   1.64678203e+00  1.64679920e+00  3.26e-04 5.05e-09  1.09e-09  7806s
 329   1.64678203e+00  1.64679920e+00  3.26e-04 5.05e-09  1.09e-09  7820s
 330   1.64678205e+00  1.64679915e+00  3.25e-04 4.75e-09  1.09e-09  7835s
 331   1.64678208e+00  1.64679912e+00  3.25e-04 4.81e-09  1.09e-09  7850s
 332   1.64678208e+00  1.64679912e+00  3.25e-04 4.80e-09  1.09e-09  7866s
 333   1.64678210e+00  1.64679905e+00  3.24e-04 5.44e-09  1.09e-09  7884s
 334   1.64678217e+00  1.64679902e+00  3.22e-04 5.64e-09  1.08e-09  7899s
 335   1.64678217e+00  1.64679902e+00  3.22e-04 5.64e-09  1.08e-09  7917s
 336   1.64678218e+00  1.64679902e+00  3.22e-04 5.67e-09  1.08e-09  7938s
 337   1.64678218e+00  1.64679902e+00  3.22e-04 5.66e-09  1.08e-09  7952s
 338   1.64678218e+00  1.64679901e+00  3.22e-04 5.54e-09  1.08e-09  7964s
 339   1.64678218e+00  1.64679900e+00  3.22e-04 5.53e-09  1.08e-09  7985s
 340   1.64678226e+00  1.64679911e+00  3.20e-04 4.88e-09  1.08e-09  8010s
 341   1.64678235e+00  1.64679910e+00  3.18e-04 4.90e-09  1.07e-09  8025s
 342   1.64678238e+00  1.64679915e+00  3.17e-04 5.08e-09  1.07e-09  8061s
 343   1.64678248e+00  1.64679909e+00  3.15e-04 5.45e-09  1.06e-09  8074s
 344   1.64678258e+00  1.64679902e+00  3.13e-04 5.35e-09  1.05e-09  8086s
 345   1.64678262e+00  1.64679900e+00  3.12e-04 5.48e-09  1.05e-09  8098s
 346   1.64678262e+00  1.64679900e+00  3.12e-04 5.49e-09  1.05e-09  8116s
 347   1.64678262e+00  1.64679901e+00  3.12e-04 5.50e-09  1.05e-09  8131s
 348   1.64678266e+00  1.64679898e+00  3.11e-04 5.24e-09  1.04e-09  8166s
 349   1.64678266e+00  1.64679897e+00  3.11e-04 5.25e-09  1.04e-09  8184s
 350   1.64678267e+00  1.64679898e+00  3.11e-04 5.24e-09  1.04e-09  8199s
 351   1.64678305e+00  1.64679921e+00  3.04e-04 3.20e-09  1.02e-09  8238s
 352   1.64678307e+00  1.64679907e+00  3.03e-04 2.71e-09  1.02e-09  8268s
 353   1.64678307e+00  1.64679905e+00  3.03e-04 2.72e-09  1.02e-09  8285s
 354   1.64678315e+00  1.64679902e+00  3.01e-04 3.12e-09  1.01e-09  8306s
 355   1.64678318e+00  1.64679901e+00  3.01e-04 3.09e-09  1.01e-09  8322s
 356   1.64678318e+00  1.64679901e+00  3.01e-04 3.09e-09  1.01e-09  8339s
 357   1.64678325e+00  1.64679899e+00  2.99e-04 2.94e-09  1.00e-09  8353s
 358   1.64678334e+00  1.64679895e+00  2.97e-04 2.96e-09  9.98e-10  8368s
 359   1.64678341e+00  1.64679893e+00  2.95e-04 2.96e-09  9.91e-10  8383s
 360   1.64678342e+00  1.64679893e+00  2.95e-04 2.96e-09  9.91e-10  8423s
 361   1.64678342e+00  1.64679892e+00  2.95e-04 2.97e-09  9.90e-10  8437s
 362   1.64678343e+00  1.64679891e+00  2.95e-04 2.94e-09  9.90e-10  8451s
 363   1.64678343e+00  1.64679891e+00  2.95e-04 2.94e-09  9.90e-10  8469s
 364   1.64678349e+00  1.64679883e+00  2.93e-04 2.74e-09  9.84e-10  8488s
 365   1.64678349e+00  1.64679877e+00  2.93e-04 2.50e-09  9.83e-10  8597s
 366   1.64678350e+00  1.64679876e+00  2.93e-04 2.50e-09  9.82e-10  8610s
 367   1.64678364e+00  1.64679872e+00  2.89e-04 2.45e-09  9.71e-10  8624s
 368   1.64678364e+00  1.64679872e+00  2.89e-04 2.45e-09  9.71e-10  8641s
 369   1.64678364e+00  1.64679871e+00  2.89e-04 2.48e-09  9.70e-10  8653s
 370   1.64678364e+00  1.64679871e+00  2.89e-04 2.48e-09  9.70e-10  8673s
 371   1.64678364e+00  1.64679870e+00  2.89e-04 2.48e-09  9.70e-10  8688s
 372   1.64678367e+00  1.64679869e+00  2.89e-04 2.46e-09  9.68e-10  8704s
 373   1.64678393e+00  1.64679914e+00  2.83e-04 2.30e-09  9.57e-10  8729s
 374   1.64678409e+00  1.64679890e+00  2.79e-04 2.36e-09  9.42e-10  8751s
 375   1.64678411e+00  1.64679884e+00  2.79e-04 3.83e-09  9.39e-10  8775s
 376   1.64678419e+00  1.64679890e+00  2.78e-04 4.95e-09  9.38e-10  8802s
 377   1.64678457e+00  1.64679837e+00  2.69e-04 4.07e-09  9.01e-10  8830s
 378   1.64678463e+00  1.64679818e+00  2.67e-04 3.70e-09  8.93e-10  8860s
 379   1.64678484e+00  1.64679803e+00  2.62e-04 4.25e-09  8.74e-10  8878s
 380   1.64678485e+00  1.64679802e+00  2.61e-04 4.23e-09  8.73e-10  8892s
 381   1.64678490e+00  1.64679795e+00  2.60e-04 3.70e-09  8.68e-10  8910s
 382   1.64678500e+00  1.64679776e+00  2.58e-04 4.34e-09  8.58e-10  8924s
 383   1.64678500e+00  1.64679773e+00  2.58e-04 4.73e-09  8.57e-10  8944s
 384   1.64678505e+00  1.64679772e+00  2.56e-04 4.70e-09  8.53e-10  8958s
 385   1.64678505e+00  1.64679772e+00  2.56e-04 4.70e-09  8.53e-10  8974s
 386   1.64678505e+00  1.64679772e+00  2.56e-04 4.71e-09  8.53e-10  8989s
 387   1.64678505e+00  1.64679770e+00  2.56e-04 4.66e-09  8.53e-10  9008s
 388   1.64678506e+00  1.64679770e+00  2.56e-04 4.51e-09  8.52e-10  9021s
 389   1.64678506e+00  1.64679770e+00  2.56e-04 4.51e-09  8.52e-10  9037s
 390   1.64678506e+00  1.64679770e+00  2.56e-04 4.51e-09  8.52e-10  9055s
 391   1.64678506e+00  1.64679770e+00  2.56e-04 4.55e-09  8.52e-10  9073s
 392   1.64678507e+00  1.64679766e+00  2.56e-04 5.16e-09  8.51e-10  9104s
 393   1.64678507e+00  1.64679764e+00  2.56e-04 5.09e-09  8.51e-10  9143s
 394   1.64678510e+00  1.64679758e+00  2.55e-04 4.90e-09  8.48e-10  9170s

Barrier solved model in 394 iterations and 9170.00 seconds (5378.39 work units)
Optimal objective 1.64678505e+00

