Set parameter Username
Academic license - for non-commercial use only - expires 2027-02-09
Set parameter Threads to value 4
Set parameter Method to value 2
Set parameter BarOrder to value 1
Set parameter BarHomogeneous to value 1
Set parameter NumericFocus to value 2
Set parameter Crossover to value 0
Gurobi Optimizer version 9.5.1 build v9.5.1rc2 (linux64)
Thread count: 32 physical cores, 64 logical processors, using up to 4 threads
Optimize a model with 10382218 rows, 13386507 columns and 63273600 nonzeros
Model fingerprint: 0xd7fd47b0
Coefficient statistics:
  Matrix range     [1e-04, 3e+00]
  Objective range  [1e+00, 1e+00]
  Bounds range     [0e+00, 0e+00]
  RHS range        [1e-03, 1e+00]
Presolve removed 268037 rows and 0 columns (presolve time = 5s) ...
Presolve removed 3177751 rows and 11226847 columns (presolve time = 10s) ...
Presolve removed 3573347 rows and 11226847 columns (presolve time = 16s) ...
Presolve removed 3576500 rows and 11230000 columns (presolve time = 22s) ...
Presolve removed 3968944 rows and 11622444 columns (presolve time = 26s) ...
Presolve removed 3968944 rows and 11622444 columns (presolve time = 42s) ...
Presolve removed 3968946 rows and 11622445 columns (presolve time = 45s) ...
Presolve removed 4747401 rows and 11622445 columns (presolve time = 51s) ...
Presolve removed 4747401 rows and 11622445 columns
Presolve time: 55.94s
Presolved: 5634817 rows, 1764062 columns, 37426911 nonzeros
Elapsed ordering time = 5s
Ordering time: 11.21s

Barrier statistics:
 Dense cols : 395
 AA' NZ     : 2.267e+08
 Factor NZ  : 3.255e+08 (roughly 6.0 GB of memory)
 Factor Ops : 3.176e+10 (roughly 1 second per iteration)
 Threads    : 4

                  Objective                Residual
Iter       Primal          Dual         Primal    Dual     Compl     Time
   0   3.28894794e+00  6.25000000e+01  1.00e+08 6.25e-02  1.00e+06  2477s
   1   1.05545526e+01  3.10958733e+06  7.88e+07 6.54e+02  8.25e+05  2492s
   2   1.20472332e+01  4.41218389e+06  6.29e+07 3.37e+02  5.46e+05  2512s
   3   3.41765234e+01  4.56656977e+06  4.00e+07 2.04e+02  3.48e+05  2538s
   4   4.74628673e+00  3.31547717e+05  1.36e+06 1.41e+01  1.26e+03  2565s
   5   4.31658664e+00  1.46311973e+05  8.78e+05 6.37e+00  5.07e+02  2583s
   6   4.13922294e+00  8.95821680e+04  6.23e+05 3.94e+00  2.85e+02  2604s
   7   4.01827069e+00  5.54578509e+04  4.54e+05 2.35e+00  1.71e+02  2629s
   8   3.91380891e+00  3.36101937e+04  3.24e+05 1.39e+00  1.05e+02  2661s
   9   3.81951218e+00  1.62080146e+04  2.34e+05 6.47e-01  6.42e+01  2693s
  10   3.62584390e+00  8.91450878e+03  1.77e+05 3.57e-01  4.73e+01  2720s
  11   3.06344458e+00  5.37434936e+03  1.27e+05 2.14e-01  3.33e+01  2749s
  12   2.71783287e+00  4.31547403e+03  8.88e+04 1.73e-01  2.36e+01  2771s
  13   2.69135888e+00  3.58857472e+03  7.07e+04 1.44e-01  1.88e+01  2794s
  14   2.66142736e+00  2.15535688e+03  6.05e+04 8.59e-02  1.56e+01  2811s
  15   2.74566742e+00  1.36071519e+03  4.36e+04 5.41e-02  1.12e+01  2830s
  16   2.88364058e+00  7.71282902e+02  2.87e+04 3.05e-02  7.37e+00  2855s
  17   3.10702465e+00  3.77996072e+02  1.80e+04 1.47e-02  4.55e+00  2886s
  18   3.34660387e+00  2.15830963e+02  1.10e+04 8.17e-03  2.77e+00  2909s
  19   3.58618772e+00  1.52435982e+02  7.73e+03 5.47e-03  1.87e+00  2927s
  20   3.70115375e+00  1.27012856e+02  6.14e+03 4.21e-03  1.38e+00  2946s
  21   4.15408043e+00  1.11179382e+02  3.82e+03 3.44e-03  8.07e-01  2966s
  22   4.12839120e+00  8.34016762e+01  2.31e+03 2.33e-03  3.97e-01  2985s
  23   3.69462198e+00  5.53993239e+01  1.12e+03 1.46e-03  1.40e-01  3011s
  24   3.41457959e+00  4.72619284e+01  8.20e+02 1.21e-03  9.11e-02  3047s
  25   3.18024535e+00  4.00431601e+01  6.98e+02 1.01e-03  7.11e-02  3092s
  26   2.62798452e+00  3.02748147e+01  4.75e+02 7.43e-04  4.24e-02  3135s
  27   2.13884441e+00  1.23825215e+01  2.50e+02 2.66e-04  1.20e-02  3177s
  28   1.76343533e+00  7.26857621e+00  7.02e+01 1.38e-04  2.30e-03  3219s
  29   1.73019470e+00  5.80402929e+00  5.51e+01 1.02e-04  1.53e-03  3259s
  30   1.69944355e+00  4.45784604e+00  3.66e+01 6.86e-05  8.26e-04  3296s
  31   1.63231662e+00  3.50147045e+00  1.29e+01 4.56e-05  2.63e-04  3335s
  32   1.60538129e+00  3.09781125e+00  6.96e+00 3.61e-05  1.44e-04  3375s
  33   1.57023093e+00  2.81793918e+00  3.86e+00 2.96e-05  8.89e-05  3417s
  34   1.54502716e+00  2.56062514e+00  2.21e+00 2.38e-05  5.93e-05  3460s
  35   1.51247580e+00  2.36910475e+00  1.32e+00 1.96e-05  4.45e-05  3507s
  36   1.49010764e+00  2.07302762e+00  9.03e-01 1.33e-05  3.02e-05  3546s
  37   1.47988278e+00  1.92629774e+00  7.32e-01 1.02e-05  2.34e-05  3591s
  38   1.46936938e+00  1.84334100e+00  5.15e-01 8.46e-06  1.85e-05  3637s
  39   1.46625876e+00  1.78922223e+00  4.45e-01 7.31e-06  1.56e-05  3684s
  40   1.46428862e+00  1.76419818e+00  3.92e-01 6.77e-06  1.41e-05  3719s
  41   1.46326676e+00  1.72603130e+00  3.66e-01 5.95e-06  1.23e-05  3766s
  42   1.46202809e+00  1.71107829e+00  3.32e-01 5.63e-06  1.14e-05  3816s
  43   1.46150153e+00  1.68392687e+00  3.12e-01 5.04e-06  1.01e-05  3871s
  44   1.46087036e+00  1.68048540e+00  2.87e-01 4.97e-06  9.70e-06  3916s
  45   1.46029060e+00  1.65224959e+00  2.58e-01 4.35e-06  8.30e-06  3967s
  46   1.46009188e+00  1.61506836e+00  2.24e-01 3.53e-06  6.55e-06  4020s
  47   1.46146421e+00  1.59481342e+00  1.80e-01 3.06e-06  5.41e-06  4076s
  48   1.46558759e+00  1.57270402e+00  1.54e-01 2.48e-06  4.23e-06  4132s
  49   1.47215592e+00  1.56830471e+00  1.30e-01 2.11e-06  3.52e-06  4201s
  50   1.48407429e+00  1.56826260e+00  1.16e-01 1.86e-06  3.06e-06  4267s
  51   1.49859852e+00  1.56757970e+00  9.86e-02 1.63e-06  2.61e-06  4340s
  52   1.50311404e+00  1.57312872e+00  9.29e-02 1.23e-06  2.05e-06  4419s
  53   1.51400226e+00  1.57469152e+00  8.08e-02 1.11e-06  1.82e-06  4525s
  54   1.52331029e+00  1.58142469e+00  7.35e-02 8.98e-07  1.52e-06  4635s
  55   1.53616249e+00  1.58238708e+00  6.53e-02 8.75e-07  1.44e-06  4757s
  56   1.54228188e+00  1.58985912e+00  6.11e-02 7.38e-07  1.26e-06  4904s
  57   1.54928829e+00  1.59149047e+00  5.59e-02 7.18e-07  1.19e-06  4963s
  58   1.55575920e+00  1.59535927e+00  5.15e-02 6.76e-07  1.10e-06  5099s
  59   1.55781061e+00  1.59815615e+00  5.00e-02 6.45e-07  1.04e-06  5148s
  60   1.55909463e+00  1.60241277e+00  4.92e-02 5.73e-07  9.59e-07  5211s
  61   1.55941275e+00  1.60267575e+00  4.90e-02 5.70e-07  9.54e-07  5274s
  62   1.56304308e+00  1.60336715e+00  4.67e-02 5.61e-07  9.26e-07  5343s
  63   1.56734746e+00  1.60493021e+00  4.39e-02 5.44e-07  8.53e-07  5418s
  64   1.56859930e+00  1.60552729e+00  4.31e-02 5.35e-07  8.40e-07  5487s
  65   1.57044224e+00  1.60849797e+00  4.20e-02 5.09e-07  7.94e-07  5532s
  66   1.57294032e+00  1.60975456e+00  4.05e-02 4.89e-07  7.66e-07  5625s
  67   1.57526034e+00  1.61094213e+00  3.91e-02 4.83e-07  7.37e-07  5681s
  68   1.57540712e+00  1.61103252e+00  3.90e-02 4.83e-07  7.35e-07  5730s
  69   1.57886781e+00  1.61241405e+00  3.70e-02 4.85e-07  7.03e-07  5811s
  70   1.57956286e+00  1.61441203e+00  3.66e-02 4.86e-07  6.72e-07  5877s
  71   1.58656845e+00  1.61609755e+00  3.22e-02 4.64e-07  6.18e-07  5951s
  72   1.58750849e+00  1.61755660e+00  3.16e-02 4.50e-07  5.93e-07  6047s
  73   1.59331679e+00  1.61855656e+00  2.79e-02 4.32e-07  5.47e-07  6090s
  74   1.59836752e+00  1.62085020e+00  2.45e-02 3.93e-07  4.86e-07  6180s
  75   1.59902392e+00  1.62183730e+00  2.41e-02 3.98e-07  4.71e-07  6245s
  76   1.60156579e+00  1.62316456e+00  2.26e-02 3.81e-07  4.41e-07  6326s
  77   1.60178395e+00  1.62368790e+00  2.24e-02 3.78e-07  4.31e-07  6383s
  78   1.60229489e+00  1.62413575e+00  2.22e-02 3.70e-07  4.23e-07  6417s
  79   1.60474103e+00  1.62529291e+00  2.07e-02 3.50e-07  3.97e-07  6504s
  80   1.60474552e+00  1.62540911e+00  2.07e-02 3.46e-07  3.96e-07  6583s
  81   1.60486117e+00  1.62750119e+00  2.07e-02 3.39e-07  3.78e-07  6653s
  82   1.61010855e+00  1.62814490e+00  1.81e-02 3.27e-07  3.44e-07  6708s
  83   1.61298393e+00  1.63050628e+00  1.66e-02 2.86e-07  3.09e-07  6776s
  84   1.61521746e+00  1.63081785e+00  1.55e-02 2.80e-07  2.96e-07  6860s
  85   1.61669958e+00  1.63140030e+00  1.46e-02 2.69e-07  2.81e-07  6925s
  86   1.61934674e+00  1.63283471e+00  1.32e-02 2.43e-07  2.55e-07  7002s
  87   1.62008206e+00  1.63300737e+00  1.28e-02 2.39e-07  2.49e-07  7052s
  88   1.62055415e+00  1.63426846e+00  1.25e-02 2.20e-07  2.36e-07  7118s
  89   1.62189902e+00  1.63536443e+00  1.18e-02 2.02e-07  2.20e-07  7220s
  90   1.62221458e+00  1.63561512e+00  1.17e-02 1.97e-07  2.17e-07  7255s
  91   1.62233145e+00  1.63642663e+00  1.16e-02 1.89e-07  2.10e-07  7321s
  92   1.62270506e+00  1.63662417e+00  1.14e-02 1.83e-07  2.07e-07  7359s
  93   1.62327023e+00  1.63702414e+00  1.12e-02 1.75e-07  2.01e-07  7405s
  94   1.62389209e+00  1.63755488e+00  1.08e-02 1.65e-07  1.93e-07  7458s
  95   1.62405468e+00  1.63816427e+00  1.07e-02 1.59e-07  1.87e-07  7510s
  96   1.62450217e+00  1.63866451e+00  1.05e-02 1.73e-07  1.82e-07  7560s
  97   1.62455599e+00  1.63924654e+00  1.05e-02 1.61e-07  1.77e-07  7601s
  98   1.62457394e+00  1.63952136e+00  1.05e-02 1.54e-07  1.74e-07  7664s
  99   1.62464634e+00  1.63978000e+00  1.05e-02 1.43e-07  1.72e-07  7745s
 100   1.62477751e+00  1.64003670e+00  1.04e-02 1.38e-07  1.70e-07  7802s
 101   1.62520114e+00  1.64032194e+00  1.02e-02 1.31e-07  1.66e-07  7843s
 102   1.62534066e+00  1.64069150e+00  1.02e-02 1.25e-07  1.63e-07  7884s
 103   1.62541398e+00  1.64107517e+00  1.02e-02 1.22e-07  1.59e-07  7972s
 104   1.62555017e+00  1.64131682e+00  1.01e-02 1.17e-07  1.57e-07  8016s
 105   1.62612651e+00  1.64165119e+00  9.85e-03 1.11e-07  1.52e-07  8058s
 106   1.62762093e+00  1.64262701e+00  9.21e-03 9.97e-08  1.40e-07  8151s
 107   1.62763757e+00  1.64263505e+00  9.20e-03 9.96e-08  1.40e-07  8210s
 108   1.62767010e+00  1.64284325e+00  9.19e-03 9.49e-08  1.39e-07  8340s
 109   1.62773963e+00  1.64294631e+00  9.15e-03 9.26e-08  1.38e-07  8404s
 110   1.62773788e+00  1.64295240e+00  9.16e-03 9.34e-08  1.38e-07  8465s
 111   1.62792130e+00  1.64303946e+00  9.08e-03 9.25e-08  1.36e-07  8523s
 112   1.62797160e+00  1.64314340e+00  9.05e-03 9.56e-08  1.36e-07  8598s
 113   1.62799676e+00  1.64325686e+00  9.04e-03 9.50e-08  1.35e-07  8661s
 114   1.62804229e+00  1.64333123e+00  9.02e-03 9.62e-08  1.34e-07  8726s
 115   1.62808432e+00  1.64340541e+00  9.01e-03 9.51e-08  1.34e-07  8777s
 116   1.62854445e+00  1.64349750e+00  8.81e-03 9.38e-08  1.31e-07  8817s
 117   1.62854991e+00  1.64354972e+00  8.81e-03 9.18e-08  1.31e-07  8866s
 118   1.62859721e+00  1.64373927e+00  8.79e-03 9.31e-08  1.29e-07  8958s
 119   1.62862917e+00  1.64382761e+00  8.77e-03 9.46e-08  1.29e-07  9035s
 120   1.62864912e+00  1.64391164e+00  8.76e-03 9.71e-08  1.28e-07  9108s
 121   1.62884176e+00  1.64398462e+00  8.68e-03 9.60e-08  1.27e-07  9192s
 122   1.62883962e+00  1.64398737e+00  8.68e-03 9.76e-08  1.27e-07  9249s
 123   1.62886175e+00  1.64402567e+00  8.68e-03 9.72e-08  1.27e-07  9288s
 124   1.62887203e+00  1.64408005e+00  8.67e-03 9.83e-08  1.27e-07  9340s
 125   1.62907357e+00  1.64416486e+00  8.59e-03 9.45e-08  1.25e-07  9402s
 126   1.62908689e+00  1.64420579e+00  8.58e-03 9.41e-08  1.25e-07  9447s
 127   1.62908867e+00  1.64423867e+00  8.58e-03 9.16e-08  1.25e-07  9508s
 128   1.62917649e+00  1.64432807e+00  8.54e-03 8.70e-08  1.24e-07  9597s
 129   1.62920607e+00  1.64439076e+00  8.53e-03 8.82e-08  1.24e-07  9669s
 130   1.62920608e+00  1.64439974e+00  8.53e-03 8.85e-08  1.24e-07  9732s
 131   1.62924161e+00  1.64442521e+00  8.52e-03 8.92e-08  1.24e-07  9782s
 132   1.62934058e+00  1.64460991e+00  8.48e-03 8.58e-08  1.22e-07  9903s
 133   1.62954496e+00  1.64467257e+00  8.39e-03 8.33e-08  1.21e-07  9970s
 134   1.62970156e+00  1.64477347e+00  8.32e-03 8.37e-08  1.20e-07  10021s
 135   1.62986187e+00  1.64483473e+00  8.26e-03 8.06e-08  1.19e-07  10114s
 136   1.62986224e+00  1.64487585e+00  8.26e-03 8.02e-08  1.19e-07  10179s
 137   1.62987461e+00  1.64495113e+00  8.25e-03 8.04e-08  1.18e-07  10265s
 138   1.62988676e+00  1.64495359e+00  8.25e-03 8.03e-08  1.18e-07  10310s
 139   1.62982841e+00  1.64495738e+00  8.28e-03 8.03e-08  1.19e-07  10369s
 140   1.62983907e+00  1.64500155e+00  8.28e-03 8.13e-08  1.19e-07  10429s
 141   1.63020479e+00  1.64505484e+00  8.12e-03 7.99e-08  1.17e-07  10484s
 142   1.63020866e+00  1.64509583e+00  8.12e-03 7.92e-08  1.17e-07  10524s
 143   1.63032458e+00  1.64516261e+00  8.07e-03 7.65e-08  1.16e-07  10578s
 144   1.63039530e+00  1.64517527e+00  8.04e-03 7.69e-08  1.15e-07  10637s
 145   1.63043412e+00  1.64527739e+00  8.02e-03 7.52e-08  1.15e-07  10741s
 146   1.63046053e+00  1.64531258e+00  8.01e-03 7.49e-08  1.14e-07  10798s
 147   1.63048568e+00  1.64536114e+00  8.00e-03 7.82e-08  1.14e-07  10884s
 148   1.63057475e+00  1.64558296e+00  7.96e-03 8.48e-08  1.12e-07  10967s
 149   1.63061186e+00  1.64574204e+00  7.95e-03 7.87e-08  1.11e-07  11044s
 150   1.63069754e+00  1.64582028e+00  7.91e-03 7.74e-08  1.10e-07  11091s
 151   1.63092651e+00  1.64597183e+00  7.81e-03 7.42e-08  1.08e-07  11223s
 152   1.63096209e+00  1.64604175e+00  7.79e-03 7.56e-08  1.08e-07  11282s
 153   1.63105828e+00  1.64605839e+00  7.75e-03 7.24e-08  1.07e-07  11355s
 154   1.63107047e+00  1.64610692e+00  7.74e-03 7.08e-08  1.07e-07  11439s
 155   1.63107608e+00  1.64612751e+00  7.74e-03 7.02e-08  1.07e-07  11556s
 156   1.63107984e+00  1.64614505e+00  7.74e-03 7.00e-08  1.06e-07  11613s
 157   1.63108863e+00  1.64620173e+00  7.74e-03 6.92e-08  1.06e-07  11689s
 158   1.63120956e+00  1.64622816e+00  7.68e-03 6.79e-08  1.05e-07  11849s
 159   1.63122234e+00  1.64625004e+00  7.68e-03 6.67e-08  1.05e-07  11948s
 160   1.63122289e+00  1.64625100e+00  7.68e-03 6.80e-08  1.05e-07  12033s
 161   1.63129933e+00  1.64639355e+00  7.64e-03 6.54e-08  1.04e-07  12180s
 162   1.63133675e+00  1.64645862e+00  7.63e-03 6.60e-08  1.04e-07  12240s
 163   1.63135611e+00  1.64651129e+00  7.62e-03 6.45e-08  1.03e-07  12291s
 164   1.63136070e+00  1.64652501e+00  7.62e-03 6.41e-08  1.03e-07  12347s
 165   1.63137231e+00  1.64658429e+00  7.61e-03 6.20e-08  1.02e-07  12472s
 166   1.63145221e+00  1.64662140e+00  7.58e-03 6.15e-08  1.02e-07  12581s
 167   1.63151936e+00  1.64664558e+00  7.55e-03 5.94e-08  1.01e-07  12675s
 168   1.63152872e+00  1.64668916e+00  7.54e-03 5.89e-08  1.01e-07  12813s
 169   1.63152918e+00  1.64669177e+00  7.54e-03 5.89e-08  1.01e-07  12865s
 170   1.63157667e+00  1.64674295e+00  7.52e-03 5.85e-08  1.01e-07  12939s
 171   1.63160385e+00  1.64680539e+00  7.51e-03 5.75e-08  1.00e-07  13026s
 172   1.63170148e+00  1.64685530e+00  7.47e-03 5.62e-08  9.91e-08  13231s
 173   1.63172793e+00  1.64693862e+00  7.45e-03 5.26e-08  9.84e-08  13300s
 174   1.63173152e+00  1.64703839e+00  7.45e-03 5.15e-08  9.80e-08  13408s
 175   1.63173732e+00  1.64705784e+00  7.45e-03 5.09e-08  9.78e-08  13513s
 176   1.63176562e+00  1.64709619e+00  7.44e-03 4.98e-08  9.71e-08  13608s
 177   1.63176766e+00  1.64710625e+00  7.44e-03 5.10e-08  9.70e-08  13677s
 178   1.63295513e+00  1.64713398e+00  6.91e-03 5.03e-08  9.10e-08  13760s
 179   1.63297238e+00  1.64716236e+00  6.91e-03 4.94e-08  9.07e-08  13821s
 180   1.63297244e+00  1.64716404e+00  6.91e-03 4.95e-08  9.07e-08  13878s
 181   1.63297857e+00  1.64717701e+00  6.90e-03 4.97e-08  9.05e-08  13924s
 182   1.63298090e+00  1.64719248e+00  6.90e-03 5.08e-08  9.03e-08  13964s
 183   1.63312957e+00  1.64724402e+00  6.84e-03 4.84e-08  8.91e-08  14035s
 184   1.63313499e+00  1.64725564e+00  6.84e-03 4.83e-08  8.89e-08  14095s
 185   1.63327025e+00  1.64744536e+00  6.77e-03 4.04e-08  8.63e-08  14207s
 186   1.63328631e+00  1.64746166e+00  6.77e-03 4.10e-08  8.60e-08  14272s
 187   1.63328858e+00  1.64749849e+00  6.77e-03 3.89e-08  8.58e-08  14337s
 188   1.63328929e+00  1.64750227e+00  6.77e-03 3.90e-08  8.58e-08  14451s
 189   1.63330372e+00  1.64752276e+00  6.76e-03 3.70e-08  8.55e-08  14516s
 190   1.63330965e+00  1.64753140e+00  6.76e-03 3.64e-08  8.53e-08  14566s
 191   1.63333379e+00  1.64756392e+00  6.75e-03 3.70e-08  8.50e-08  14624s
 192   1.63335984e+00  1.64758297e+00  6.73e-03 3.74e-08  8.46e-08  14701s
 193   1.63365772e+00  1.64761776e+00  6.60e-03 3.75e-08  8.27e-08  14761s
 194   1.63375780e+00  1.64763848e+00  6.56e-03 3.60e-08  8.19e-08  14836s
 195   1.63379903e+00  1.64765629e+00  6.54e-03 3.43e-08  8.14e-08  14906s
 196   1.63381278e+00  1.64767833e+00  6.53e-03 3.15e-08  8.11e-08  14980s
 197   1.63381987e+00  1.64768034e+00  6.53e-03 3.18e-08  8.10e-08  15025s
 198   1.63660450e+00  1.64770958e+00  5.29e-03 2.95e-08  6.75e-08  15117s
 199   1.63659160e+00  1.64770838e+00  5.29e-03 3.35e-08  6.76e-08  15162s
 200   1.63663772e+00  1.64771663e+00  5.28e-03 3.08e-08  6.73e-08  15221s
 201   1.63663927e+00  1.64771670e+00  5.27e-03 3.04e-08  6.73e-08  15263s
 202   1.63663951e+00  1.64771991e+00  5.27e-03 3.04e-08  6.73e-08  15298s
 203   1.63667890e+00  1.64772794e+00  5.26e-03 3.05e-08  6.70e-08  15444s
 204   1.63667988e+00  1.64772876e+00  5.26e-03 3.05e-08  6.70e-08  15516s
 205   1.63668003e+00  1.64772860e+00  5.26e-03 3.05e-08  6.70e-08  15585s
 206   1.63668588e+00  1.64775652e+00  5.25e-03 3.89e-08  6.64e-08  15669s
 207   1.63669369e+00  1.64776747e+00  5.25e-03 3.81e-08  6.61e-08  15725s
 208   1.63670148e+00  1.64777088e+00  5.25e-03 3.74e-08  6.60e-08  15802s
 209   1.63670552e+00  1.64777482e+00  5.24e-03 3.67e-08  6.59e-08  15899s
 210   1.63671609e+00  1.64778196e+00  5.24e-03 3.64e-08  6.58e-08  15947s
 211   1.63671909e+00  1.64778487e+00  5.24e-03 3.63e-08  6.57e-08  15994s
 212   1.63671939e+00  1.64778618e+00  5.24e-03 3.60e-08  6.57e-08  16044s
 213   1.63675308e+00  1.64778865e+00  5.22e-03 3.68e-08  6.54e-08  16106s
 214   1.63675752e+00  1.64778915e+00  5.22e-03 3.64e-08  6.54e-08  16153s
 215   1.63676626e+00  1.64779881e+00  5.22e-03 3.52e-08  6.51e-08  16225s
 216   1.63676637e+00  1.64779900e+00  5.22e-03 3.53e-08  6.51e-08  16270s
 217   1.63677566e+00  1.64780090e+00  5.21e-03 3.53e-08  6.50e-08  16319s
 218   1.63679278e+00  1.64780668e+00  5.20e-03 3.46e-08  6.48e-08  16407s
 219   1.63678911e+00  1.64780856e+00  5.21e-03 3.47e-08  6.49e-08  16456s
 220   1.63678983e+00  1.64780975e+00  5.21e-03 3.42e-08  6.48e-08  16526s
 221   1.63678991e+00  1.64780958e+00  5.21e-03 3.40e-08  6.48e-08  16584s
 222   1.63679560e+00  1.64781441e+00  5.20e-03 3.33e-08  6.47e-08  16649s
 223   1.63767750e+00  1.64781864e+00  4.80e-03 3.31e-08  6.03e-08  16729s
 224   1.63767839e+00  1.64781911e+00  4.80e-03 3.19e-08  6.03e-08  16823s
 225   1.63767866e+00  1.64781958e+00  4.80e-03 3.12e-08  6.03e-08  16874s
 226   1.63768675e+00  1.64782329e+00  4.79e-03 2.99e-08  5.99e-08  17022s
 227   1.63770003e+00  1.64782578e+00  4.79e-03 3.02e-08  5.97e-08  17130s
 228   1.63774829e+00  1.64782830e+00  4.77e-03 2.94e-08  5.93e-08  17198s
 229   1.63776126e+00  1.64783019e+00  4.76e-03 2.92e-08  5.92e-08  17345s
 230   1.63776148e+00  1.64783023e+00  4.76e-03 2.91e-08  5.92e-08  17390s
 231   1.63776208e+00  1.64783580e+00  4.76e-03 2.87e-08  5.92e-08  17515s
 232   1.63778364e+00  1.64783962e+00  4.75e-03 2.67e-08  5.88e-08  17565s
 233   1.63781593e+00  1.64783963e+00  4.74e-03 2.69e-08  5.85e-08  17639s
 234   1.63781889e+00  1.64783972e+00  4.73e-03 2.73e-08  5.85e-08  17679s
 235   1.63781924e+00  1.64783957e+00  4.73e-03 2.71e-08  5.85e-08  17742s
 236   1.63782089e+00  1.64786600e+00  4.73e-03 2.70e-08  5.85e-08  17825s
 237   1.63782199e+00  1.64786599e+00  4.73e-03 2.68e-08  5.84e-08  17894s
 238   1.63782428e+00  1.64786688e+00  4.73e-03 2.67e-08  5.84e-08  17941s
 239   1.63782440e+00  1.64786688e+00  4.73e-03 2.67e-08  5.84e-08  17988s
 240   1.63782737e+00  1.64786689e+00  4.73e-03 2.65e-08  5.84e-08  18074s
 241   1.63783050e+00  1.64786619e+00  4.73e-03 2.72e-08  5.83e-08  18176s
 242   1.63783063e+00  1.64786564e+00  4.73e-03 2.75e-08  5.83e-08  18220s
 243   1.63830679e+00  1.64787125e+00  4.51e-03 4.39e-08  5.61e-08  18281s
 244   1.63830831e+00  1.64787131e+00  4.51e-03 4.39e-08  5.61e-08  18335s
 245   1.63830836e+00  1.64787165e+00  4.51e-03 4.24e-08  5.61e-08  18407s
 246   1.63831075e+00  1.64787151e+00  4.51e-03 4.40e-08  5.61e-08  18451s
 247   1.63831215e+00  1.64787151e+00  4.51e-03 4.56e-08  5.60e-08  18489s
 248   1.63834171e+00  1.64787425e+00  4.49e-03 4.33e-08  5.58e-08  18586s
 249   1.63834972e+00  1.64786849e+00  4.49e-03 7.77e-08  5.58e-08  18642s
 250   1.63836892e+00  1.64786359e+00  4.48e-03 9.53e-08  5.56e-08  18703s
 251   1.63838628e+00  1.64786499e+00  4.47e-03 9.42e-08  5.55e-08  18848s
 252   1.63838669e+00  1.64786674e+00  4.47e-03 8.95e-08  5.55e-08  18892s
 253   1.64095844e+00  1.64790700e+00  3.22e-03 7.40e-08  4.33e-08  18979s
 254   1.64100030e+00  1.64789981e+00  3.20e-03 4.97e-08  4.15e-08  19067s
 255   1.64100068e+00  1.64789898e+00  3.20e-03 4.96e-08  4.15e-08  19107s
 256   1.64100828e+00  1.64789832e+00  3.20e-03 4.81e-08  4.14e-08  19165s
 257   1.64100985e+00  1.64789827e+00  3.19e-03 4.72e-08  4.13e-08  19225s
 258   1.64100987e+00  1.64789824e+00  3.19e-03 4.72e-08  4.13e-08  19271s
 259   1.64102060e+00  1.64789985e+00  3.19e-03 4.65e-08  4.12e-08  19338s
 260   1.64102754e+00  1.64789909e+00  3.19e-03 4.57e-08  4.12e-08  19393s
 261   1.64102965e+00  1.64789998e+00  3.19e-03 4.53e-08  4.11e-08  19468s
 262   1.64102985e+00  1.64789983e+00  3.19e-03 4.54e-08  4.11e-08  19512s
 263   1.64103158e+00  1.64789967e+00  3.19e-03 4.42e-08  4.11e-08  19579s
 264   1.64103047e+00  1.64790054e+00  3.19e-03 4.33e-08  4.11e-08  19647s
 265   1.64103128e+00  1.64789976e+00  3.19e-03 4.30e-08  4.11e-08  19698s
 266   1.64103307e+00  1.64789907e+00  3.18e-03 4.21e-08  4.10e-08  19747s
 267   1.64103307e+00  1.64789905e+00  3.18e-03 4.21e-08  4.10e-08  19798s
 268   1.64103325e+00  1.64789891e+00  3.18e-03 4.20e-08  4.10e-08  19860s
 269   1.64104466e+00  1.64789653e+00  3.18e-03 4.11e-08  4.09e-08  19927s
 270   1.64104482e+00  1.64789992e+00  5.24e-03 3.69e-08  4.09e-08  19990s
 271   1.64104510e+00  1.64789871e+00  5.24e-03 3.64e-08  4.08e-08  20035s
 272   1.64104581e+00  1.64789868e+00  5.24e-03 3.64e-08  4.08e-08  20088s
 273   1.64104352e+00  1.64790043e+00  5.24e-03 3.46e-08  4.09e-08  20131s
 274   1.64104414e+00  1.64789977e+00  5.24e-03 3.41e-08  4.09e-08  20209s

Barrier performed 274 iterations in 20209.45 seconds (12086.59 work units)
Sub-optimal termination - objective 1.64104414e+00

