Set parameter Username
Academic license - for non-commercial use only - expires 2027-02-09
Set parameter Threads to value 4
Set parameter Method to value 2
Set parameter BarOrder to value 1
Set parameter BarHomogeneous to value 1
Set parameter NumericFocus to value 2
Set parameter Crossover to value 0
Gurobi Optimizer version 9.5.1 build v9.5.1rc2 (linux64)
Thread count: 32 physical cores, 64 logical processors, using up to 4 threads
Optimize a model with 728825 rows, 451470 columns and 3865631 nonzeros
Model fingerprint: 0x1a37352b
Coefficient statistics:
  Matrix range     [1e-04, 3e+00]
  Objective range  [1e+00, 1e+00]
  Bounds range     [0e+00, 0e+00]
  RHS range        [1e-03, 1e+00]
Presolve removed 244496 rows and 341944 columns
Presolve time: 2.19s
Presolved: 484329 rows, 109526 columns, 2992082 nonzeros
Ordering time: 0.44s

Barrier statistics:
 Dense cols : 134
 AA' NZ     : 4.418e+06
 Factor NZ  : 6.396e+06 (roughly 240 MB of memory)
 Factor Ops : 2.065e+08 (less than 1 second per iteration)
 Threads    : 4

                  Objective                Residual
Iter       Primal          Dual         Primal    Dual     Compl     Time
   0   9.55023867e+00  1.25000000e+02  8.42e+06 6.25e-02  1.00e+06    63s
   1   9.55023867e-01  6.16599073e+05  5.51e+06 2.32e+02  4.39e+05    64s
   2   4.98130838e+00  1.17513188e+06  4.91e+06 9.16e+01  2.57e+05    64s
   3   2.16310838e+01  6.59381708e+05  3.94e+06 6.76e+01  2.02e+05    65s
   4   2.36514548e+01  1.58642658e+05  7.53e+05 2.12e+01  1.73e+04    66s
   5   2.12802723e+01  6.10011898e+04  2.84e+05 6.15e+00  2.87e+03    67s
   6   3.03517585e+00  4.27508024e+03  4.55e+03 4.25e-01  5.66e+00    67s
   7   2.39694409e+00  4.66264941e+02  6.23e+02 4.60e-02  2.75e-01    68s
   8   2.33622524e+00  1.51215067e+02  2.73e+02 1.50e-02  8.76e-02    69s
   9   2.31063037e+00  1.05259459e+02  1.54e+02 1.04e-02  5.07e-02    70s
  10   2.30536775e+00  8.93443810e+01  1.30e+02 8.75e-03  4.25e-02    70s
  11   2.30974602e+00  7.23010409e+01  1.14e+02 7.05e-03  3.95e-02    71s
  12   2.33885202e+00  5.65604556e+01  1.06e+02 5.55e-03  4.66e-02    72s
  13   1.88531675e+00  2.85718753e+01  3.47e+01 2.56e-03  1.49e-02    73s
  14   1.78262635e+00  1.32501221e+01  2.03e+01 1.12e-03  6.26e-03    74s
  15   1.75898260e+00  9.02962078e+00  1.72e+01 7.17e-04  4.38e-03    75s
  16   1.70094854e+00  6.45970597e+00  1.11e+01 4.72e-04  2.61e-03    76s
  17   1.62858540e+00  4.60998339e+00  5.63e+00 2.97e-04  1.30e-03    77s
  18   1.61406052e+00  3.78955169e+00  4.85e+00 2.19e-04  9.88e-04    78s
  19   1.56614401e+00  3.01693347e+00  2.64e+00 1.45e-04  5.24e-04    79s
  20   1.50800545e+00  2.14409954e+00  9.45e-01 6.37e-05  1.80e-04    80s
  21   1.49271193e+00  1.83766603e+00  6.72e-01 3.55e-05  1.00e-04    81s
  22   1.48222781e+00  1.74681601e+00  4.66e-01 2.71e-05  7.04e-05    82s
  23   1.47198322e+00  1.68058982e+00  1.98e-01 2.07e-05  4.38e-05    82s
  24   1.47255121e+00  1.55999081e+00  7.92e-02 8.72e-06  1.57e-05    83s
  25   1.47926122e+00  1.53720875e+00  3.98e-02 5.37e-06  8.87e-06    85s
  26   1.49271453e+00  1.53221494e+00  2.52e-02 4.46e-06  6.55e-06    86s
  27   1.50459872e+00  1.52792498e+00  1.21e-02 3.31e-06  4.29e-06    87s
  28   1.50956533e+00  1.52682363e+00  9.45e-03 2.40e-06  2.98e-06    88s
  29   1.51917543e+00  1.52670969e+00  4.21e-03 1.33e-06  1.49e-06    90s
  30   1.52650651e+00  1.52996601e+00  2.52e-03 8.21e-07  9.21e-07    93s
  31   1.53007620e+00  1.53264519e+00  2.07e-03 6.27e-07  7.27e-07    97s
  32   1.53132694e+00  1.53491218e+00  1.94e-03 5.30e-07  6.50e-07   100s
  33   1.53290400e+00  1.53642126e+00  1.79e-03 4.75e-07  6.01e-07   103s
  34   1.53473958e+00  1.53900845e+00  1.61e-03 3.89e-07  5.32e-07   107s
  35   1.53672013e+00  1.54153331e+00  1.43e-03 3.11e-07  4.66e-07   113s
  36   1.53867572e+00  1.54339797e+00  1.24e-03 2.55e-07  4.06e-07   118s
  37   1.53996088e+00  1.54451001e+00  1.12e-03 2.20e-07  3.66e-07   122s
  38   1.54164926e+00  1.54503570e+00  9.46e-04 2.01e-07  3.23e-07   127s
  39   1.54313515e+00  1.54642788e+00  7.71e-04 1.52e-07  2.58e-07   133s
  40   1.54369208e+00  1.54738612e+00  6.95e-04 1.12e-07  2.13e-07   139s
  41   1.54491384e+00  1.54783904e+00  5.46e-04 9.14e-08  1.71e-07   146s
  42   1.54630493e+00  1.54814784e+00  3.87e-04 7.78e-08  1.35e-07   153s
  43   1.54710165e+00  1.54857005e+00  2.87e-04 5.62e-08  1.00e-07   160s
  44   1.54779098e+00  1.54889384e+00  2.03e-04 3.80e-08  6.96e-08   164s
  45   1.54810346e+00  1.54908432e+00  1.63e-04 2.67e-08  5.27e-08   166s
  46   1.54853958e+00  1.54920069e+00  1.09e-04 1.82e-08  3.57e-08   169s
  47   1.54875657e+00  1.54922573e+00  8.19e-05 1.63e-08  2.96e-08   171s
  48   1.54882593e+00  1.54929506e+00  7.41e-05 1.15e-08  2.35e-08   172s
  49   1.54891325e+00  1.54934242e+00  6.33e-05 7.33e-09  1.74e-08   173s
  50   1.54902851e+00  1.54937808e+00  4.87e-05 4.45e-09  1.23e-08   175s
  51   1.54909298e+00  1.54940360e+00  4.10e-05 2.47e-09  8.96e-09   177s
  52   1.54910852e+00  1.54941265e+00  3.91e-05 1.74e-09  7.90e-09   179s
  53   1.54927271e+00  1.54942091e+00  1.89e-05 1.13e-09  4.21e-09   180s
  54   1.54930965e+00  1.54942540e+00  1.44e-05 1.60e-09  2.83e-09   183s
  55   1.54933386e+00  1.54942623e+00  1.14e-05 2.16e-09  2.20e-09   184s
  56   1.54936324e+00  1.54942707e+00  7.91e-06 7.88e-10  1.55e-09   185s
  57   1.54936673e+00  1.54942687e+00  7.48e-06 5.14e-10  1.38e-09   186s
  58   1.54937452e+00  1.54942669e+00  6.52e-06 4.08e-10  1.17e-09   187s
  59   1.54937463e+00  1.54942653e+00  6.51e-06 5.74e-10  1.14e-09   188s
  60   1.54937499e+00  1.54942649e+00  6.46e-06 3.04e-10  1.09e-09   190s
  61   1.54937546e+00  1.54942638e+00  6.40e-06 7.18e-10  1.06e-09   191s
  62   1.54937585e+00  1.54942636e+00  6.35e-06 6.60e-10  1.05e-09   193s
  63   1.54937681e+00  1.54942632e+00  6.23e-06 5.71e-10  1.03e-09   194s
  64   1.54937814e+00  1.54942613e+00  6.06e-06 1.39e-09  9.80e-10   196s
  65   1.54937839e+00  1.54942603e+00  6.03e-06 7.44e-10  9.61e-10   197s
  66   1.54938074e+00  1.54942590e+00  5.73e-06 5.43e-10  9.06e-10   199s
  67   1.54938200e+00  1.54942571e+00  5.56e-06 2.83e-10  8.70e-10   201s
  68   1.54940615e+00  1.54942549e+00  2.45e-06 8.94e-10  3.89e-10   202s
  69   1.54941055e+00  1.54942538e+00  1.88e-06 1.90e-09  2.98e-10   204s
  70   1.54941276e+00  1.54942537e+00  1.59e-06 1.95e-09  2.54e-10   206s
  71   1.54942239e+00  1.54942523e+00  6.08e-06 9.44e-10  6.35e-11   208s
  72   1.54942245e+00  1.54942523e+00  5.93e-06 1.75e-09  6.21e-11   212s
  73   1.54942254e+00  1.54942522e+00  6.37e-05 4.27e-09  5.96e-11   215s
  74   1.54942320e+00  1.54942522e+00  4.64e-05 3.78e-09  4.53e-11   219s
  75   1.54942345e+00  1.54942505e+00  3.99e-05 1.21e-08  3.58e-11   221s
  76   1.54942478e+00  1.54942500e+00  5.13e-06 1.32e-08  6.65e-12   224s
  77   1.54942479e+00  1.54942494e+00  5.02e-06 1.09e-09  5.17e-12   226s
  78   1.54942488e+00  1.54942494e+00  6.56e-07 9.82e-10  1.12e-12   228s
  79   1.54942491e+00  1.54942493e+00  1.50e-07 4.65e-10  6.20e-13   230s
  80   1.54942491e+00  1.54942493e+00  7.08e-08 6.29e-10  5.44e-13   231s

Barrier solved model in 80 iterations and 231.46 seconds (164.25 work units)
Optimal objective 1.54942491e+00

