Set parameter Username
Academic license - for non-commercial use only - expires 2027-02-09
Set parameter Threads to value 4
Set parameter Method to value 2
Set parameter BarOrder to value 1
Set parameter BarHomogeneous to value 1
Set parameter NumericFocus to value 2
Set parameter Crossover to value 0
Gurobi Optimizer version 9.5.1 build v9.5.1rc2 (linux64)
Thread count: 32 physical cores, 64 logical processors, using up to 4 threads
Optimize a model with 266013 rows, 58124 columns and 1903163 nonzeros
Model fingerprint: 0x775de154
Coefficient statistics:
  Matrix range     [7e-05, 3e+00]
  Objective range  [1e+00, 1e+00]
  Bounds range     [0e+00, 0e+00]
  RHS range        [1e-03, 1e+00]
Presolve removed 43162 rows and 121717 columns
Presolve time: 0.91s
Presolved: 14962 rows, 144296 columns, 992527 nonzeros
Ordering time: 0.07s

Barrier statistics:
 Dense cols : 45
 AA' NZ     : 1.156e+05
 Factor NZ  : 3.351e+05 (roughly 70 MB of memory)
 Factor Ops : 9.847e+06 (less than 1 second per iteration)
 Threads    : 4

                  Objective                Residual
Iter       Primal          Dual         Primal    Dual     Compl     Time
   0   2.11479827e+06  0.00000000e+00  2.88e+07 0.00e+00  1.00e+06     1s
   1   1.77514575e+06  5.92934484e+01  2.41e+07 7.82e+02  8.44e+05     1s
   2   1.59655646e+06  5.74119891e+01  2.16e+07 7.61e+02  7.70e+05     1s
   3   1.20325558e+06  2.30929938e+01  1.62e+07 5.77e+02  5.82e+05     2s
   4   9.57277022e+05  1.31877856e+01  1.29e+07 4.83e+02  4.46e+05     2s
   5   7.44665218e+05  1.50051670e+01  9.98e+06 4.08e+02  3.59e+05     2s
   6   6.18704052e+05  2.26267037e+01  8.30e+06 3.99e+02  3.25e+05     2s
   7   5.29678769e+05  2.35638515e+01  7.12e+06 3.76e+02  2.93e+05     2s
   8   4.80390070e+05  1.96054333e+01  6.45e+06 3.52e+02  2.66e+05     2s
   9   3.84668401e+05  2.21002358e+01  5.15e+06 3.20e+02  2.29e+05     2s
  10   3.31761950e+05  2.44811196e+01  4.44e+06 2.84e+02  2.03e+05     3s
  11   2.44832351e+05  2.15482644e+01  3.27e+06 2.67e+02  1.69e+05     3s
  12   2.06481668e+05  1.41503928e+01  2.74e+06 2.41e+02  1.44e+05     3s
  13   1.61210127e+05  1.11623946e+01  2.11e+06 2.28e+02  1.13e+05     3s
  14   1.29981942e+05  1.74591121e+00  1.67e+06 1.48e+02  6.53e+04     3s
  15   1.18554080e+05  5.67118921e-01  1.53e+06 1.23e+02  5.18e+04     3s
  16   3.71050060e+04 -6.62372682e-01  4.51e+05 8.00e+01  1.14e+04     4s
  17   2.46332789e+02  1.59296987e-02  3.21e+03 7.69e-01  9.49e-01     4s
  18   1.29551376e+02  1.39958925e-01  1.65e+03 2.35e-01  2.16e-01     4s
  19   7.01008161e+01  1.26659424e-01  8.82e+02 1.14e-01  8.47e-02     4s
  20   4.33855307e+01  3.19682089e-01  5.39e+02 6.20e-02  3.83e-02     4s
  21   2.98944121e+01  5.84769771e-01  3.65e+02 3.80e-02  1.91e-02     4s
  22   1.98930719e+01  8.60284454e-01  2.36e+02 2.00e-02  8.61e-03     4s
  23   9.41101445e+00  9.15130771e-01  1.03e+02 1.67e-02  3.63e-03     4s
  24   6.11939266e+00  1.00747367e+00  6.03e+01 1.29e-02  1.91e-03     5s
  25   5.13458175e+00  1.13101940e+00  4.74e+01 8.95e-03  1.21e-03     5s
  26   4.18990229e+00  1.38696339e+00  3.51e+01 2.71e-03  4.57e-04     5s
  27   3.44957012e+00  1.41930207e+00  2.54e+01 1.81e-03  2.96e-04     5s
  28   2.72154287e+00  1.50566901e+00  1.52e+01 1.13e-03  1.62e-04     5s
  29   2.36957241e+00  1.58331461e+00  1.02e+01 4.87e-04  8.50e-05     5s
  30   2.00641771e+00  1.60188426e+00  5.03e+00 3.35e-04  4.49e-05     5s
  31   1.95205657e+00  1.61337644e+00  4.27e+00 2.39e-04  3.60e-05     6s
  32   1.92530117e+00  1.61452050e+00  3.90e+00 2.22e-04  3.32e-05     6s
  33   1.88259819e+00  1.61853628e+00  3.29e+00 1.95e-04  2.81e-05     6s
  34   1.80113121e+00  1.62802162e+00  2.14e+00 1.30e-04  1.80e-05     6s
  35   1.75007963e+00  1.63777221e+00  1.41e+00 7.35e-05  1.08e-05     6s
  36   1.73444450e+00  1.64234871e+00  1.19e+00 4.87e-05  8.10e-06     6s
  37   1.68715906e+00  1.64602329e+00  5.05e-01 2.76e-05  3.77e-06     7s
  38   1.67116042e+00  1.64793965e+00  2.84e-01 1.35e-05  2.08e-06     7s
  39   1.66665419e+00  1.64849535e+00  2.23e-01 9.94e-06  1.60e-06     7s
  40   1.66028574e+00  1.64907330e+00  1.38e-01 5.71e-06  9.75e-07     7s
  41   1.65713201e+00  1.64942196e+00  9.54e-02 3.69e-06  6.58e-07     7s
  42   1.65569805e+00  1.64965129e+00  7.59e-02 2.33e-06  4.95e-07     7s
  43   1.65338145e+00  1.64978631e+00  4.41e-02 1.64e-06  3.04e-07     8s
  44   1.65245927e+00  1.64995817e+00  3.14e-02 8.28e-07  1.99e-07     8s
  45   1.65113296e+00  1.65000902e+00  1.34e-02 5.37e-07  9.76e-08     8s
  46   1.65052462e+00  1.65007352e+00  5.27e-03 2.04e-07  4.01e-08     8s
  47   1.65026662e+00  1.65009658e+00  1.96e-03 7.56e-08  1.53e-08     9s
  48   1.65018301e+00  1.65010308e+00  9.07e-04 3.97e-08  7.38e-09     9s
  49   1.65014462e+00  1.65010552e+00  4.31e-04 2.68e-08  3.80e-09    10s
  50   1.65013743e+00  1.65010778e+00  3.42e-04 1.23e-08  2.60e-09    10s
  51   1.65012230e+00  1.65010866e+00  1.59e-04 3.40e-09  1.15e-09    10s
  52   1.65011390e+00  1.65010902e+00  5.76e-05 6.71e-10  4.09e-10    10s
  53   1.65011346e+00  1.65010908e+00  5.23e-05 3.43e-10  3.60e-10    10s
  54   1.65011334e+00  1.65010911e+00  5.08e-05 1.72e-10  3.44e-10    11s
  55   1.65011314e+00  1.65010912e+00  4.84e-05 8.63e-11  3.26e-10    11s
  56   1.65011314e+00  1.65010913e+00  4.84e-05 4.54e-11  3.23e-10    11s
  57   1.65011313e+00  1.65010913e+00  4.82e-05 2.77e-11  3.21e-10    12s
  58   1.65011311e+00  1.65010913e+00  4.80e-05 3.22e-11  3.19e-10    12s
  59   1.65011308e+00  1.65010913e+00  4.76e-05 6.90e-11  3.17e-10    13s
  60   1.65011307e+00  1.65010913e+00  4.75e-05 8.74e-11  3.16e-10    13s
  61   1.65011305e+00  1.65010913e+00  4.73e-05 1.57e-10  3.15e-10    13s
  62   1.65011303e+00  1.65010913e+00  4.70e-05 9.46e-11  3.13e-10    14s
  63   1.65011297e+00  1.65010913e+00  4.63e-05 1.75e-10  3.08e-10    14s
  64   1.65011289e+00  1.65010913e+00  4.53e-05 2.14e-10  3.02e-10    15s
  65   1.65011286e+00  1.65010913e+00  4.49e-05 1.39e-10  2.99e-10    15s
  66   1.65011285e+00  1.65010914e+00  4.49e-05 1.60e-10  2.98e-10    15s
  67   1.65011285e+00  1.65010914e+00  4.48e-05 1.16e-10  2.98e-10    16s
  68   1.65011284e+00  1.65010914e+00  4.48e-05 1.71e-10  2.98e-10    16s
  69   1.65011284e+00  1.65010913e+00  4.48e-05 2.88e-10  2.98e-10    16s
  70   1.65011284e+00  1.65010913e+00  4.48e-05 3.30e-10  2.98e-10    17s
  71   1.65011284e+00  1.65010910e+00  4.48e-05 1.76e-10  3.05e-10    17s
  72   1.65011195e+00  1.65010912e+00  3.41e-05 4.58e-11  2.30e-10    18s
  73   1.65011181e+00  1.65010913e+00  3.23e-05 2.28e-11  2.17e-10    18s
  74   1.65011158e+00  1.65010913e+00  2.95e-05 1.22e-11  1.97e-10    18s
  75   1.65011135e+00  1.65010913e+00  2.68e-05 2.40e-12  1.79e-10    19s
  76   1.65011135e+00  1.65010914e+00  2.68e-05 7.01e-12  1.78e-10    19s
  77   1.65011051e+00  1.65010914e+00  1.66e-05 1.01e-11  1.11e-10    20s
  78   1.65011043e+00  1.65010914e+00  1.56e-05 1.22e-10  1.04e-10    20s
  79   1.65011042e+00  1.65010914e+00  1.55e-05 1.35e-10  1.03e-10    20s
  80   1.65011042e+00  1.65010914e+00  1.55e-05 1.37e-10  1.03e-10    21s
  81   1.65010985e+00  1.65010914e+00  8.81e-06 6.15e-11  5.70e-11    21s
  82   1.65010985e+00  1.65010914e+00  8.81e-06 8.91e-11  5.70e-11    21s
  83   1.65010985e+00  1.65010914e+00  8.79e-06 1.20e-10  5.69e-11    21s
  84   1.65010985e+00  1.65010914e+00  8.79e-06 2.08e-10  5.69e-11    22s
  85   1.65010984e+00  1.65010914e+00  8.77e-06 3.16e-10  5.69e-11    22s
  86   1.65010984e+00  1.65010914e+00  8.77e-06 2.82e-10  5.70e-11    22s
  87   1.65010984e+00  1.65010914e+00  8.77e-06 4.06e-10  5.73e-11    23s
  88   1.65010984e+00  1.65010913e+00  8.77e-06 5.76e-10  5.80e-11    24s
  89   1.65010984e+00  1.65010914e+00  8.77e-06 2.95e-10  5.74e-11    24s
  90   1.65010967e+00  1.65010914e+00  6.65e-06 1.52e-10  4.34e-11    24s
  91   1.65010965e+00  1.65010914e+00  6.35e-06 7.57e-11  4.13e-11    25s
  92   1.65010965e+00  1.65010914e+00  6.31e-06 7.67e-11  4.10e-11    25s
  93   1.65010965e+00  1.65010914e+00  6.31e-06 7.26e-11  4.10e-11    26s
  94   1.65010965e+00  1.65010914e+00  6.31e-06 8.98e-11  4.10e-11    26s
  95   1.65010965e+00  1.65010914e+00  6.31e-06 1.57e-10  4.11e-11    26s
  96   1.65010965e+00  1.65010914e+00  6.31e-06 1.86e-10  4.12e-11    27s
  97   1.65010965e+00  1.65010914e+00  6.31e-06 1.00e-09  4.13e-11    27s
  98   1.65010965e+00  1.65010913e+00  6.31e-06 9.67e-10  4.16e-11    28s
  99   1.65010965e+00  1.65010913e+00  6.30e-06 1.08e-09  4.16e-11    29s
 100   1.65010965e+00  1.65010912e+00  6.30e-06 1.15e-09  4.38e-11    29s
 101   1.65010964e+00  1.65010912e+00  6.30e-06 1.13e-09  4.47e-11    30s
 102   1.65010954e+00  1.65010913e+00  4.96e-06 5.73e-10  3.41e-11    30s
 103   1.65010926e+00  1.65010914e+00  1.50e-06 1.80e-10  1.04e-11    31s
 104   1.65010925e+00  1.65010914e+00  1.40e-06 9.33e-11  9.48e-12    31s
 105   1.65010925e+00  1.65010914e+00  1.40e-06 4.84e-11  9.28e-12    32s
 106   1.65010925e+00  1.65010914e+00  1.40e-06 8.06e-11  9.21e-12    32s
 107   1.65010925e+00  1.65010914e+00  1.40e-06 6.18e-11  9.21e-12    32s
 108   1.65010925e+00  1.65010914e+00  1.40e-06 3.45e-10  9.27e-12    33s
 109   1.65010925e+00  1.65010914e+00  1.40e-06 1.97e-10  9.30e-12    34s
 110   1.65010925e+00  1.65010914e+00  1.40e-06 3.15e-10  9.33e-12    34s
 111   1.65010925e+00  1.65010914e+00  1.40e-06 3.11e-10  9.35e-12    35s
 112   1.65010925e+00  1.65010914e+00  1.40e-06 3.73e-10  9.37e-12    36s
 113   1.65010925e+00  1.65010914e+00  1.40e-06 4.97e-10  9.37e-12    36s
 114   1.65010925e+00  1.65010914e+00  1.40e-06 6.69e-10  9.38e-12    37s
 115   1.65010924e+00  1.65010914e+00  1.28e-06 6.43e-10  9.21e-12    37s
 116   1.65010924e+00  1.65010914e+00  1.28e-06 7.77e-10  9.20e-12    37s
 117   1.65010924e+00  1.65010914e+00  1.28e-06 3.47e-10  9.44e-12    38s
 118   1.65010924e+00  1.65010914e+00  1.24e-06 1.74e-10  8.94e-12    38s
 119   1.65010924e+00  1.65010914e+00  1.24e-06 1.05e-10  8.79e-12    39s
 120   1.65010918e+00  1.65010914e+00  5.74e-07 5.32e-11  4.07e-12    39s
 121   1.65010918e+00  1.65010914e+00  5.74e-07 4.57e-11  4.04e-12    39s
 122   1.65010918e+00  1.65010914e+00  5.74e-07 3.88e-11  4.02e-12    40s
 123   1.65010918e+00  1.65010914e+00  5.74e-07 6.62e-11  4.01e-12    40s

Barrier solved model in 123 iterations and 40.18 seconds (42.78 work units)
Optimal objective 1.65010918e+00

