Set parameter Username
Academic license - for non-commercial use only - expires 2027-02-09
Set parameter Threads to value 4
Set parameter Method to value 2
Set parameter BarOrder to value 1
Set parameter BarHomogeneous to value 1
Set parameter NumericFocus to value 2
Set parameter Crossover to value 0
Gurobi Optimizer version 9.5.1 build v9.5.1rc2 (linux64)
Thread count: 32 physical cores, 64 logical processors, using up to 4 threads
Optimize a model with 19486861 rows, 38519922 columns and 140929033 nonzeros
Model fingerprint: 0x210c0a18
Coefficient statistics:
  Matrix range     [7e-05, 3e+00]
  Objective range  [1e+00, 1e+00]
  Bounds range     [0e+00, 0e+00]
  RHS range        [1e-03, 1e+00]
Presolve removed 0 rows and 0 columns (presolve time = 11s) ...
Presolve removed 5725274 rows and 33247568 columns (presolve time = 16s) ...
Presolve removed 5725274 rows and 33247568 columns (presolve time = 22s) ...
Presolve removed 5725274 rows and 33247659 columns (presolve time = 26s) ...
Presolve removed 7805839 rows and 33247659 columns (presolve time = 33s) ...
Presolve removed 7808180 rows and 33250000 columns (presolve time = 39s) ...
Presolve removed 7814120 rows and 33255940 columns (presolve time = 73s) ...
Presolve removed 7830682 rows and 33255941 columns (presolve time = 79s) ...
Presolve removed 7830682 rows and 33255941 columns (presolve time = 81s) ...
Presolve removed 7830682 rows and 33255941 columns (presolve time = 89s) ...
Presolve removed 7830682 rows and 33255941 columns
Presolve time: 91.54s
Presolved: 11656179 rows, 5263981 columns, 80416312 nonzeros
Elapsed ordering time = 7s
Elapsed ordering time = 10s
Elapsed ordering time = 16s
Ordering time: 18.85s

Barrier statistics:
 Dense cols : 424
 AA' NZ     : 3.085e+08
 Factor NZ  : 4.947e+08 (roughly 8.0 GB of memory)
 Factor Ops : 5.535e+10 (roughly 2 seconds per iteration)
 Threads    : 4

                  Objective                Residual
Iter       Primal          Dual         Primal    Dual     Compl     Time
   0   3.77152927e+00  3.12500000e+01  1.97e+08 6.25e-02  1.00e+06  3354s
   1   1.87227106e+00  4.01700765e+05  1.41e+08 4.48e+02  6.50e+05  3375s
   2   5.60000682e+00  7.70974759e+05  1.13e+08 1.54e+02  4.58e+05  3405s
   3   9.35006219e+00  2.85223644e+06  9.80e+07 1.09e+02  3.89e+05  3438s
   4   2.00844834e+00  1.56028208e+05  3.01e+05 6.27e+00  7.52e+01  3473s
   5   1.92867055e+00  2.68699279e+04  2.54e+04 1.08e+00  2.74e+00  3498s
   6   1.92561353e+00  1.13616321e+04  6.95e+03 4.62e-01  7.48e-01  3529s
   7   1.92458579e+00  5.23088533e+03  2.22e+03 2.32e-01  2.66e-01  3563s
   8   1.92431723e+00  3.28916230e+03  1.04e+03 1.53e-01  1.44e-01  3592s
   9   1.92436035e+00  2.34838565e+03  6.88e+02 1.10e-01  9.93e-02  3615s
  10   1.92444911e+00  1.55136929e+03  4.34e+02 7.33e-02  6.44e-02  3640s
  11   1.92471587e+00  1.01813972e+03  3.41e+02 4.84e-02  4.63e-02  3673s
  12   1.92470666e+00  7.50910578e+02  3.02e+02 3.55e-02  3.77e-02  3704s
  13   1.92448281e+00  5.85376033e+02  2.68e+02 2.65e-02  3.26e-02  3730s
  14   1.92128999e+00  4.38465645e+02  2.27e+02 1.88e-02  2.98e-02  3763s
  15   1.91988359e+00  3.56009822e+02  2.24e+02 1.66e-02  3.53e-02  3806s
  16   1.91647776e+00  3.35810705e+02  2.20e+02 1.63e-02  3.69e-02  3857s
  17   1.90818628e+00  3.25811547e+02  2.12e+02 1.60e-02  3.58e-02  3908s
  18   1.88888976e+00  2.18399441e+02  1.94e+02 1.04e-02  3.22e-02  3959s
  19   1.84569257e+00  1.53544159e+02  1.54e+02 7.19e-03  2.35e-02  4008s
  20   1.80407667e+00  1.11861297e+02  1.17e+02 5.08e-03  1.58e-02  4056s
  21   1.76805215e+00  8.35094069e+01  8.46e+01 3.72e-03  1.08e-02  4106s
  22   1.72637653e+00  4.51280052e+01  4.91e+01 1.97e-03  5.61e-03  4154s
  23   1.69056119e+00  2.40435497e+01  1.83e+01 1.02e-03  2.08e-03  4202s
  24   1.67769640e+00  1.86522238e+01  8.82e+00 7.78e-04  1.14e-03  4245s
  25   1.67033787e+00  1.53820892e+01  6.32e+00 6.32e-04  8.69e-04  4284s
  26   1.66665726e+00  1.27261328e+01  5.46e+00 5.12e-04  7.36e-04  4314s
  27   1.65715855e+00  1.14691795e+01  4.29e+00 4.56e-04  6.31e-04  4343s
  28   1.64236895e+00  1.02195930e+01  3.37e+00 4.00e-04  5.57e-04  4382s
  29   1.62714672e+00  9.52463756e+00  2.84e+00 3.70e-04  5.34e-04  4420s
  30   1.60237304e+00  8.77331188e+00  2.27e+00 3.37e-04  5.19e-04  4478s
  31   1.58056841e+00  8.22967657e+00  1.96e+00 3.13e-04  5.19e-04  4535s
  32   1.56573279e+00  7.61284783e+00  1.74e+00 2.86e-04  4.99e-04  4655s
  33   1.55096887e+00  7.26523265e+00  1.58e+00 2.70e-04  4.25e-04  4801s
  34   1.54321368e+00  6.61658683e+00  1.51e+00 2.41e-04  3.99e-04  4962s
  35   1.52360601e+00  6.17898625e+00  1.32e+00 2.22e-04  3.75e-04  5128s
  36   1.49712159e+00  5.45337048e+00  1.07e+00 1.88e-04  3.27e-04  5306s
  37   1.48065810e+00  4.74858222e+00  9.16e-01 1.56e-04  2.75e-04  5485s
  38   1.45580956e+00  3.84746235e+00  6.55e-01 1.14e-04  1.97e-04  5736s
  39   1.44006935e+00  3.37032305e+00  4.44e-01 9.17e-05  1.50e-04  6036s
  40   1.43694857e+00  3.15368307e+00  3.66e-01 8.15e-05  1.28e-04  6348s
  41   1.43504025e+00  2.74274814e+00  2.77e-01 6.22e-05  9.14e-05  7033s
  42   1.43347219e+00  2.28663092e+00  1.93e-01 4.07e-05  5.59e-05  7879s
  43   1.43728058e+00  1.84415086e+00  7.11e-02 1.95e-05  2.28e-05  8459s
  44   1.45048444e+00  1.59859465e+00  2.48e-02 7.37e-06  7.52e-06  8803s
  45   1.45812470e+00  1.55618068e+00  1.46e-02 4.93e-06  4.76e-06  8914s
  46   1.46525442e+00  1.54899239e+00  9.77e-03 4.40e-06  4.04e-06  9015s
  47   1.46787896e+00  1.54577449e+00  8.89e-03 4.18e-06  3.76e-06  9103s
  48   1.47134558e+00  1.54302439e+00  7.75e-03 3.98e-06  3.49e-06  9193s
  49   1.47519037e+00  1.53930562e+00  6.44e-03 3.70e-06  3.16e-06  9260s
  50   1.47617704e+00  1.53873144e+00  6.07e-03 3.66e-06  3.09e-06  9342s
  51   1.47831120e+00  1.52579792e+00  5.36e-03 2.64e-06  2.21e-06  9428s
  52   1.48073750e+00  1.52389447e+00  4.64e-03 2.47e-06  2.03e-06  9513s
  53   1.48120218e+00  1.52170952e+00  4.50e-03 2.28e-06  1.87e-06  9619s
  54   1.48164432e+00  1.52037151e+00  4.38e-03 2.15e-06  1.76e-06  9739s
  55   1.48210134e+00  1.51787356e+00  4.25e-03 1.91e-06  1.57e-06  9786s
  56   1.48604266e+00  1.51610099e+00  3.44e-03 1.73e-06  1.37e-06  9866s
  57   1.48662670e+00  1.51400194e+00  3.33e-03 1.53e-06  1.21e-06  9943s
  58   1.49022324e+00  1.51289387e+00  2.67e-03 1.35e-06  1.03e-06  10031s
  59   1.49115768e+00  1.51265176e+00  2.52e-03 1.29e-06  9.79e-07  10087s
  60   1.49174869e+00  1.51254095e+00  2.43e-03 1.26e-06  9.50e-07  10168s
  61   1.49524495e+00  1.51227011e+00  2.00e-03 1.17e-06  8.52e-07  10230s
  62   1.49591843e+00  1.51222639e+00  1.93e-03 1.13e-06  8.13e-07  10319s
  63   1.49739455e+00  1.51226446e+00  1.77e-03 9.47e-07  6.79e-07  10366s
  64   1.49949518e+00  1.51302708e+00  1.55e-03 8.36e-07  5.90e-07  10436s
  65   1.50055224e+00  1.51319910e+00  1.45e-03 8.10e-07  5.64e-07  10496s
  66   1.50246295e+00  1.51342612e+00  1.29e-03 7.20e-07  4.91e-07  10556s
  67   1.50509750e+00  1.51391699e+00  1.10e-03 6.30e-07  4.17e-07  10611s
  68   1.50596553e+00  1.51462211e+00  1.04e-03 5.49e-07  3.64e-07  10672s
  69   1.50740454e+00  1.51559536e+00  9.42e-04 4.97e-07  3.26e-07  10733s
  70   1.51130280e+00  1.51634679e+00  7.31e-04 4.34e-07  2.70e-07  10787s
  71   1.51465875e+00  1.51809995e+00  5.89e-04 3.46e-07  2.10e-07  10884s
  72   1.51708293e+00  1.52011759e+00  5.20e-04 2.82e-07  1.73e-07  10960s
  73   1.51980241e+00  1.52431969e+00  4.65e-04 2.24e-07  1.48e-07  11056s
  74   1.52239936e+00  1.52717760e+00  4.08e-04 1.93e-07  1.32e-07  11127s
  75   1.52420590e+00  1.52914025e+00  3.77e-04 1.70e-07  1.21e-07  11181s
  76   1.52573856e+00  1.53204206e+00  3.54e-04 1.42e-07  1.10e-07  11290s
  77   1.52746839e+00  1.53412433e+00  3.29e-04 1.24e-07  1.02e-07  11370s
  78   1.53006352e+00  1.53635528e+00  2.88e-04 1.05e-07  9.06e-08  11478s
  79   1.53205262e+00  1.53810442e+00  2.58e-04 9.05e-08  8.18e-08  11552s
  80   1.53457478e+00  1.53921090e+00  2.19e-04 8.09e-08  7.23e-08  11627s
  81   1.53615924e+00  1.54013672e+00  1.93e-04 7.25e-08  6.48e-08  11717s
  82   1.53849773e+00  1.54150917e+00  1.55e-04 5.99e-08  5.32e-08  11814s
  83   1.54010816e+00  1.54248955e+00  1.26e-04 4.98e-08  4.41e-08  11898s
  84   1.54080521e+00  1.54333655e+00  1.14e-04 4.12e-08  3.85e-08  11969s
  85   1.54142089e+00  1.54357663e+00  1.03e-04 3.86e-08  3.55e-08  12049s
  86   1.54273530e+00  1.54413433e+00  7.71e-05 3.15e-08  2.81e-08  12156s
  87   1.54327786e+00  1.54429742e+00  6.65e-05 2.96e-08  2.55e-08  12236s
  88   1.54363428e+00  1.54466223e+00  6.17e-05 2.63e-08  2.30e-08  12322s
  89   1.54367205e+00  1.54501278e+00  6.10e-05 2.27e-08  2.12e-08  12417s
  90   1.54454826e+00  1.54553842e+00  4.70e-05 1.75e-08  1.62e-08  12496s
  91   1.54494199e+00  1.54598743e+00  4.03e-05 1.38e-08  1.32e-08  12592s
  92   1.54526279e+00  1.54627026e+00  3.45e-05 1.07e-08  1.08e-08  12652s
  93   1.54539424e+00  1.54658705e+00  3.23e-05 7.66e-09  8.89e-09  12719s
  94   1.54559366e+00  1.54668263e+00  2.85e-05 6.30e-09  7.71e-09  12769s
  95   1.54576591e+00  1.54673242e+00  2.53e-05 5.94e-09  6.81e-09  12826s
  96   1.54593414e+00  1.54687798e+00  2.20e-05 4.08e-09  5.28e-09  12883s
  97   1.54608893e+00  1.54690861e+00  1.91e-05 8.27e-09  4.49e-09  12956s
  98   1.54627578e+00  1.54691673e+00  1.54e-05 7.80e-09  3.80e-09  13035s
  99   1.54630891e+00  1.54691997e+00  1.50e-05 7.70e-09  3.66e-09  13098s
 100   1.54636418e+00  1.54696856e+00  1.41e-05 5.91e-09  3.22e-09  13166s
 101   1.54644058e+00  1.54698231e+00  1.27e-05 6.73e-09  2.91e-09  13238s
 102   1.54645000e+00  1.54702857e+00  1.25e-05 6.89e-09  2.62e-09  13296s
 103   1.54656617e+00  1.54703181e+00  1.04e-05 6.58e-09  2.22e-09  13366s
 104   1.54662581e+00  1.54704694e+00  9.28e-06 5.51e-09  1.93e-09  13435s
 105   1.54663221e+00  1.54705262e+00  9.15e-06 4.88e-09  1.86e-09  13487s
 106   1.54671492e+00  1.54705373e+00  7.52e-06 4.75e-09  1.59e-09  13589s
 107   1.54673503e+00  1.54705458e+00  7.13e-06 4.72e-09  1.52e-09  13698s
 108   1.54674422e+00  1.54706686e+00  6.89e-06 7.13e-09  1.43e-09  13785s
 109   1.54675285e+00  1.54707355e+00  6.81e-06 5.93e-09  1.36e-09  13883s
 110   1.54677593e+00  1.54707843e+00  5.92e-06 5.40e-09  1.26e-09  13950s
 111   1.54677786e+00  1.54708026e+00  5.86e-06 7.79e-09  1.24e-09  14070s
 112   1.54679149e+00  1.54708517e+00  5.46e-06 5.78e-09  1.16e-09  14200s
 113   1.54681494e+00  1.54708792e+00  5.05e-06 8.16e-09  1.07e-09  14299s
 114   1.54682006e+00  1.54709210e+00  4.98e-06 6.50e-09  1.03e-09  14382s
 115   1.54688420e+00  1.54709498e+00  3.73e-06 5.21e-09  7.98e-10  14537s
 116   1.54689861e+00  1.54709605e+00  3.51e-06 4.72e-09  7.44e-10  14667s
 117   1.54696655e+00  1.54709872e+00  2.71e-06 4.18e-09  5.10e-10  14747s
 118   1.54696924e+00  1.54710098e+00  2.62e-06 4.72e-09  4.83e-10  14903s
 119   1.54697100e+00  1.54710191e+00  2.51e-06 3.65e-09  4.70e-10  15007s
 120   1.54697169e+00  1.54710269e+00  2.51e-06 5.01e-09  4.62e-10  15121s
 121   1.54702926e+00  1.54710328e+00  2.69e-06 4.09e-09  2.72e-10  15223s
 122   1.54702980e+00  1.54710331e+00  2.67e-06 3.34e-09  2.69e-10  15338s
 123   1.54703163e+00  1.54710334e+00  2.60e-06 3.17e-09  2.61e-10  15444s
 124   1.54703259e+00  1.54710352e+00  2.57e-06 2.85e-09  2.55e-10  15633s
 125   1.54705460e+00  1.54710368e+00  2.45e-06 1.98e-09  1.80e-10  15834s
 126   1.54706292e+00  1.54710395e+00  1.62e-06 3.78e-09  1.50e-10  16151s
 127   1.54706296e+00  1.54710421e+00  1.62e-06 4.73e-09  1.47e-10  16313s
 128   1.54706303e+00  1.54710415e+00  1.67e-06 2.64e-09  1.47e-10  16449s
 129   1.54706403e+00  1.54710416e+00  1.64e-06 2.33e-09  1.42e-10  16654s
 130   1.54706403e+00  1.54710421e+00  1.64e-06 4.29e-09  1.42e-10  16822s
 131   1.54706501e+00  1.54710422e+00  1.60e-06 5.81e-09  1.39e-10  17006s
 132   1.54706501e+00  1.54710427e+00  1.60e-06 6.75e-09  1.39e-10  17174s
 133   1.54706551e+00  1.54710598e+00  1.57e-06 1.50e-08  1.40e-10  17361s
 134   1.54706938e+00  1.54710532e+00  1.50e-06 9.89e-09  1.24e-10  17469s
 135   1.54706972e+00  1.54710503e+00  1.48e-06 7.26e-09  1.21e-10  17600s
 136   1.54706998e+00  1.54710501e+00  1.49e-06 7.42e-09  1.20e-10  17710s
 137   1.54707035e+00  1.54710482e+00  1.45e-06 6.28e-09  1.18e-10  17829s
 138   1.54707055e+00  1.54710452e+00  1.49e-06 6.53e-09  1.17e-10  17960s
 139   1.54707196e+00  1.54710444e+00  1.47e-06 5.95e-09  1.12e-10  18158s
 140   1.54707210e+00  1.54710452e+00  1.46e-06 6.40e-09  1.11e-10  18359s
 141   1.54707257e+00  1.54710438e+00  1.48e-06 4.47e-09  1.09e-10  18553s
 142   1.54707852e+00  1.54710430e+00  1.21e-06 3.50e-09  8.83e-11  18759s
 143   1.54707913e+00  1.54710419e+00  1.20e-06 2.35e-09  8.57e-11  18911s
 144   1.54707913e+00  1.54710421e+00  1.23e-06 4.13e-09  8.57e-11  19004s
 145   1.54707919e+00  1.54710444e+00  1.21e-06 4.66e-09  8.59e-11  19172s
 146   1.54707944e+00  1.54710442e+00  1.22e-06 4.71e-09  8.50e-11  19359s
 147   1.54707970e+00  1.54710428e+00  1.22e-06 3.48e-09  8.37e-11  19533s
 148   1.54708001e+00  1.54710418e+00  1.21e-06 2.35e-09  8.24e-11  19693s
 149   1.54708002e+00  1.54710417e+00  1.26e-06 2.05e-09  8.23e-11  19732s
 150   1.54708011e+00  1.54710437e+00  1.24e-06 4.56e-09  8.25e-11  19839s
 151   1.54708013e+00  1.54710441e+00  1.24e-06 6.16e-09  8.24e-11  19916s
 152   1.54708067e+00  1.54710545e+00  1.22e-06 3.06e-09  8.47e-11  20033s
 153   1.54709842e+00  1.54710444e+00  4.05e-07 9.04e-10  2.08e-11  20152s
 154   1.54709884e+00  1.54710349e+00  3.84e-06 6.80e-08  1.83e-11  20215s
 155   1.54710238e+00  1.54710369e+00  2.72e-05 2.36e-08  5.65e-12  20305s
 156   1.54710239e+00  1.54710373e+00  2.72e-05 2.18e-08  5.58e-12  20366s
 157   1.54710240e+00  1.54710379e+00  2.72e-05 1.72e-08  5.52e-12  20421s
 158   1.54710241e+00  1.54710383e+00  2.71e-05 1.33e-08  5.50e-12  20494s
 159   1.54710242e+00  1.54710389e+00  2.69e-05 1.18e-08  5.45e-12  20540s
 160   1.54710249e+00  1.54710381e+00  2.17e-05 2.58e-08  4.94e-12  20595s
 161   1.54710253e+00  1.54710369e+00  2.01e-05 1.82e-08  4.56e-12  20651s
 162   1.54710253e+00  1.54710369e+00  1.99e-05 2.03e-08  4.54e-12  20720s
 163   1.54710253e+00  1.54710370e+00  1.99e-05 1.98e-08  4.54e-12  20767s
 164   1.54710254e+00  1.54710373e+00  1.99e-05 1.94e-08  4.53e-12  20834s
 165   1.54710257e+00  1.54710379e+00  1.95e-05 1.61e-08  4.42e-12  21094s
 166   1.54710261e+00  1.54710382e+00  1.89e-05 2.27e-08  4.28e-12  21188s
 167   1.54710263e+00  1.54710383e+00  1.86e-05 2.01e-08  4.20e-12  21300s
 168   1.54710266e+00  1.54710383e+00  1.82e-05 1.91e-08  4.10e-12  21400s
 169   1.54710269e+00  1.54710388e+00  1.78e-05 1.36e-08  3.96e-12  21509s
 170   1.54710272e+00  1.54710388e+00  1.74e-05 1.22e-08  3.87e-12  21601s
 171   1.54710275e+00  1.54710389e+00  1.69e-05 1.13e-08  3.75e-12  21743s
 172   1.54710298e+00  1.54710390e+00  1.36e-05 8.23e-09  3.00e-12  21857s
 173   1.54710301e+00  1.54710390e+00  1.30e-05 1.12e-08  2.87e-12  21953s
 174   1.54710304e+00  1.54710390e+00  1.27e-05 8.50e-09  2.77e-12  22055s
 175   1.54710305e+00  1.54710390e+00  1.25e-05 8.43e-09  2.74e-12  22133s
 176   1.54710311e+00  1.54710390e+00  1.16e-05 8.36e-09  2.53e-12  22216s
 177   1.54710315e+00  1.54710389e+00  1.09e-05 7.47e-09  2.40e-12  22268s
 178   1.54710324e+00  1.54710390e+00  9.69e-06 7.22e-09  2.13e-12  22335s
 179   1.54710329e+00  1.54710391e+00  8.99e-06 5.94e-09  1.98e-12  22417s
 180   1.54710333e+00  1.54710391e+00  8.26e-06 8.21e-09  1.83e-12  22488s
 181   1.54710337e+00  1.54710390e+00  7.72e-06 7.60e-09  1.72e-12  22586s
 182   1.54710357e+00  1.54710390e+00  4.45e-06 2.88e-09  1.06e-12  22653s
 183   1.54710362e+00  1.54710380e+00  5.46e-06 7.59e-08  7.54e-13  22705s
 184   1.54710385e+00  1.54710383e+00  1.22e-06 5.12e-08  1.01e-13  22771s

Barrier solved model in 184 iterations and 22771.14 seconds (15303.22 work units)
Optimal objective 1.54710385e+00

