Set parameter Username
Academic license - for non-commercial use only - expires 2027-02-09
Set parameter Threads to value 4
Set parameter Method to value 2
Set parameter BarOrder to value 1
Set parameter BarHomogeneous to value 1
Set parameter NumericFocus to value 2
Set parameter Crossover to value 0
Gurobi Optimizer version 9.5.1 build v9.5.1rc2 (linux64)
Thread count: 32 physical cores, 64 logical processors, using up to 4 threads
Optimize a model with 15879145 rows, 26330290 columns and 99026521 nonzeros
Model fingerprint: 0x6fdaf72e
Coefficient statistics:
  Matrix range     [1e-04, 3e+00]
  Objective range  [1e+00, 1e+00]
  Bounds range     [0e+00, 0e+00]
  RHS range        [1e-03, 1e+00]
Presolve removed 0 rows and 0 columns (presolve time = 7s) ...
Presolve removed 5725213 rows and 22073991 columns (presolve time = 10s) ...
Presolve removed 5725213 rows and 22074082 columns (presolve time = 16s) ...
Presolve removed 5725213 rows and 22074082 columns (presolve time = 22s) ...
Presolve removed 5731131 rows and 22080000 columns (presolve time = 26s) ...
Presolve removed 5733494 rows and 22082363 columns (presolve time = 54s) ...
Presolve removed 5750056 rows and 22082364 columns (presolve time = 57s) ...
Presolve removed 5750056 rows and 22082364 columns (presolve time = 60s) ...
Presolve removed 5750056 rows and 22082364 columns (presolve time = 65s) ...
Presolve removed 5750056 rows and 22082364 columns
Presolve time: 67.13s
Presolved: 10129089 rows, 4247926 columns, 67094362 nonzeros
Elapsed ordering time = 5s
Elapsed ordering time = 10s
Ordering time: 11.46s

Barrier statistics:
 Dense cols : 394
 AA' NZ     : 2.431e+08
 Factor NZ  : 3.798e+08 (roughly 7.0 GB of memory)
 Factor Ops : 3.680e+10 (roughly 1 second per iteration)
 Threads    : 4

                  Objective                Residual
Iter       Primal          Dual         Primal    Dual     Compl     Time
   0   9.61439801e+00  1.25000000e+02  1.97e+08 6.25e-02  1.00e+06  2389s
   1   9.61439801e-01  2.50737565e+06  1.36e+08 2.85e+02  5.90e+05  2404s
   2   4.45336245e+00  2.16878310e+07  1.19e+08 1.34e+02  4.76e+05  2424s
   3   1.10684914e+01  9.18930648e+06  9.66e+07 9.31e+01  3.75e+05  2451s
   4   1.21255462e+01  7.55230125e+05  3.27e+07 1.23e+01  2.50e+04  2477s
   5   3.11083176e+01  7.02094850e+05  1.72e+07 7.23e+00  1.20e+04  2498s
   6   5.40537627e+01  4.04945350e+05  3.64e+06 3.01e+00  2.29e+03  2518s
   7   3.59265754e+01  7.44489036e+04  4.98e+05 5.39e-01  1.70e+02  2541s
   8   2.57903912e+01  1.90261567e+04  1.18e+05 1.33e-01  3.14e+01  2568s
   9   2.45177465e+01  8.84848678e+03  5.55e+04 6.31e-02  1.34e+01  2590s
  10   2.40003413e+01  7.07668457e+03  3.95e+04 5.09e-02  9.49e+00  2607s
  11   2.36676569e+01  6.41020390e+03  3.48e+04 4.62e-02  8.28e+00  2631s
  12   2.35808994e+01  6.09521064e+03  3.18e+04 4.33e-02  7.78e+00  2663s
  13   2.42084575e+01  5.43576688e+03  2.57e+04 3.77e-02  6.88e+00  2689s
  14   2.64539266e+01  4.42384182e+03  2.69e+04 2.99e-02  8.74e+00  2721s
  15   2.64101123e+01  3.62353408e+03  2.67e+04 2.44e-02  8.32e+00  2748s
  16   2.49627292e+01  2.50968776e+03  2.50e+04 1.64e-02  5.98e+00  2774s
  17   2.29817798e+01  1.54376623e+03  2.28e+04 9.47e-03  3.57e+00  2800s
  18   2.08857468e+01  1.04879287e+03  2.04e+04 6.09e-03  2.36e+00  2834s
  19   1.44250766e+01  8.66113988e+02  1.36e+04 4.87e-03  1.39e+00  2867s
  20   1.38803610e+01  5.47662418e+02  1.30e+04 2.95e-03  8.87e-01  2899s
  21   1.02312671e+01  4.88882509e+02  9.17e+03 2.57e-03  5.74e-01  2926s
  22   9.96836937e+00  3.15847676e+02  8.89e+03 1.61e-03  3.74e-01  2954s
  23   7.39081390e+00  2.75033502e+02  6.17e+03 1.37e-03  2.32e-01  2981s
  24   7.10397772e+00  1.79172640e+02  5.87e+03 8.73e-04  1.48e-01  3010s
  25   6.64074565e+00  1.10046841e+02  5.38e+03 5.23e-04  8.81e-02  3038s
  26   4.44140438e+00  2.47121449e+01  3.04e+03 1.08e-04  1.19e-02  3080s
  27   2.43512260e+00  6.46944835e+00  9.08e+02 2.03e-05  9.45e-04  3121s
  28   1.70824453e+00  2.45977967e+00  7.81e+01 3.50e-06  2.74e-05  3163s
  29   1.66514979e+00  2.03074826e+00  1.85e+01 1.64e-06  5.98e-06  3204s
  30   1.65780892e+00  1.88515904e+00  6.73e+00 1.01e-06  2.36e-06  3239s
  31   1.65334548e+00  1.79258738e+00  5.16e+00 6.30e-07  1.61e-06  3267s
  32   1.64378035e+00  1.75664805e+00  3.61e+00 5.01e-07  1.19e-06  3292s
  33   1.63558428e+00  1.73966496e+00  2.95e+00 4.41e-07  1.02e-06  3316s
  34   1.62647175e+00  1.72008841e+00  2.52e+00 3.80e-07  8.93e-07  3342s
  35   1.62105512e+00  1.70249860e+00  2.36e+00 3.34e-07  8.21e-07  3374s
  36   1.61183952e+00  1.68979714e+00  2.07e+00 3.04e-07  7.39e-07  3415s
  37   1.59562135e+00  1.66997566e+00  1.60e+00 2.66e-07  6.11e-07  3463s
  38   1.59141601e+00  1.65641228e+00  1.49e+00 2.46e-07  5.69e-07  3496s
  39   1.58009671e+00  1.64491785e+00  1.26e+00 2.28e-07  5.10e-07  3544s
  40   1.57218508e+00  1.63587107e+00  1.12e+00 2.14e-07  4.71e-07  3588s
  41   1.56528957e+00  1.62693353e+00  1.01e+00 2.00e-07  4.36e-07  3636s
  42   1.56216434e+00  1.61759475e+00  9.64e-01 1.86e-07  4.09e-07  3687s
  43   1.55680183e+00  1.61237711e+00  8.83e-01 1.78e-07  3.87e-07  3735s
  44   1.55406103e+00  1.60170854e+00  8.42e-01 1.62e-07  3.57e-07  3785s
  45   1.55112055e+00  1.59626060e+00  7.96e-01 1.54e-07  3.37e-07  3835s
  46   1.54873845e+00  1.59137844e+00  7.58e-01 1.46e-07  3.20e-07  3887s
  47   1.54388020e+00  1.58607733e+00  6.80e-01 1.37e-07  2.96e-07  3938s
  48   1.54212856e+00  1.58066202e+00  6.49e-01 1.28e-07  2.77e-07  3980s
  49   1.53884155e+00  1.57601891e+00  5.85e-01 1.20e-07  2.54e-07  4030s
  50   1.53774518e+00  1.57315161e+00  5.51e-01 1.15e-07  2.39e-07  4080s
  51   1.53705232e+00  1.57004867e+00  5.26e-01 1.07e-07  2.24e-07  4123s
  52   1.53701242e+00  1.56968279e+00  5.18e-01 1.07e-07  2.21e-07  4166s
  53   1.53686044e+00  1.56800088e+00  5.10e-01 1.02e-07  2.13e-07  4208s
  54   1.53681057e+00  1.56676306e+00  4.96e-01 9.87e-08  2.05e-07  4254s
  55   1.53671278e+00  1.56591829e+00  4.75e-01 9.61e-08  1.96e-07  4307s
  56   1.53720239e+00  1.56164577e+00  4.42e-01 8.19e-08  1.70e-07  4359s
  57   1.53735554e+00  1.56024063e+00  4.29e-01 7.66e-08  1.61e-07  4396s
  58   1.53806493e+00  1.55908396e+00  3.91e-01 7.14e-08  1.46e-07  4450s
  59   1.53865282e+00  1.55652919e+00  3.50e-01 5.71e-08  1.22e-07  4506s
  60   1.54008847e+00  1.55448392e+00  2.48e-01 4.60e-08  8.99e-08  4566s
  61   1.54162768e+00  1.55282774e+00  2.04e-01 3.36e-08  6.94e-08  4627s
  62   1.54237940e+00  1.55174101e+00  1.75e-01 2.72e-08  5.79e-08  4688s
  63   1.54323392e+00  1.55094628e+00  1.41e-01 2.28e-08  4.71e-08  4756s
  64   1.54415378e+00  1.55064990e+00  1.18e-01 2.04e-08  3.99e-08  4811s
  65   1.54523812e+00  1.55049124e+00  9.21e-02 1.59e-08  3.11e-08  4876s
  66   1.54585942e+00  1.55033841e+00  8.06e-02 1.42e-08  2.71e-08  4948s
  67   1.54622744e+00  1.55009409e+00  7.06e-02 1.01e-08  2.21e-08  5020s
  68   1.54642940e+00  1.54993271e+00  6.40e-02 8.73e-09  1.97e-08  5097s
  69   1.54669495e+00  1.54966484e+00  5.48e-02 6.92e-09  1.64e-08  5179s
  70   1.54672353e+00  1.54945517e+00  4.87e-02 5.85e-09  1.44e-08  5262s
  71   1.54679871e+00  1.54918656e+00  4.43e-02 4.79e-09  1.26e-08  5347s
  72   1.54680856e+00  1.54893953e+00  3.64e-02 3.98e-09  1.05e-08  5449s
  73   1.54689950e+00  1.54865983e+00  3.11e-02 3.24e-09  8.78e-09  5548s
  74   1.54690566e+00  1.54852781e+00  2.93e-02 2.95e-09  8.16e-09  5649s
  75   1.54703997e+00  1.54847091e+00  2.67e-02 2.78e-09  7.43e-09  5767s
  76   1.54715439e+00  1.54826468e+00  2.28e-02 1.90e-09  5.93e-09  5920s
  77   1.54724160e+00  1.54813342e+00  1.86e-02 1.51e-09  4.78e-09  6080s
  78   1.54727368e+00  1.54801030e+00  1.49e-02 1.12e-09  3.78e-09  6283s
  79   1.54730294e+00  1.54787960e+00  1.18e-02 8.31e-10  2.95e-09  6489s
  80   1.54733274e+00  1.54779929e+00  8.94e-03 6.60e-10  2.28e-09  6705s
  81   1.54733816e+00  1.54777029e+00  8.49e-03 7.10e-10  2.14e-09  6755s
  82   1.54733822e+00  1.54776633e+00  8.48e-03 7.05e-10  2.13e-09  6814s
  83   1.54734164e+00  1.54772960e+00  8.09e-03 8.22e-10  1.99e-09  6880s
  84   1.54734245e+00  1.54771569e+00  7.97e-03 7.46e-10  1.95e-09  6931s
  85   1.54734254e+00  1.54771468e+00  7.95e-03 7.39e-10  1.94e-09  6993s
  86   1.54734434e+00  1.54770008e+00  7.65e-03 7.41e-10  1.86e-09  7088s
  87   1.54734494e+00  1.54766496e+00  7.51e-03 6.33e-10  1.77e-09  7139s
  88   1.54734536e+00  1.54765431e+00  7.35e-03 6.23e-10  1.73e-09  7197s
  89   1.54734557e+00  1.54764957e+00  7.23e-03 6.47e-10  1.70e-09  7245s
  90   1.54734880e+00  1.54761170e+00  6.14e-03 5.42e-10  1.45e-09  7434s
  91   1.54734883e+00  1.54758422e+00  5.92e-03 5.22e-10  1.37e-09  7527s
  92   1.54734871e+00  1.54757990e+00  5.86e-03 5.19e-10  1.35e-09  7586s
  93   1.54734805e+00  1.54755810e+00  5.54e-03 4.71e-10  1.26e-09  7706s
  94   1.54734772e+00  1.54754526e+00  5.44e-03 4.71e-10  1.22e-09  7753s
  95   1.54734681e+00  1.54753648e+00  5.20e-03 4.88e-10  1.17e-09  7792s
  96   1.54734492e+00  1.54752011e+00  4.79e-03 4.33e-10  1.08e-09  7859s
  97   1.54734396e+00  1.54751375e+00  4.65e-03 4.27e-10  1.05e-09  7939s
  98   1.54734313e+00  1.54750717e+00  4.52e-03 4.34e-10  1.01e-09  8019s
  99   1.54734202e+00  1.54750380e+00  4.36e-03 4.31e-10  9.85e-10  8064s
 100   1.54734002e+00  1.54750007e+00  4.07e-03 8.37e-10  9.33e-10  8116s
 101   1.54734001e+00  1.54749992e+00  4.07e-03 8.30e-10  9.33e-10  8190s
 102   1.54733981e+00  1.54749754e+00  4.05e-03 8.31e-10  9.26e-10  8253s
 103   1.54733908e+00  1.54749435e+00  3.94e-03 8.15e-10  9.04e-10  8353s
 104   1.54733854e+00  1.54749084e+00  3.87e-03 8.00e-10  8.88e-10  8413s
 105   1.54733817e+00  1.54748852e+00  3.81e-03 7.73e-10  8.74e-10  8478s
 106   1.54733832e+00  1.54748863e+00  3.81e-03 7.23e-10  8.74e-10  8545s
 107   1.54733888e+00  1.54749057e+00  3.54e-03 7.21e-10  8.30e-10  8690s
 108   1.54733905e+00  1.54748269e+00  3.40e-03 6.71e-10  7.94e-10  8831s
 109   1.54734069e+00  1.54747037e+00  3.17e-03 1.09e-09  7.33e-10  8899s
 110   1.54734253e+00  1.54746345e+00  2.93e-03 1.03e-09  6.79e-10  8961s
 111   1.54734263e+00  1.54746176e+00  2.92e-03 1.04e-09  6.74e-10  9026s
 112   1.54734411e+00  1.54745501e+00  2.72e-03 9.71e-10  6.28e-10  9129s
 113   1.54734786e+00  1.54744730e+00  2.31e-03 8.85e-10  5.43e-10  9197s
 114   1.54734883e+00  1.54744134e+00  2.19e-03 8.38e-10  5.12e-10  9242s
 115   1.54734959e+00  1.54743153e+00  2.07e-03 7.86e-10  4.72e-10  9319s
 116   1.54735083e+00  1.54742510e+00  1.88e-03 8.47e-10  4.29e-10  9402s
 117   1.54735149e+00  1.54742110e+00  1.78e-03 8.21e-10  4.06e-10  9522s
 118   1.54735234e+00  1.54741967e+00  1.64e-03 8.18e-10  3.79e-10  9614s
 119   1.54735421e+00  1.54741677e+00  1.44e-03 7.79e-10  3.39e-10  9713s
 120   1.54735431e+00  1.54741653e+00  1.44e-03 8.90e-10  3.38e-10  9770s
 121   1.54735668e+00  1.54741327e+00  1.26e-03 7.93e-10  3.01e-10  9853s
 122   1.54735794e+00  1.54740785e+00  1.16e-03 6.75e-10  2.72e-10  9934s
 123   1.54735871e+00  1.54740610e+00  1.09e-03 1.16e-09  2.57e-10  9999s
 124   1.54735923e+00  1.54740523e+00  1.05e-03 1.08e-09  2.48e-10  10054s
 125   1.54735925e+00  1.54740505e+00  1.05e-03 1.04e-09  2.47e-10  10107s
 126   1.54736063e+00  1.54740199e+00  9.51e-04 7.59e-10  2.24e-10  10176s
 127   1.54736291e+00  1.54739914e+00  7.99e-04 2.06e-09  1.92e-10  10252s
 128   1.54736394e+00  1.54739253e+00  7.36e-04 1.57e-09  1.67e-10  10343s
 129   1.54736409e+00  1.54739123e+00  7.26e-04 1.47e-09  1.62e-10  10399s
 130   1.54736643e+00  1.54738824e+00  5.74e-04 1.14e-09  1.29e-10  10510s
 131   1.54736847e+00  1.54738572e+00  4.45e-04 8.87e-10  1.02e-10  10601s
 132   1.54736930e+00  1.54738386e+00  3.90e-04 7.26e-10  8.77e-11  10699s
 133   1.54737011e+00  1.54738125e+00  3.43e-04 4.44e-10  7.40e-11  10803s
 134   1.54737154e+00  1.54737896e+00  2.49e-04 2.92e-09  5.22e-11  10910s
 135   1.54737176e+00  1.54737762e+00  2.37e-04 1.85e-09  4.74e-11  11050s
 136   1.54737179e+00  1.54737708e+00  2.35e-04 1.37e-09  4.60e-11  11140s
 137   1.54737179e+00  1.54737705e+00  2.35e-04 1.34e-09  4.59e-11  11200s
 138   1.54737186e+00  1.54737702e+00  2.32e-04 1.50e-09  4.52e-11  11298s
 139   1.54737216e+00  1.54737667e+00  2.13e-04 1.16e-09  4.10e-11  11349s
 140   1.54737304e+00  1.54737630e+00  1.51e-04 4.09e-10  2.93e-11  11435s
 141   1.54737331e+00  1.54737614e+00  1.32e-04 3.15e-10  2.56e-11  11496s
 142   1.54737344e+00  1.54737602e+00  1.23e-04 2.35e-10  2.37e-11  11534s
 143   1.54737364e+00  1.54737593e+00  1.11e-04 1.50e-10  2.14e-11  11590s
 144   1.54737372e+00  1.54737583e+00  1.05e-04 1.25e-10  2.03e-11  11701s
 145   1.54737374e+00  1.54737575e+00  1.04e-04 1.62e-10  2.00e-11  11751s
 146   1.54737376e+00  1.54737569e+00  1.03e-04 2.15e-10  1.96e-11  11809s
 147   1.54737379e+00  1.54737563e+00  1.01e-04 1.69e-10  1.92e-11  11872s
 148   1.54737381e+00  1.54737557e+00  9.99e-05 1.43e-10  1.88e-11  11943s
 149   1.54737382e+00  1.54737555e+00  9.92e-05 5.34e-10  1.87e-11  11984s
 150   1.54737383e+00  1.54737551e+00  9.82e-05 5.60e-10  1.84e-11  12056s
 151   1.54737385e+00  1.54737547e+00  9.72e-05 4.24e-10  1.82e-11  12108s
 152   1.54737386e+00  1.54737544e+00  9.65e-05 4.99e-10  1.80e-11  12175s
 153   1.54737387e+00  1.54737541e+00  9.57e-05 4.91e-10  1.78e-11  12216s
 154   1.54737388e+00  1.54737539e+00  9.47e-05 3.34e-10  1.76e-11  12269s
 155   1.54737389e+00  1.54737535e+00  9.39e-05 3.57e-10  1.74e-11  12366s
 156   1.54737393e+00  1.54737535e+00  9.12e-05 2.76e-10  1.69e-11  12552s
 157   1.54737394e+00  1.54737533e+00  9.09e-05 4.03e-10  1.68e-11  12627s
 158   1.54737394e+00  1.54737531e+00  9.05e-05 3.31e-10  1.67e-11  12690s
 159   1.54737395e+00  1.54737527e+00  9.00e-05 2.11e-09  1.66e-11  12794s
 160   1.54737395e+00  1.54737526e+00  8.99e-05 2.01e-09  1.65e-11  12889s
 161   1.54737395e+00  1.54737526e+00  8.96e-05 1.63e-09  1.65e-11  12991s
 162   1.54737396e+00  1.54737525e+00  8.91e-05 1.31e-09  1.64e-11  13071s
 163   1.54737396e+00  1.54737527e+00  8.90e-05 1.28e-09  1.64e-11  13153s
 164   1.54737396e+00  1.54737528e+00  8.89e-05 9.86e-10  1.64e-11  13248s
 165   1.54737397e+00  1.54737529e+00  8.85e-05 1.31e-09  1.63e-11  13332s
 166   1.54737398e+00  1.54737528e+00  8.77e-05 1.38e-09  1.62e-11  13423s
 167   1.54737399e+00  1.54737525e+00  8.69e-05 1.09e-09  1.60e-11  13518s
 168   1.54737400e+00  1.54737525e+00  8.62e-05 1.31e-09  1.59e-11  13632s
 169   1.54737400e+00  1.54737521e+00  8.61e-05 1.44e-09  1.58e-11  13699s
 170   1.54737401e+00  1.54737520e+00  8.57e-05 1.32e-09  1.58e-11  13774s
 171   1.54737401e+00  1.54737520e+00  8.57e-05 1.17e-09  1.58e-11  13865s
 172   1.54737403e+00  1.54737518e+00  8.37e-05 1.56e-09  1.54e-11  13950s
 173   1.54737406e+00  1.54737517e+00  8.14e-05 1.51e-09  1.50e-11  14029s
 174   1.54737406e+00  1.54737517e+00  8.14e-05 1.19e-09  1.49e-11  14105s
 175   1.54737406e+00  1.54737518e+00  8.12e-05 1.49e-09  1.49e-11  14187s
 176   1.54737407e+00  1.54737518e+00  8.10e-05 1.51e-09  1.49e-11  14254s
 177   1.54737411e+00  1.54737519e+00  7.76e-05 1.23e-09  1.43e-11  14379s
 178   1.54737411e+00  1.54737518e+00  7.76e-05 1.33e-09  1.43e-11  14445s
 179   1.54737412e+00  1.54737518e+00  7.74e-05 1.05e-09  1.42e-11  14513s
 180   1.54737413e+00  1.54737518e+00  7.61e-05 7.98e-10  1.40e-11  14592s
 181   1.54737415e+00  1.54737516e+00  7.45e-05 2.38e-09  1.37e-11  14718s
 182   1.54737416e+00  1.54737520e+00  7.43e-05 1.87e-09  1.37e-11  14770s
 183   1.54737416e+00  1.54737520e+00  7.37e-05 2.12e-09  1.36e-11  14827s
 184   1.54737419e+00  1.54737520e+00  7.18e-05 1.95e-09  1.33e-11  14893s
 185   1.54737426e+00  1.54737520e+00  6.65e-05 1.36e-09  1.23e-11  14978s
 186   1.54737431e+00  1.54737520e+00  6.28e-05 2.29e-09  1.16e-11  15074s
 187   1.54737435e+00  1.54737519e+00  5.99e-05 2.29e-09  1.10e-11  15167s
 188   1.54737437e+00  1.54737518e+00  5.87e-05 2.33e-09  1.08e-11  15252s
 189   1.54737443e+00  1.54737515e+00  5.40e-05 2.44e-09  9.95e-12  15347s
 190   1.54737444e+00  1.54737517e+00  5.34e-05 1.80e-09  9.84e-12  15413s
 191   1.54737447e+00  1.54737516e+00  5.09e-05 2.29e-09  9.39e-12  15481s
 192   1.54737447e+00  1.54737516e+00  5.09e-05 2.34e-09  9.39e-12  15553s
 193   1.54737455e+00  1.54737516e+00  4.51e-05 1.70e-09  8.32e-12  15601s
 194   1.54737456e+00  1.54737517e+00  4.44e-05 1.81e-09  8.19e-12  15729s
 195   1.54737464e+00  1.54737516e+00  3.84e-05 1.60e-09  7.06e-12  15814s
 196   1.54737465e+00  1.54737516e+00  3.72e-05 1.13e-09  6.85e-12  15885s
 197   1.54737471e+00  1.54737515e+00  3.30e-05 1.24e-09  6.06e-12  15945s
 198   1.54737476e+00  1.54737516e+00  2.93e-05 1.42e-09  5.38e-12  16033s
 199   1.54737483e+00  1.54737517e+00  2.45e-05 7.71e-10  4.51e-12  16076s
 200   1.54737491e+00  1.54737516e+00  1.86e-05 8.17e-10  3.40e-12  16129s
 201   1.54737491e+00  1.54737516e+00  1.82e-05 2.01e-09  3.33e-12  16182s
 202   1.54737492e+00  1.54737516e+00  1.76e-05 1.88e-09  3.21e-12  16234s
 203   1.54737495e+00  1.54737517e+00  1.57e-05 1.21e-09  2.86e-12  16284s

Barrier solved model in 203 iterations and 16284.30 seconds (10297.64 work units)
Optimal objective 1.54737495e+00

