Set parameter Username
Academic license - for non-commercial use only - expires 2027-02-09
Set parameter Threads to value 4
Set parameter Method to value 2
Set parameter BarOrder to value 1
Set parameter BarHomogeneous to value 1
Set parameter NumericFocus to value 2
Set parameter Crossover to value 0
Gurobi Optimizer version 9.5.1 build v9.5.1rc2 (linux64)
Thread count: 32 physical cores, 64 logical processors, using up to 4 threads
Optimize a model with 3348828 rows, 2908367 columns and 19485755 nonzeros
Model fingerprint: 0xc5ee8a8f
Coefficient statistics:
  Matrix range     [1e-04, 3e+00]
  Objective range  [1e+00, 1e+00]
  Bounds range     [0e+00, 0e+00]
  RHS range        [1e-03, 1e+00]
Presolve removed 1104320 rows and 2370000 columns (presolve time = 7s) ...
Presolve removed 1225769 rows and 2491449 columns (presolve time = 12s) ...
Presolve removed 1463941 rows and 2491450 columns (presolve time = 16s) ...
Presolve removed 1463941 rows and 2491450 columns
Presolve time: 15.89s
Presolved: 1884887 rows, 416917 columns, 12854016 nonzeros
Ordering time: 2.37s

Barrier statistics:
 Dense cols : 265
 AA' NZ     : 4.350e+07
 Factor NZ  : 6.095e+07 (roughly 1.5 GB of memory)
 Factor Ops : 3.887e+09 (less than 1 second per iteration)
 Threads    : 4

                  Objective                Residual
Iter       Primal          Dual         Primal    Dual     Compl     Time
   0   3.23559787e+00  6.25000000e+01  3.10e+07 6.25e-02  1.00e+06   658s
   1   1.04331548e+01  1.43263860e+06  2.13e+07 6.35e+02  7.78e+05   662s
   2   2.85222630e+01  2.66346252e+06  1.40e+07 4.05e+02  4.78e+05   667s
   3   3.40204671e+01  1.90256322e+06  1.22e+07 1.59e+02  2.85e+05   674s
   4   6.62131627e+00  8.94470774e+04  6.45e+05 7.57e+00  1.18e+03   681s
   5   4.88330604e+00  2.42949529e+04  2.43e+05 2.09e+00  1.89e+02   686s
   6   4.52440303e+00  1.23745555e+04  1.59e+05 1.05e+00  8.71e+01   692s
   7   4.39724358e+00  7.33218762e+03  1.27e+05 6.25e-01  5.50e+01   696s
   8   4.27735302e+00  3.80923353e+03  9.89e+04 3.23e-01  3.38e+01   702s
   9   4.08561191e+00  2.11792358e+03  7.68e+04 1.76e-01  2.47e+01   709s
  10   3.53140636e+00  1.48752587e+03  5.60e+04 1.25e-01  1.88e+01   716s
  11   3.06215736e+00  1.09176870e+03  3.95e+04 9.47e-02  1.36e+01   722s
  12   2.95195337e+00  9.10207866e+02  2.72e+04 8.13e-02  9.62e+00   727s
  13   2.98984115e+00  4.52468885e+02  2.07e+04 3.93e-02  6.57e+00   732s
  14   3.06006441e+00  2.89885445e+02  1.60e+04 2.52e-02  4.86e+00   737s
  15   3.24693241e+00  1.39186233e+02  1.17e+04 1.19e-02  3.36e+00   744s
  16   3.55965812e+00  7.32208958e+01  5.66e+03 5.92e-03  1.59e+00   753s
  17   3.79174717e+00  4.56593938e+01  3.03e+03 3.42e-03  8.00e-01   760s
  18   3.82905713e+00  2.86924007e+01  2.01e+03 1.88e-03  3.94e-01   765s
  19   3.72774436e+00  2.18705029e+01  9.63e+02 1.31e-03  1.60e-01   771s
  20   3.25628641e+00  1.44275642e+01  4.77e+02 7.65e-04  5.68e-02   779s
  21   3.02191146e+00  9.82050336e+00  3.05e+02 4.53e-04  2.68e-02   788s
  22   2.84421333e+00  8.17258170e+00  2.48e+02 3.53e-04  1.98e-02   799s
  23   2.61415218e+00  6.79260868e+00  2.05e+02 2.78e-04  1.49e-02   809s
  24   2.18257528e+00  3.89882976e+00  1.19e+02 1.19e-04  5.38e-03   820s
  25   1.73951004e+00  2.61582509e+00  2.85e+01 5.02e-05  8.23e-04   829s
  26   1.66283062e+00  2.22212836e+00  1.15e+01 3.01e-05  2.80e-04   838s
  27   1.62333516e+00  2.04514482e+00  5.48e+00 2.15e-05  1.35e-04   848s
  28   1.59897392e+00  1.95539100e+00  3.45e+00 1.76e-05  9.03e-05   855s
  29   1.58586584e+00  1.89939313e+00  2.62e+00 1.53e-05  7.10e-05   861s
  30   1.56279983e+00  1.84852556e+00  1.72e+00 1.32e-05  5.49e-05   868s
  31   1.52930929e+00  1.73449142e+00  1.01e+00 9.04e-06  3.64e-05   878s
  32   1.51941168e+00  1.69122566e+00  6.22e-01 7.34e-06  2.72e-05   889s
  33   1.51745776e+00  1.66771082e+00  4.74e-01 6.32e-06  2.24e-05   900s
  34   1.51900403e+00  1.63534444e+00  4.04e-01 4.89e-06  1.73e-05   910s
  35   1.52276919e+00  1.62925460e+00  3.69e-01 4.58e-06  1.58e-05   918s
  36   1.52818430e+00  1.61533693e+00  3.30e-01 3.76e-06  1.29e-05   929s
  37   1.53312358e+00  1.60702980e+00  3.04e-01 3.07e-06  1.06e-05   943s
  38   1.54504069e+00  1.60393638e+00  2.55e-01 2.44e-06  8.24e-06   957s
  39   1.55445397e+00  1.60525889e+00  2.18e-01 1.96e-06  6.63e-06   973s
  40   1.56206063e+00  1.60994162e+00  1.98e-01 1.50e-06  5.29e-06   989s
  41   1.57787008e+00  1.61232595e+00  1.57e-01 1.34e-06  4.34e-06  1008s
  42   1.58171780e+00  1.61496778e+00  1.46e-01 1.21e-06  3.96e-06  1023s
  43   1.58371328e+00  1.61769647e+00  1.41e-01 1.07e-06  3.60e-06  1043s
  44   1.58487558e+00  1.61847483e+00  1.38e-01 1.03e-06  3.47e-06  1061s
  45   1.59059544e+00  1.61908485e+00  1.20e-01 9.92e-07  3.20e-06  1077s
  46   1.59831800e+00  1.62238758e+00  9.98e-02 8.42e-07  2.65e-06  1099s
  47   1.60318726e+00  1.62503853e+00  8.89e-02 7.37e-07  2.32e-06  1122s
  48   1.60792389e+00  1.62594922e+00  7.18e-02 6.96e-07  2.05e-06  1144s
  49   1.60974637e+00  1.62668106e+00  6.73e-02 6.41e-07  1.90e-06  1170s
  50   1.61311008e+00  1.62713296e+00  5.90e-02 6.18e-07  1.77e-06  1191s
  51   1.61402594e+00  1.62784561e+00  5.62e-02 5.87e-07  1.67e-06  1211s
  52   1.61880761e+00  1.62989054e+00  4.60e-02 4.97e-07  1.39e-06  1242s
  53   1.62289456e+00  1.63035910e+00  3.89e-02 4.83e-07  1.26e-06  1276s
  54   1.62575759e+00  1.63274028e+00  3.36e-02 4.10e-07  1.07e-06  1312s
  55   1.62881464e+00  1.63376083e+00  2.67e-02 3.77e-07  9.31e-07  1356s
  56   1.63175109e+00  1.63540804e+00  2.08e-02 3.27e-07  7.86e-07  1399s
  57   1.63250632e+00  1.63614694e+00  1.96e-02 3.03e-07  7.29e-07  1419s
  58   1.63252647e+00  1.63725579e+00  1.95e-02 2.68e-07  6.70e-07  1445s
  59   1.63274146e+00  1.63804165e+00  1.93e-02 2.55e-07  6.36e-07  1460s
  60   1.63472515e+00  1.63970984e+00  1.63e-02 2.01e-07  5.17e-07  1477s
  61   1.63476692e+00  1.64017153e+00  1.63e-02 1.91e-07  4.97e-07  1491s
  62   1.63519686e+00  1.64089687e+00  1.57e-02 1.73e-07  4.58e-07  1516s
  63   1.63553659e+00  1.64135618e+00  1.52e-02 1.55e-07  4.31e-07  1538s
  64   1.63707245e+00  1.64219070e+00  1.28e-02 1.22e-07  3.49e-07  1569s
  65   1.63710533e+00  1.64231750e+00  1.28e-02 1.16e-07  3.42e-07  1580s
  66   1.63743735e+00  1.64257283e+00  1.23e-02 1.10e-07  3.25e-07  1593s
  67   1.63844170e+00  1.64302624e+00  1.11e-02 1.02e-07  2.94e-07  1616s
  68   1.63882717e+00  1.64397015e+00  1.06e-02 8.55e-08  2.63e-07  1643s
  69   1.63895203e+00  1.64406748e+00  1.05e-02 8.13e-08  2.59e-07  1665s
  70   1.63895309e+00  1.64406860e+00  1.05e-02 8.14e-08  2.59e-07  1679s
  71   1.63902759e+00  1.64413342e+00  1.04e-02 7.99e-08  2.56e-07  1694s
  72   1.63941304e+00  1.64445612e+00  9.97e-03 7.43e-08  2.39e-07  1714s
  73   1.63942942e+00  1.64446010e+00  9.95e-03 7.42e-08  2.39e-07  1729s
  74   1.64015775e+00  1.64479403e+00  9.13e-03 6.84e-08  2.18e-07  1750s
  75   1.64016856e+00  1.64480245e+00  9.12e-03 6.84e-08  2.17e-07  1763s
  76   1.64021131e+00  1.64481964e+00  9.07e-03 6.80e-08  2.16e-07  1776s
  77   1.64025250e+00  1.64493501e+00  9.02e-03 6.70e-08  2.13e-07  1792s
  78   1.64024919e+00  1.64493504e+00  9.03e-03 6.71e-08  2.13e-07  1805s
  79   1.64026136e+00  1.64494283e+00  9.01e-03 6.70e-08  2.13e-07  1818s
  80   1.64026503e+00  1.64494636e+00  9.01e-03 6.69e-08  2.13e-07  1831s
  81   1.64032666e+00  1.64495468e+00  8.94e-03 6.68e-08  2.11e-07  1842s
  82   1.64034902e+00  1.64495563e+00  8.92e-03 6.68e-08  2.11e-07  1853s
  83   1.64035793e+00  1.64496467e+00  8.91e-03 6.64e-08  2.11e-07  1875s
  84   1.64036387e+00  1.64497410e+00  8.90e-03 6.63e-08  2.10e-07  1886s
  85   1.64037702e+00  1.64499131e+00  8.89e-03 6.60e-08  2.10e-07  1899s
  86   1.64102353e+00  1.64526075e+00  8.16e-03 6.02e-08  1.92e-07  1921s
  87   1.64103392e+00  1.64530340e+00  8.15e-03 5.91e-08  1.90e-07  1943s
  88   1.64103590e+00  1.64530528e+00  8.15e-03 5.94e-08  1.90e-07  1957s
  89   1.64103456e+00  1.64530533e+00  8.15e-03 5.95e-08  1.90e-07  1974s
  90   1.64107469e+00  1.64531591e+00  8.10e-03 5.92e-08  1.89e-07  1989s
  91   1.64112266e+00  1.64536600e+00  8.05e-03 6.00e-08  1.88e-07  2006s
  92   1.64112047e+00  1.64536606e+00  8.06e-03 6.03e-08  1.88e-07  2017s
  93   1.64127598e+00  1.64538036e+00  7.88e-03 6.00e-08  1.85e-07  2030s
  94   1.64128879e+00  1.64538188e+00  7.87e-03 6.00e-08  1.85e-07  2041s
  95   1.64128975e+00  1.64538765e+00  7.87e-03 5.98e-08  1.85e-07  2054s
  96   1.64135148e+00  1.64549324e+00  7.80e-03 5.82e-08  1.81e-07  2064s
  97   1.64164447e+00  1.64595333e+00  7.47e-03 4.86e-08  1.67e-07  2084s
  98   1.64175975e+00  1.64606741e+00  7.34e-03 4.67e-08  1.62e-07  2095s
  99   1.64188425e+00  1.64621378e+00  7.20e-03 4.45e-08  1.57e-07  2109s
 100   1.64188994e+00  1.64622487e+00  7.19e-03 4.41e-08  1.56e-07  2124s
 101   1.64197738e+00  1.64625915e+00  7.09e-03 4.36e-08  1.54e-07  2133s
 102   1.64199086e+00  1.64626126e+00  7.08e-03 4.34e-08  1.54e-07  2147s
 103   1.64205233e+00  1.64631126e+00  7.01e-03 4.17e-08  1.51e-07  2159s
 104   1.64205653e+00  1.64631726e+00  7.00e-03 4.13e-08  1.51e-07  2175s
 105   1.64208542e+00  1.64633803e+00  6.97e-03 4.07e-08  1.50e-07  2193s
 106   1.64218236e+00  1.64644485e+00  6.86e-03 3.61e-08  1.46e-07  2208s
 107   1.64224673e+00  1.64644940e+00  6.79e-03 3.60e-08  1.45e-07  2228s
 108   1.64233748e+00  1.64660581e+00  6.68e-03 3.44e-08  1.40e-07  2246s
 109   1.64236144e+00  1.64665268e+00  6.65e-03 3.34e-08  1.38e-07  2266s
 110   1.64241629e+00  1.64666282e+00  6.59e-03 3.35e-08  1.37e-07  2276s
 111   1.64243158e+00  1.64667433e+00  6.58e-03 3.35e-08  1.37e-07  2288s
 112   1.64243147e+00  1.64667504e+00  6.58e-03 3.37e-08  1.37e-07  2297s
 113   1.64243287e+00  1.64667455e+00  6.57e-03 3.37e-08  1.36e-07  2306s
 114   1.64245232e+00  1.64669092e+00  6.55e-03 3.32e-08  1.36e-07  2321s
 115   1.64248440e+00  1.64669666e+00  6.51e-03 3.33e-08  1.35e-07  2338s
 116   1.64255034e+00  1.64674296e+00  6.44e-03 3.23e-08  1.33e-07  2354s
 117   1.64264466e+00  1.64681705e+00  6.33e-03 3.00e-08  1.29e-07  2370s
 118   1.64264555e+00  1.64681702e+00  6.33e-03 3.00e-08  1.29e-07  2382s
 119   1.64264967e+00  1.64681974e+00  6.32e-03 3.00e-08  1.29e-07  2399s
 120   1.64268354e+00  1.64682492e+00  6.28e-03 2.99e-08  1.28e-07  2412s
 121   1.64270932e+00  1.64686064e+00  6.25e-03 2.92e-08  1.27e-07  2429s
 122   1.64271178e+00  1.64686693e+00  6.25e-03 2.89e-08  1.27e-07  2443s
 123   1.64275389e+00  1.64690750e+00  6.20e-03 2.85e-08  1.25e-07  2454s
 124   1.64277357e+00  1.64697194e+00  6.18e-03 2.80e-08  1.23e-07  2467s
 125   1.64277234e+00  1.64697238e+00  6.18e-03 2.83e-08  1.23e-07  2479s
 126   1.64279242e+00  1.64698967e+00  6.16e-03 2.79e-08  1.23e-07  2500s
 127   1.64285188e+00  1.64707694e+00  6.09e-03 2.49e-08  1.19e-07  2521s
 128   1.64285180e+00  1.64707761e+00  6.09e-03 2.49e-08  1.19e-07  2532s
 129   1.64293681e+00  1.64710458e+00  5.99e-03 2.40e-08  1.17e-07  2549s
 130   1.64297766e+00  1.64715834e+00  5.94e-03 2.37e-08  1.15e-07  2566s
 131   1.64297764e+00  1.64715844e+00  5.94e-03 2.37e-08  1.15e-07  2579s
 132   1.64299876e+00  1.64716039e+00  5.92e-03 2.37e-08  1.14e-07  2589s
 133   1.64318046e+00  1.64718866e+00  5.71e-03 2.31e-08  1.10e-07  2610s
 134   1.64318826e+00  1.64719679e+00  5.70e-03 2.28e-08  1.10e-07  2624s
 135   1.64319188e+00  1.64720050e+00  5.70e-03 2.27e-08  1.10e-07  2645s
 136   1.64319223e+00  1.64720098e+00  5.69e-03 2.27e-08  1.10e-07  2659s
 137   1.64319702e+00  1.64720564e+00  5.69e-03 2.27e-08  1.10e-07  2682s
 138   1.64320645e+00  1.64721144e+00  5.68e-03 2.25e-08  1.09e-07  2700s
 139   1.64320907e+00  1.64721298e+00  5.67e-03 2.24e-08  1.09e-07  2715s
 140   1.64330806e+00  1.64726903e+00  5.56e-03 2.15e-08  1.06e-07  2740s
 141   1.64333671e+00  1.64729628e+00  5.53e-03 2.05e-08  1.05e-07  2751s
 142   1.64340045e+00  1.64733457e+00  5.45e-03 1.93e-08  1.02e-07  2766s
 143   1.64345234e+00  1.64736701e+00  5.39e-03 1.86e-08  1.01e-07  2778s
 144   1.64348281e+00  1.64739595e+00  5.35e-03 1.80e-08  9.91e-08  2795s
 145   1.64356788e+00  1.64742783e+00  5.25e-03 1.73e-08  9.65e-08  2814s
 146   1.64365773e+00  1.64752990e+00  5.14e-03 1.38e-08  9.15e-08  2833s
 147   1.64365792e+00  1.64752991e+00  5.14e-03 1.38e-08  9.15e-08  2848s
 148   1.64369464e+00  1.64754002e+00  5.10e-03 1.37e-08  9.05e-08  2864s
 149   1.64370691e+00  1.64754289e+00  5.08e-03 1.36e-08  9.02e-08  2883s
 150   1.64370744e+00  1.64754305e+00  5.08e-03 1.37e-08  9.02e-08  2895s
 151   1.64370813e+00  1.64754566e+00  5.08e-03 1.37e-08  9.01e-08  2908s
 152   1.64371690e+00  1.64755029e+00  5.07e-03 1.35e-08  8.98e-08  2922s
 153   1.64372125e+00  1.64755319e+00  5.07e-03 1.33e-08  8.96e-08  2934s
 154   1.64375250e+00  1.64756061e+00  5.03e-03 1.31e-08  8.88e-08  2947s
 155   1.64383637e+00  1.64760775e+00  4.93e-03 1.12e-08  8.54e-08  2967s
 156   1.64385352e+00  1.64761337e+00  4.91e-03 1.08e-08  8.48e-08  2978s
 157   1.64385380e+00  1.64761352e+00  4.91e-03 1.08e-08  8.48e-08  2991s
 158   1.64391892e+00  1.64763430e+00  4.83e-03 1.04e-08  8.34e-08  3012s
 159   1.64391898e+00  1.64763418e+00  4.83e-03 1.03e-08  8.34e-08  3024s
 160   1.64393589e+00  1.64763455e+00  4.81e-03 1.03e-08  8.31e-08  3034s
 161   1.64394231e+00  1.64764023e+00  4.80e-03 1.00e-08  8.28e-08  3053s
 162   1.64395196e+00  1.64764443e+00  4.79e-03 1.08e-08  8.24e-08  3062s
 163   1.64398685e+00  1.64764816e+00  4.75e-03 9.85e-09  8.16e-08  3087s
 164   1.64399987e+00  1.64765315e+00  4.73e-03 9.75e-09  8.12e-08  3109s
 165   1.64406563e+00  1.64765770e+00  4.65e-03 9.31e-09  7.98e-08  3121s
 166   1.64408526e+00  1.64766185e+00  4.63e-03 9.73e-09  7.92e-08  3135s
 167   1.64408660e+00  1.64767117e+00  4.63e-03 9.31e-09  7.87e-08  3156s
 168   1.64408661e+00  1.64767119e+00  4.63e-03 9.30e-09  7.87e-08  3169s
 169   1.64410062e+00  1.64767617e+00  4.61e-03 9.56e-09  7.82e-08  3183s
 170   1.64410070e+00  1.64767604e+00  4.61e-03 9.25e-09  7.82e-08  3196s
 171   1.64413839e+00  1.64768662e+00  4.57e-03 8.78e-09  7.73e-08  3219s
 172   1.64417577e+00  1.64768932e+00  4.52e-03 8.01e-09  7.65e-08  3237s
 173   1.64417689e+00  1.64769149e+00  4.52e-03 7.93e-09  7.64e-08  3252s
 174   1.64417510e+00  1.64769160e+00  4.52e-03 7.92e-09  7.65e-08  3270s
 175   1.64417531e+00  1.64769138e+00  4.52e-03 7.95e-09  7.64e-08  3287s
 176   1.64418167e+00  1.64769431e+00  4.51e-03 8.64e-09  7.62e-08  3299s
 177   1.64422794e+00  1.64769671e+00  4.46e-03 7.97e-09  7.52e-08  3314s
 178   1.64423525e+00  1.64769942e+00  4.45e-03 7.41e-09  7.49e-08  3334s
 179   1.64426815e+00  1.64770175e+00  4.41e-03 7.83e-09  7.41e-08  3349s
 180   1.64427869e+00  1.64770339e+00  4.39e-03 7.55e-09  7.38e-08  3362s
 181   1.64427867e+00  1.64770343e+00  4.39e-03 1.22e-08  7.38e-08  3379s
 182   1.64428708e+00  1.64770528e+00  4.38e-03 1.28e-08  7.35e-08  3392s
 183   1.64429392e+00  1.64770695e+00  4.38e-03 1.19e-08  7.33e-08  3407s
 184   1.64429443e+00  1.64770901e+00  4.38e-03 1.15e-08  7.32e-08  3421s
 185   1.64430834e+00  1.64771198e+00  4.36e-03 1.14e-08  7.28e-08  3436s
 186   1.64434539e+00  1.64771399e+00  4.31e-03 1.08e-08  7.19e-08  3451s
 187   1.64435211e+00  1.64771413e+00  4.30e-03 1.10e-08  7.18e-08  3462s
 188   1.64435981e+00  1.64771602e+00  4.29e-03 1.13e-08  7.16e-08  3473s
 189   1.64436932e+00  1.64771896e+00  4.28e-03 1.08e-08  7.12e-08  3495s
 190   1.64440127e+00  1.64772023e+00  4.24e-03 1.07e-08  7.05e-08  3506s
 191   1.64440073e+00  1.64772050e+00  4.24e-03 1.07e-08  7.05e-08  3521s
 192   1.64440310e+00  1.64772491e+00  4.24e-03 1.06e-08  7.03e-08  3538s
 193   1.64441848e+00  1.64772551e+00  4.22e-03 1.07e-08  7.00e-08  3549s
 194   1.64446272e+00  1.64772639e+00  4.17e-03 9.65e-09  6.91e-08  3564s
 195   1.64446281e+00  1.64772628e+00  4.17e-03 9.60e-09  6.91e-08  3583s
 196   1.64454145e+00  1.64772762e+00  4.07e-03 8.58e-09  6.76e-08  3596s
 197   1.64455668e+00  1.64772854e+00  4.05e-03 7.86e-09  6.73e-08  3609s
 198   1.64455699e+00  1.64772824e+00  4.05e-03 7.82e-09  6.72e-08  3625s
 199   1.64462643e+00  1.64772972e+00  3.96e-03 7.80e-09  6.59e-08  3638s
 200   1.64462729e+00  1.64772977e+00  3.96e-03 7.80e-09  6.59e-08  3648s
 201   1.64463558e+00  1.64773068e+00  3.95e-03 7.72e-09  6.56e-08  3661s
 202   1.64464224e+00  1.64773161e+00  3.95e-03 7.52e-09  6.54e-08  3674s
 203   1.64464225e+00  1.64773182e+00  3.95e-03 7.63e-09  6.54e-08  3695s
 204   1.64464244e+00  1.64773340e+00  3.94e-03 7.43e-09  6.53e-08  3714s
 205   1.64464379e+00  1.64773431e+00  3.94e-03 7.36e-09  6.52e-08  3724s
 206   1.64464408e+00  1.64773428e+00  3.94e-03 7.37e-09  6.52e-08  3741s
 207   1.64465574e+00  1.64773498e+00  3.93e-03 7.25e-09  6.49e-08  3759s
 208   1.64468037e+00  1.64773551e+00  3.90e-03 7.22e-09  6.44e-08  3770s
 209   1.64469809e+00  1.64773601e+00  3.88e-03 7.17e-09  6.40e-08  3787s
 210   1.64471302e+00  1.64773650e+00  3.86e-03 7.14e-09  6.37e-08  3801s
 211   1.64471443e+00  1.64773677e+00  3.86e-03 7.07e-09  6.36e-08  3816s
 212   1.64474676e+00  1.64777993e+00  3.82e-03 5.94e-09  6.25e-08  3841s
 213   1.64478190e+00  1.64777998e+00  3.77e-03 5.87e-09  6.18e-08  3854s
 214   1.64478258e+00  1.64778014e+00  3.77e-03 5.91e-09  6.18e-08  3872s
 215   1.64483213e+00  1.64780117e+00  3.71e-03 4.89e-09  6.01e-08  3893s
 216   1.64483856e+00  1.64780081e+00  3.70e-03 4.55e-09  5.99e-08  3909s
 217   1.64486730e+00  1.64780079e+00  3.67e-03 4.52e-09  5.93e-08  3925s
 218   1.64487782e+00  1.64779512e+00  3.66e-03 3.55e-09  5.79e-08  3940s
 219   1.64487823e+00  1.64779489e+00  3.65e-03 3.52e-09  5.79e-08  3955s
 220   1.64487850e+00  1.64779459e+00  3.65e-03 3.41e-09  5.79e-08  3967s
 221   1.64492129e+00  1.64779475e+00  3.60e-03 3.54e-09  5.71e-08  3991s
 222   1.64492487e+00  1.64779484e+00  3.60e-03 3.51e-09  5.70e-08  4009s
 223   1.64492686e+00  1.64779380e+00  3.59e-03 3.50e-09  5.68e-08  4029s
 224   1.64498108e+00  1.64779338e+00  3.53e-03 3.75e-09  5.58e-08  4043s
 225   1.64498110e+00  1.64779336e+00  3.53e-03 3.81e-09  5.58e-08  4055s
 226   1.64498139e+00  1.64779328e+00  3.53e-03 3.51e-09  5.57e-08  4067s
 227   1.64498249e+00  1.64779558e+00  3.52e-03 3.46e-09  5.56e-08  4086s
 228   1.64498353e+00  1.64779561e+00  3.52e-03 3.58e-09  5.56e-08  4103s
 229   1.64498527e+00  1.64779525e+00  3.52e-03 3.25e-09  5.56e-08  4115s
 230   1.64499422e+00  1.64779453e+00  3.51e-03 3.13e-09  5.53e-08  4129s
 231   1.64499451e+00  1.64779420e+00  3.51e-03 3.32e-09  5.53e-08  4142s
 232   1.64499601e+00  1.64779373e+00  3.51e-03 3.17e-09  5.52e-08  4158s
 233   1.64501794e+00  1.64779368e+00  3.48e-03 3.31e-09  5.48e-08  4171s
 234   1.64502182e+00  1.64779337e+00  3.47e-03 3.72e-09  5.47e-08  4189s
 235   1.64502708e+00  1.64779298e+00  3.47e-03 4.44e-09  5.46e-08  4202s
 236   1.64503884e+00  1.64779252e+00  3.45e-03 5.14e-09  5.43e-08  4215s
 237   1.64507852e+00  1.64778768e+00  3.40e-03 4.77e-09  5.32e-08  4231s
 238   1.64508913e+00  1.64778053e+00  3.39e-03 4.29e-09  5.25e-08  4247s
 239   1.64510695e+00  1.64777997e+00  3.37e-03 4.96e-09  5.21e-08  4263s
 240   1.64511625e+00  1.64777282e+00  3.35e-03 3.96e-09  5.14e-08  4292s
 241   1.64511666e+00  1.64777269e+00  3.35e-03 3.93e-09  5.14e-08  4307s
 242   1.64511874e+00  1.64777742e+00  3.35e-03 3.47e-09  5.14e-08  4319s
 243   1.64511951e+00  1.64777878e+00  3.35e-03 4.38e-09  5.14e-08  4333s
 244   1.64512133e+00  1.64777844e+00  3.35e-03 4.41e-09  5.13e-08  4346s
 245   1.64513205e+00  1.64777833e+00  3.33e-03 4.40e-09  5.11e-08  4359s
 246   1.64513253e+00  1.64777870e+00  3.33e-03 5.01e-09  5.11e-08  4379s
 247   1.64513278e+00  1.64777819e+00  3.33e-03 4.38e-09  5.11e-08  4395s
 248   1.64513443e+00  1.64777743e+00  3.33e-03 5.39e-09  5.10e-08  4406s
 249   1.64514644e+00  1.64777674e+00  3.32e-03 5.80e-09  5.08e-08  4427s
 250   1.64515073e+00  1.64777610e+00  3.31e-03 6.49e-09  5.07e-08  4448s
 251   1.64515185e+00  1.64776939e+00  3.31e-03 5.37e-09  5.04e-08  4461s
 252   1.64516326e+00  1.64775144e+00  3.29e-03 5.34e-09  4.93e-08  4492s
 253   1.64516363e+00  1.64775132e+00  3.29e-03 5.40e-09  4.93e-08  4504s
 254   1.64516371e+00  1.64775132e+00  3.29e-03 5.39e-09  4.93e-08  4517s
 255   1.64518039e+00  1.64775417e+00  3.27e-03 5.35e-09  4.90e-08  4534s
 256   1.64518534e+00  1.64775359e+00  3.27e-03 4.58e-09  4.89e-08  4544s
 257   1.64520412e+00  1.64775311e+00  3.24e-03 4.32e-09  4.85e-08  4562s
 258   1.64520537e+00  1.64775263e+00  3.24e-03 4.11e-09  4.85e-08  4582s
 259   1.64520539e+00  1.64775257e+00  3.24e-03 4.16e-09  4.85e-08  4601s
 260   1.64524119e+00  1.64776415e+00  3.20e-03 3.13e-09  4.77e-08  4626s
 261   1.64526426e+00  1.64776220e+00  3.17e-03 2.68e-09  4.73e-08  4646s
 262   1.64528176e+00  1.64776011e+00  3.14e-03 2.65e-09  4.69e-08  4697s
 263   1.64528614e+00  1.64775854e+00  3.14e-03 2.30e-09  4.68e-08  4708s
 264   1.64544515e+00  1.64774667e+00  2.93e-03 1.71e-09  4.35e-08  4725s
 265   1.64544549e+00  1.64774497e+00  2.93e-03 2.14e-09  4.34e-08  4752s
 266   1.64544586e+00  1.64774547e+00  2.93e-03 2.01e-09  4.34e-08  4775s
 267   1.64544625e+00  1.64774723e+00  2.93e-03 2.48e-09  4.34e-08  4792s
 268   1.64545332e+00  1.64774740e+00  2.92e-03 2.37e-09  4.33e-08  4812s
 269   1.64546305e+00  1.64774618e+00  2.91e-03 2.35e-09  4.31e-08  4824s
 270   1.64596277e+00  1.64773666e+00  2.25e-03 1.96e-09  3.38e-08  4853s
 271   1.64596588e+00  1.64773513e+00  2.24e-03 1.44e-09  3.37e-08  4875s
 272   1.64596623e+00  1.64773411e+00  2.24e-03 1.20e-09  3.37e-08  4887s
 273   1.64597015e+00  1.64773403e+00  2.24e-03 1.18e-09  3.36e-08  4911s
 274   1.64598097e+00  1.64771773e+00  2.23e-03 1.04e-09  3.31e-08  4936s
 275   1.64598098e+00  1.64771762e+00  2.23e-03 1.57e-09  3.31e-08  4947s
 276   1.64598150e+00  1.64771783e+00  2.22e-03 8.67e-10  3.31e-08  4961s
 277   1.64598268e+00  1.64771774e+00  2.22e-03 1.73e-09  3.31e-08  4971s
 278   1.64598292e+00  1.64771830e+00  2.22e-03 1.99e-09  3.31e-08  4981s
 279   1.64598470e+00  1.64771823e+00  2.22e-03 2.72e-09  3.30e-08  4998s
 280   1.64598499e+00  1.64772126e+00  2.22e-03 2.74e-09  3.31e-08  5020s
 281   1.64598960e+00  1.64772099e+00  2.21e-03 2.70e-09  3.30e-08  5035s
 282   1.64599118e+00  1.64772068e+00  2.21e-03 2.59e-09  3.29e-08  5043s
 283   1.64600309e+00  1.64774759e+00  2.20e-03 5.19e-09  3.30e-08  5086s
 284   1.64600672e+00  1.64774578e+00  2.19e-03 4.74e-09  3.29e-08  5100s
 285   1.64602415e+00  1.64773991e+00  2.17e-03 4.53e-09  3.25e-08  5123s
 286   1.64602597e+00  1.64773833e+00  2.17e-03 4.49e-09  3.24e-08  5142s
 287   1.64602799e+00  1.64773973e+00  2.16e-03 5.43e-09  3.24e-08  5162s
 288   1.64603163e+00  1.64774150e+00  2.16e-03 5.19e-09  3.24e-08  5181s
 289   1.64603989e+00  1.64773904e+00  2.15e-03 4.95e-09  3.22e-08  5213s
 290   1.64613463e+00  1.64772768e+00  2.02e-03 4.02e-09  3.02e-08  5230s
 291   1.64616607e+00  1.64772617e+00  1.98e-03 3.72e-09  2.96e-08  5250s
 292   1.64616746e+00  1.64772573e+00  1.98e-03 4.14e-09  2.95e-08  5266s
 293   1.64616922e+00  1.64772517e+00  1.98e-03 4.15e-09  2.95e-08  5278s
 294   1.64617840e+00  1.64772388e+00  1.97e-03 3.41e-09  2.93e-08  5291s
 295   1.64618039e+00  1.64772306e+00  1.96e-03 3.57e-09  2.93e-08  5318s
 296   1.64618223e+00  1.64772767e+00  1.96e-03 3.31e-09  2.93e-08  5338s
 297   1.64621955e+00  1.64772707e+00  1.91e-03 3.49e-09  2.86e-08  5349s
 298   1.64622997e+00  1.64772498e+00  1.90e-03 3.03e-09  2.84e-08  5368s
 299   1.64626382e+00  1.64772192e+00  1.85e-03 3.02e-09  2.77e-08  5389s
 300   1.64643838e+00  1.64771411e+00  1.62e-03 2.45e-09  2.42e-08  5399s
 301   1.64645888e+00  1.64770076e+00  1.59e-03 1.90e-09  2.36e-08  5414s
 302   1.64646644e+00  1.64769543e+00  1.58e-03 1.81e-09  2.34e-08  5432s
 303   1.64646851e+00  1.64769443e+00  1.58e-03 3.12e-09  2.34e-08  5446s
 304   1.64647035e+00  1.64768426e+00  1.58e-03 2.41e-09  2.32e-08  5466s
 305   1.64648019e+00  1.64767585e+00  1.56e-03 1.92e-09  2.29e-08  5481s
 306   1.64648847e+00  1.64766796e+00  1.55e-03 1.64e-09  2.26e-08  5494s
 307   1.64651638e+00  1.64765775e+00  1.52e-03 1.41e-09  2.19e-08  5516s
 308   1.64653288e+00  1.64765079e+00  1.49e-03 1.04e-09  2.15e-08  5532s
 309   1.64655037e+00  1.64764370e+00  1.47e-03 1.11e-09  2.10e-08  5548s
 310   1.64655443e+00  1.64764349e+00  1.46e-03 1.27e-09  2.10e-08  5566s
 311   1.64658378e+00  1.64763789e+00  1.42e-03 6.50e-10  2.03e-08  5581s
 312   1.64659221e+00  1.64763524e+00  1.41e-03 7.06e-10  2.01e-08  5592s
 313   1.64662352e+00  1.64763319e+00  1.37e-03 4.86e-10  1.95e-08  5606s
 314   1.64696257e+00  1.64763108e+00  9.06e-04 2.80e-10  1.29e-08  5619s
 315   1.64698202e+00  1.64763064e+00  8.80e-04 2.42e-10  1.25e-08  5631s
 316   1.64698439e+00  1.64763055e+00  8.77e-04 2.19e-10  1.25e-08  5646s
 317   1.64709985e+00  1.64762972e+00  7.18e-04 7.95e-10  1.03e-08  5654s
 318   1.64710389e+00  1.64762958e+00  7.13e-04 6.86e-10  1.02e-08  5664s
 319   1.64710731e+00  1.64762926e+00  7.08e-04 1.06e-09  1.01e-08  5673s
 320   1.64710913e+00  1.64762902e+00  7.06e-04 1.74e-09  1.01e-08  5681s
 321   1.64715014e+00  1.64762834e+00  6.49e-04 1.35e-09  9.26e-09  5692s
 322   1.64715019e+00  1.64762710e+00  6.49e-04 1.10e-09  9.25e-09  5702s
 323   1.64725215e+00  1.64762590e+00  5.09e-04 8.24e-10  7.25e-09  5713s
 324   1.64725283e+00  1.64762502e+00  5.08e-04 7.76e-10  7.22e-09  5726s
 325   1.64725337e+00  1.64762411e+00  5.07e-04 9.58e-10  7.20e-09  5735s
 326   1.64725378e+00  1.64762356e+00  5.06e-04 9.68e-10  7.19e-09  5745s
 327   1.64725382e+00  1.64762347e+00  5.06e-04 9.74e-10  7.18e-09  5758s
 328   1.64725701e+00  1.64762403e+00  5.02e-04 1.18e-09  7.13e-09  5769s
 329   1.64725713e+00  1.64762292e+00  5.02e-04 1.13e-09  7.11e-09  5788s
 330   1.64725748e+00  1.64762372e+00  5.01e-04 1.06e-09  7.12e-09  5806s
 331   1.64726208e+00  1.64762282e+00  4.95e-04 9.08e-10  7.02e-09  5824s
 332   1.64727647e+00  1.64762205e+00  4.75e-04 8.09e-10  6.73e-09  5840s
 333   1.64727813e+00  1.64762041e+00  4.73e-04 5.49e-10  6.67e-09  5867s
 334   1.64728412e+00  1.64761895e+00  4.64e-04 3.92e-10  6.53e-09  5889s
 335   1.64728757e+00  1.64761868e+00  4.59e-04 7.94e-10  6.46e-09  5907s
 336   1.64743391e+00  1.64761807e+00  2.55e-04 5.85e-10  3.59e-09  5921s
 337   1.64743392e+00  1.64761808e+00  2.55e-04 7.20e-10  3.59e-09  5937s
 338   1.64743470e+00  1.64761897e+00  2.54e-04 7.92e-10  3.59e-09  5947s
 339   1.64743498e+00  1.64761832e+00  2.54e-04 9.03e-10  3.58e-09  5959s
 340   1.64744314e+00  1.64761740e+00  2.42e-04 5.62e-10  3.41e-09  5977s
 341   1.64751305e+00  1.64761698e+00  1.44e-04 4.09e-10  2.04e-09  5991s
 342   1.64751306e+00  1.64761698e+00  1.44e-04 1.06e-09  2.04e-09  6017s
 343   1.64751318e+00  1.64761818e+00  1.44e-04 8.34e-10  2.06e-09  6030s
 344   1.64751416e+00  1.64761728e+00  1.43e-04 5.55e-10  2.02e-09  6039s
 345   1.64751418e+00  1.64761685e+00  1.43e-04 5.37e-10  2.02e-09  6047s
 346   1.64751451e+00  1.64761648e+00  1.42e-04 5.20e-10  2.01e-09  6059s
 347   1.64751826e+00  1.64761601e+00  1.37e-04 2.53e-10  1.93e-09  6081s
 348   1.64752526e+00  1.64761568e+00  1.27e-04 4.01e-10  1.78e-09  6101s
 349   1.64752696e+00  1.64761550e+00  1.25e-04 2.82e-10  1.75e-09  6124s
 350   1.64752980e+00  1.64761539e+00  1.21e-04 2.88e-09  1.69e-09  6148s
 351   1.64752981e+00  1.64761537e+00  1.21e-04 2.79e-09  1.69e-09  6198s
 352   1.64752998e+00  1.64761591e+00  1.20e-04 2.62e-09  1.69e-09  6212s
 353   1.64753000e+00  1.64761579e+00  1.20e-04 2.31e-09  1.69e-09  6228s
 354   1.64753307e+00  1.64761528e+00  1.16e-04 1.17e-09  1.63e-09  6252s
 355   1.64754062e+00  1.64761488e+00  1.05e-04 5.91e-10  1.47e-09  6275s
 356   1.64757267e+00  1.64761458e+00  5.93e-05 7.34e-10  8.43e-10  6296s
 357   1.64758845e+00  1.64761418e+00  3.62e-05 2.24e-09  5.19e-10  6313s
 358   1.64758851e+00  1.64761402e+00  3.61e-05 1.86e-09  5.16e-10  6328s
 359   1.64758910e+00  1.64761386e+00  3.52e-05 1.98e-09  5.02e-10  6339s
 360   1.64758925e+00  1.64761376e+00  3.50e-05 2.29e-09  4.97e-10  6353s
 361   1.64758967e+00  1.64761362e+00  3.43e-05 2.49e-09  4.87e-10  6361s
 362   1.64758982e+00  1.64761353e+00  3.41e-05 2.65e-09  4.82e-10  6374s
 363   1.64758982e+00  1.64761353e+00  3.41e-05 2.73e-09  4.82e-10  6382s
 364   1.64758982e+00  1.64761353e+00  3.41e-05 3.29e-09  4.82e-10  6395s
 365   1.64758983e+00  1.64761350e+00  3.41e-05 3.71e-09  4.82e-10  6407s
 366   1.64758988e+00  1.64761381e+00  3.40e-05 3.22e-09  4.86e-10  6427s
 367   1.64759014e+00  1.64761353e+00  3.36e-05 2.72e-09  4.76e-10  6440s
 368   1.64759064e+00  1.64761325e+00  3.29e-05 1.30e-09  4.62e-10  6461s
 369   1.64759087e+00  1.64761313e+00  3.26e-05 1.36e-09  4.56e-10  6489s
 370   1.64759114e+00  1.64761308e+00  3.22e-05 1.40e-09  4.50e-10  6512s
 371   1.64759122e+00  1.64761281e+00  3.20e-05 6.75e-10  4.44e-10  6539s
 372   1.64759137e+00  1.64761267e+00  3.18e-05 6.34e-10  4.39e-10  6568s
 373   1.64759146e+00  1.64761267e+00  3.17e-05 5.51e-10  4.38e-10  6581s
 374   1.64759156e+00  1.64761264e+00  3.15e-05 8.65e-10  4.35e-10  6601s
 375   1.64759160e+00  1.64761259e+00  3.14e-05 2.24e-10  4.33e-10  6625s
 376   1.64759160e+00  1.64761257e+00  3.14e-05 2.93e-10  4.33e-10  6640s
 377   1.64759160e+00  1.64761257e+00  3.14e-05 2.95e-10  4.33e-10  6650s
 378   1.64759165e+00  1.64761267e+00  3.13e-05 1.37e-09  4.34e-10  6674s
 379   1.64759177e+00  1.64761262e+00  3.12e-05 1.51e-09  4.31e-10  6696s
 380   1.64759196e+00  1.64761259e+00  3.09e-05 2.36e-09  4.26e-10  6720s
 381   1.64759216e+00  1.64761256e+00  3.05e-05 2.70e-09  4.22e-10  6746s
 382   1.64759220e+00  1.64761237e+00  3.05e-05 1.68e-09  4.18e-10  6777s
 383   1.64759297e+00  1.64761236e+00  2.91e-05 1.79e-09  4.02e-10  6790s
 384   1.64759310e+00  1.64761231e+00  2.89e-05 1.09e-09  3.99e-10  6805s
 385   1.64759310e+00  1.64761231e+00  2.89e-05 1.08e-09  3.99e-10  6821s
 386   1.64759331e+00  1.64761231e+00  2.86e-05 1.82e-09  3.95e-10  6838s
 387   1.64759333e+00  1.64761226e+00  2.85e-05 1.50e-09  3.94e-10  6859s
 388   1.64759334e+00  1.64761224e+00  2.85e-05 1.36e-09  3.93e-10  6877s
 389   1.64759349e+00  1.64761226e+00  2.83e-05 5.22e-09  3.91e-10  6890s
 390   1.64759360e+00  1.64761225e+00  2.81e-05 1.17e-09  3.88e-10  6909s
 391   1.64759369e+00  1.64761221e+00  2.80e-05 9.77e-10  3.86e-10  6927s
 392   1.64759389e+00  1.64761220e+00  2.77e-05 8.95e-10  3.81e-10  6941s
 393   1.64759398e+00  1.64761219e+00  2.75e-05 9.18e-10  3.79e-10  6955s
 394   1.64759400e+00  1.64761218e+00  2.75e-05 8.90e-10  3.79e-10  6969s
 395   1.64759401e+00  1.64761218e+00  2.75e-05 8.89e-10  3.78e-10  6985s
 396   1.64759401e+00  1.64761218e+00  2.75e-05 3.95e-10  3.78e-10  6997s
 397   1.64759451e+00  1.64761223e+00  2.68e-05 1.29e-08  3.69e-10  7013s
 398   1.64759472e+00  1.64761222e+00  2.65e-05 1.28e-08  3.64e-10  7031s
 399   1.64759563e+00  1.64761211e+00  2.50e-05 8.77e-09  3.44e-10  7062s
 400   1.64759573e+00  1.64761204e+00  2.49e-05 6.49e-09  3.41e-10  7096s
 401   1.64759585e+00  1.64761204e+00  2.47e-05 7.01e-09  3.39e-10  7123s
 402   1.64759621e+00  1.64761204e+00  2.41e-05 5.17e-09  3.31e-10  7137s
 403   1.64759656e+00  1.64761206e+00  2.36e-05 4.29e-09  3.24e-10  7156s
 404   1.64759661e+00  1.64761207e+00  2.36e-05 3.94e-09  3.23e-10  7178s
 405   1.64759782e+00  1.64761208e+00  2.16e-05 3.43e-09  2.98e-10  7192s
 406   1.64759804e+00  1.64761206e+00  2.12e-05 2.72e-09  2.94e-10  7213s
 407   1.64759813e+00  1.64761201e+00  2.11e-05 1.89e-09  2.91e-10  7230s
 408   1.64759821e+00  1.64761198e+00  2.10e-05 1.56e-09  2.89e-10  7246s
 409   1.64759843e+00  1.64761196e+00  2.06e-05 1.54e-09  2.84e-10  7261s
 410   1.64759858e+00  1.64761191e+00  2.04e-05 1.41e-09  2.80e-10  7278s
 411   1.64759869e+00  1.64761189e+00  2.02e-05 1.29e-09  2.78e-10  7293s
 412   1.64759879e+00  1.64761189e+00  2.01e-05 1.28e-09  2.76e-10  7310s
 413   1.64759879e+00  1.64761189e+00  2.01e-05 1.93e-09  2.76e-10  7330s
 414   1.64759888e+00  1.64761190e+00  1.99e-05 2.94e-09  2.74e-10  7349s
 415   1.64759921e+00  1.64761190e+00  1.94e-05 3.87e-09  2.67e-10  7368s
 416   1.64759935e+00  1.64761190e+00  1.92e-05 3.71e-09  2.64e-10  7393s
 417   1.64759940e+00  1.64761191e+00  1.91e-05 3.53e-09  2.63e-10  7412s
 418   1.64759942e+00  1.64761193e+00  1.91e-05 3.12e-09  2.63e-10  7435s
 419   1.64759942e+00  1.64761194e+00  1.91e-05 4.54e-09  2.63e-10  7447s
 420   1.64759954e+00  1.64761234e+00  1.90e-05 4.80e-09  2.66e-10  7459s
 421   1.64760042e+00  1.64761219e+00  1.76e-05 3.86e-09  2.45e-10  7475s
 422   1.64760054e+00  1.64761222e+00  1.72e-05 4.68e-09  2.45e-10  7485s
 423   1.64760057e+00  1.64761230e+00  1.71e-05 4.30e-09  2.46e-10  7500s
 424   1.64760431e+00  1.64761229e+00  4.07e-05 4.37e-09  1.66e-10  7517s
 425   1.64760431e+00  1.64761224e+00  4.07e-05 4.02e-09  1.65e-10  7535s
 426   1.64760432e+00  1.64761226e+00  4.06e-05 5.66e-09  1.65e-10  7554s
 427   1.64760433e+00  1.64761220e+00  4.06e-05 4.01e-09  1.64e-10  7577s
 428   1.64760443e+00  1.64761219e+00  4.00e-05 4.72e-09  1.62e-10  7593s
 429   1.64760713e+00  1.64761205e+00  2.63e-05 1.92e-08  1.07e-10  7615s
 430   1.64760772e+00  1.64761192e+00  2.27e-05 1.89e-08  9.24e-11  7629s
 431   1.64760783e+00  1.64761180e+00  2.21e-05 1.14e-08  8.87e-11  7654s
 432   1.64760786e+00  1.64761178e+00  2.19e-05 7.35e-09  8.76e-11  7680s
 433   1.64760796e+00  1.64761177e+00  2.13e-05 7.57e-09  8.54e-11  7698s
 434   1.64760800e+00  1.64761176e+00  2.11e-05 4.13e-09  8.44e-11  7718s
 435   1.64760811e+00  1.64761173e+00  2.04e-05 4.24e-09  8.15e-11  7745s
 436   1.64760811e+00  1.64761173e+00  2.04e-05 5.41e-09  8.14e-11  7770s
 437   1.64760820e+00  1.64761170e+00  1.98e-05 6.08e-09  7.92e-11  7794s
 438   1.64760820e+00  1.64761170e+00  1.98e-05 3.41e-09  7.92e-11  7808s
 439   1.64760826e+00  1.64761170e+00  1.95e-05 3.04e-09  7.80e-11  7829s
 440   1.64760826e+00  1.64761168e+00  1.95e-05 2.97e-09  7.77e-11  7847s
 441   1.64760828e+00  1.64761168e+00  1.94e-05 3.17e-09  7.73e-11  7872s
 442   1.64760828e+00  1.64761167e+00  1.94e-05 3.09e-09  7.71e-11  7890s
 443   1.64760829e+00  1.64761165e+00  1.93e-05 6.90e-09  7.67e-11  7923s
 444   1.64760829e+00  1.64761165e+00  1.93e-05 3.59e-09  7.67e-11  7935s

Barrier solved model in 444 iterations and 7934.74 seconds (4455.91 work units)
Optimal objective 1.64759879e+00

