Set parameter Username
Academic license - for non-commercial use only - expires 2027-02-09
Set parameter Threads to value 4
Set parameter Method to value 2
Set parameter BarOrder to value 1
Set parameter BarHomogeneous to value 1
Set parameter NumericFocus to value 2
Set parameter Crossover to value 0
Gurobi Optimizer version 9.5.1 build v9.5.1rc2 (linux64)
Thread count: 32 physical cores, 64 logical processors, using up to 4 threads
Optimize a model with 15970239 rows, 26330292 columns and 101873201 nonzeros
Model fingerprint: 0x3a98dba6
Coefficient statistics:
  Matrix range     [1e-04, 3e+00]
  Objective range  [1e+00, 1e+00]
  Bounds range     [0e+00, 0e+00]
  RHS range        [1e-03, 1e+00]
Presolve removed 0 rows and 0 columns (presolve time = 7s) ...
Presolve removed 5725214 rows and 21680538 columns (presolve time = 10s) ...
Presolve removed 5725214 rows and 22073992 columns (presolve time = 15s) ...
Presolve removed 5725214 rows and 22074083 columns (presolve time = 23s) ...
Presolve removed 5731131 rows and 22080000 columns (presolve time = 27s) ...
Presolve removed 5733495 rows and 22082364 columns (presolve time = 56s) ...
Presolve removed 5750057 rows and 22082365 columns (presolve time = 61s) ...
Presolve removed 5750057 rows and 22082365 columns (presolve time = 67s) ...
Presolve removed 5750057 rows and 22082365 columns
Presolve time: 69.19s
Presolved: 10220182 rows, 4247927 columns, 69898011 nonzeros
Elapsed ordering time = 5s
Elapsed ordering time = 10s
Ordering time: 13.01s

Barrier statistics:
 Dense cols : 395
 AA' NZ     : 2.459e+08
 Factor NZ  : 3.827e+08 (roughly 7.0 GB of memory)
 Factor Ops : 3.684e+10 (roughly 1 second per iteration)
 Threads    : 4

                  Objective                Residual
Iter       Primal          Dual         Primal    Dual     Compl     Time
   0   3.28895034e+00  3.12500000e+01  1.97e+08 6.25e-02  1.00e+06  2949s
   1   1.04403803e+01  3.10371533e+06  1.56e+08 6.54e+02  8.25e+05  2968s
   2   1.18865630e+01  4.48306549e+06  1.24e+08 3.28e+02  5.54e+05  2996s
   3   3.45695956e+01  4.55566282e+06  7.89e+07 1.98e+02  3.53e+05  3027s
   4   5.15188914e+00  3.25583401e+05  3.34e+06 1.42e+01  1.62e+03  3058s
   5   4.35965299e+00  7.84558998e+04  1.92e+06 3.42e+00  3.90e+02  3084s
   6   4.12337179e+00  4.78294952e+04  1.15e+06 2.00e+00  1.86e+02  3111s
   7   3.97034699e+00  3.12446665e+04  8.48e+05 1.31e+00  1.15e+02  3141s
   8   3.89705376e+00  1.75664310e+04  6.73e+05 7.57e-01  7.42e+01  3180s
   9   3.78208133e+00  9.49059608e+03  4.96e+05 4.04e-01  4.67e+01  3223s
  10   3.55133695e+00  4.99929270e+03  3.51e+05 2.18e-01  3.23e+01  3263s
  11   2.86992442e+00  2.82967280e+03  2.27e+05 1.21e-01  2.00e+01  3301s
  12   2.53174715e+00  2.14599846e+03  1.48e+05 9.16e-02  1.30e+01  3331s
  13   2.60365028e+00  1.48371394e+03  9.78e+04 6.40e-02  8.49e+00  3356s
  14   2.62934857e+00  6.49793801e+02  7.14e+04 2.78e-02  5.95e+00  3376s
  15   2.79269947e+00  3.27256246e+02  5.15e+04 1.38e-02  4.21e+00  3399s
  16   2.93195727e+00  1.86422020e+02  3.68e+04 7.73e-03  2.99e+00  3421s
  17   3.03784338e+00  1.33940428e+02  2.99e+04 5.47e-03  2.41e+00  3443s
  18   3.22829619e+00  9.09417416e+01  1.88e+04 3.59e-03  1.49e+00  3465s
  19   3.33189147e+00  6.46396518e+01  1.65e+04 2.42e-03  1.26e+00  3488s
  20   3.51068596e+00  4.94280551e+01  1.09e+04 1.70e-03  7.85e-01  3511s
  21   3.87611891e+00  4.09703472e+01  8.35e+03 1.26e-03  5.39e-01  3534s
  22   3.96319784e+00  3.53570422e+01  3.49e+03 9.97e-04  2.04e-01  3562s
  23   3.45007421e+00  1.97941549e+01  1.89e+03 4.63e-04  6.75e-02  3604s
  24   3.13722300e+00  1.50468977e+01  1.39e+03 3.26e-04  4.07e-02  3653s
  25   2.71026971e+00  9.52757494e+00  1.01e+03 1.86e-04  2.14e-02  3705s
  26   2.04084780e+00  4.62658925e+00  3.86e+02 6.85e-05  4.14e-03  3752s
  27   1.71618144e+00  2.98458745e+00  8.57e+01 3.03e-05  5.78e-04  3803s
  28   1.65390775e+00  2.39369062e+00  2.89e+01 1.79e-05  1.56e-04  3843s
  29   1.63552843e+00  2.21841844e+00  1.95e+01 1.40e-05  9.71e-05  3887s
  30   1.62564014e+00  2.11954873e+00  1.53e+01 1.19e-05  7.24e-05  3926s
  31   1.61353566e+00  2.05283085e+00  1.11e+01 1.04e-05  5.14e-05  3960s
  32   1.60474249e+00  1.97919438e+00  9.09e+00 8.88e-06  4.01e-05  4002s
  33   1.59084019e+00  1.89855424e+00  6.49e+00 7.20e-06  2.75e-05  4052s
  34   1.58124165e+00  1.87005773e+00  5.23e+00 6.61e-06  2.24e-05  4103s
  35   1.56062714e+00  1.79415250e+00  2.85e+00 5.13e-06  1.29e-05  4155s
  36   1.55493531e+00  1.75227206e+00  2.44e+00 4.36e-06  1.07e-05  4206s
  37   1.53793559e+00  1.69836489e+00  1.56e+00 3.42e-06  7.29e-06  4259s
  38   1.53274384e+00  1.65500028e+00  1.28e+00 2.60e-06  5.50e-06  4315s
  39   1.53494220e+00  1.63474625e+00  1.16e+00 2.18e-06  4.63e-06  4378s
  40   1.53759813e+00  1.62639146e+00  1.07e+00 1.91e-06  4.09e-06  4448s
  41   1.53721464e+00  1.61945955e+00  1.03e+00 1.72e-06  3.74e-06  4516s
  42   1.53390326e+00  1.61726946e+00  9.17e-01 1.65e-06  3.47e-06  4570s
  43   1.54161957e+00  1.61485304e+00  8.43e-01 1.53e-06  3.16e-06  4644s
  44   1.54731629e+00  1.61225609e+00  7.64e-01 1.28e-06  2.70e-06  4730s
  45   1.55047902e+00  1.61141114e+00  7.04e-01 1.20e-06  2.49e-06  4818s
  46   1.55166996e+00  1.61041995e+00  6.68e-01 1.04e-06  2.24e-06  4912s
  47   1.55310347e+00  1.60994782e+00  6.07e-01 1.00e-06  2.09e-06  5000s
  48   1.56062346e+00  1.61060444e+00  5.53e-01 9.08e-07  1.89e-06  5109s
  49   1.56338122e+00  1.61109362e+00  5.13e-01 8.12e-07  1.72e-06  5213s
  50   1.56401170e+00  1.61104866e+00  4.88e-01 7.82e-07  1.64e-06  5296s
  51   1.56959049e+00  1.61368588e+00  4.46e-01 6.63e-07  1.44e-06  5437s
  52   1.57509084e+00  1.61605787e+00  4.07e-01 5.76e-07  1.28e-06  5620s
  53   1.58033238e+00  1.61628484e+00  3.75e-01 5.65e-07  1.22e-06  5799s
  54   1.58408960e+00  1.62107604e+00  3.43e-01 4.69e-07  1.07e-06  6000s
  55   1.58711031e+00  1.62132306e+00  3.24e-01 4.68e-07  1.02e-06  6089s
  56   1.58753926e+00  1.62216573e+00  3.21e-01 4.49e-07  1.00e-06  6180s
  57   1.58773417e+00  1.62268870e+00  3.20e-01 4.45e-07  9.88e-07  6264s
  58   1.58773921e+00  1.62269370e+00  3.20e-01 4.45e-07  9.88e-07  6333s
  59   1.58919585e+00  1.62368171e+00  3.11e-01 4.39e-07  9.51e-07  6399s
  60   1.58919884e+00  1.62368617e+00  3.11e-01 4.38e-07  9.46e-07  6460s
  61   1.58979605e+00  1.62425665e+00  3.07e-01 4.15e-07  9.15e-07  6586s
  62   1.59164763e+00  1.62441529e+00  2.95e-01 4.05e-07  8.89e-07  6671s
  63   1.59183119e+00  1.62487801e+00  2.94e-01 3.98e-07  8.73e-07  6740s
  64   1.59191626e+00  1.62513429e+00  2.93e-01 3.89e-07  8.65e-07  6833s
  65   1.59342527e+00  1.62547476e+00  2.84e-01 3.79e-07  8.41e-07  6902s
  66   1.59349552e+00  1.62551858e+00  2.84e-01 3.77e-07  8.39e-07  6975s
  67   1.59354675e+00  1.62567164e+00  2.83e-01 3.71e-07  8.33e-07  7040s
  68   1.59473340e+00  1.62608689e+00  2.74e-01 3.61e-07  7.97e-07  7149s
  69   1.59624816e+00  1.62634416e+00  2.64e-01 3.54e-07  7.71e-07  7247s
  70   1.59674104e+00  1.62669879e+00  2.61e-01 3.53e-07  7.55e-07  7356s
  71   1.59677847e+00  1.62670593e+00  2.61e-01 3.52e-07  7.55e-07  7400s
  72   1.59687342e+00  1.62709477e+00  2.60e-01 3.50e-07  7.44e-07  7497s
  73   1.59826484e+00  1.62795008e+00  2.52e-01 3.29e-07  7.12e-07  7649s
  74   1.59901251e+00  1.62828069e+00  2.48e-01 3.24e-07  6.94e-07  7707s
  75   1.59902860e+00  1.62828291e+00  2.48e-01 3.24e-07  6.94e-07  7779s
  76   1.60076878e+00  1.62854284e+00  2.37e-01 3.20e-07  6.71e-07  7859s
  77   1.60077027e+00  1.62854249e+00  2.37e-01 3.20e-07  6.71e-07  7924s
  78   1.60138091e+00  1.62888143e+00  2.34e-01 3.07e-07  6.58e-07  7983s
  79   1.60183305e+00  1.62932124e+00  2.31e-01 2.95e-07  6.41e-07  8080s
  80   1.60214586e+00  1.62963789e+00  2.29e-01 2.82e-07  6.31e-07  8136s
  81   1.60291608e+00  1.62990529e+00  2.24e-01 2.80e-07  6.17e-07  8194s
  82   1.60381572e+00  1.63009858e+00  2.19e-01 2.76e-07  6.05e-07  8273s
  83   1.60472700e+00  1.63040428e+00  2.14e-01 2.70e-07  5.91e-07  8330s
  84   1.60472717e+00  1.63038649e+00  2.14e-01 2.70e-07  5.91e-07  8401s
  85   1.60485449e+00  1.63073808e+00  2.13e-01 2.60e-07  5.81e-07  8465s
  86   1.60498549e+00  1.63082758e+00  2.13e-01 2.59e-07  5.78e-07  8520s
  87   1.60498949e+00  1.63083521e+00  2.12e-01 2.59e-07  5.78e-07  8609s
  88   1.60510622e+00  1.63085398e+00  2.12e-01 2.59e-07  5.77e-07  8663s
  89   1.60510597e+00  1.63085718e+00  2.12e-01 2.59e-07  5.77e-07  8716s
  90   1.60618904e+00  1.63131107e+00  2.06e-01 2.55e-07  5.57e-07  8786s
  91   1.60727178e+00  1.63143047e+00  1.98e-01 2.54e-07  5.40e-07  8865s
  92   1.60771841e+00  1.63157473e+00  1.95e-01 2.52e-07  5.31e-07  8914s
  93   1.60778426e+00  1.63162393e+00  1.94e-01 2.51e-07  5.30e-07  8964s
  94   1.60778469e+00  1.63162260e+00  1.94e-01 2.51e-07  5.30e-07  9029s
  95   1.60778450e+00  1.63162297e+00  1.94e-01 2.51e-07  5.30e-07  9078s
  96   1.60888955e+00  1.63231939e+00  1.89e-01 2.42e-07  5.11e-07  9153s
  97   1.60889692e+00  1.63231959e+00  1.89e-01 2.42e-07  5.11e-07  9205s
  98   1.60953782e+00  1.63282126e+00  1.85e-01 2.36e-07  4.94e-07  9262s
  99   1.61005116e+00  1.63295048e+00  1.82e-01 2.34e-07  4.86e-07  9326s
 100   1.61018129e+00  1.63307047e+00  1.81e-01 2.36e-07  4.81e-07  9398s
 101   1.61056434e+00  1.63318013e+00  1.79e-01 2.32e-07  4.76e-07  9475s
 102   1.61067116e+00  1.63321360e+00  1.78e-01 2.32e-07  4.74e-07  9535s
 103   1.61077282e+00  1.63339303e+00  1.78e-01 2.33e-07  4.70e-07  9579s
 104   1.61077913e+00  1.63339734e+00  1.78e-01 2.33e-07  4.70e-07  9651s
 105   1.61138406e+00  1.63369577e+00  1.75e-01 2.34e-07  4.61e-07  9712s
 106   1.61138382e+00  1.63369661e+00  1.75e-01 2.34e-07  4.61e-07  9766s
 107   1.61138187e+00  1.63369754e+00  1.75e-01 2.34e-07  4.61e-07  9844s
 108   1.61215677e+00  1.63414361e+00  1.70e-01 2.34e-07  4.46e-07  9960s
 109   1.61278701e+00  1.63427584e+00  1.67e-01 2.30e-07  4.37e-07  10019s
 110   1.61279518e+00  1.63427988e+00  1.67e-01 2.30e-07  4.37e-07  10077s
 111   1.61279624e+00  1.63427845e+00  1.67e-01 2.30e-07  4.37e-07  10120s
 112   1.61281261e+00  1.63431479e+00  1.67e-01 2.28e-07  4.36e-07  10181s
 113   1.61294347e+00  1.63435481e+00  1.66e-01 2.28e-07  4.34e-07  10248s
 114   1.61388603e+00  1.63481199e+00  1.61e-01 2.23e-07  4.20e-07  10333s
 115   1.61387644e+00  1.63481359e+00  1.61e-01 2.23e-07  4.21e-07  10382s
 116   1.61437159e+00  1.63524736e+00  1.59e-01 2.15e-07  4.10e-07  10446s
 117   1.61438956e+00  1.63534185e+00  1.58e-01 2.19e-07  4.08e-07  10499s
 118   1.61499803e+00  1.63552751e+00  1.55e-01 2.41e-07  3.98e-07  10556s
 119   1.61500447e+00  1.63556806e+00  1.55e-01 2.44e-07  3.97e-07  10660s
 120   1.61500650e+00  1.63556265e+00  1.55e-01 2.46e-07  3.97e-07  10704s
 121   1.61501005e+00  1.63556419e+00  1.55e-01 2.46e-07  3.97e-07  10757s
 122   1.61507857e+00  1.63560284e+00  1.55e-01 2.45e-07  3.97e-07  10821s
 123   1.61507865e+00  1.63561026e+00  1.55e-01 2.43e-07  3.97e-07  10913s
 124   1.61508324e+00  1.63561974e+00  1.55e-01 2.44e-07  3.97e-07  10958s
 125   1.61536201e+00  1.63619683e+00  1.53e-01 2.55e-07  3.89e-07  11077s
 126   1.61536767e+00  1.63618525e+00  1.53e-01 2.55e-07  3.88e-07  11172s
 127   1.61553651e+00  1.63626135e+00  1.52e-01 2.46e-07  3.86e-07  11234s
 128   1.61567336e+00  1.63634598e+00  1.52e-01 2.42e-07  3.83e-07  11307s
 129   1.61817834e+00  1.63691279e+00  1.38e-01 2.27e-07  3.51e-07  11428s
 130   1.61820754e+00  1.63695478e+00  1.38e-01 2.25e-07  3.50e-07  11518s
 131   1.61820884e+00  1.63695413e+00  1.38e-01 2.24e-07  3.50e-07  11568s
 132   1.61848996e+00  1.63702705e+00  1.37e-01 2.22e-07  3.46e-07  11645s
 133   1.61848940e+00  1.63702816e+00  1.37e-01 2.22e-07  3.46e-07  11705s
 134   1.61851950e+00  1.63716676e+00  1.37e-01 2.23e-07  3.44e-07  11763s
 135   1.61852247e+00  1.63717029e+00  1.37e-01 2.23e-07  3.44e-07  11841s
 136   1.61926518e+00  1.63744578e+00  1.32e-01 2.22e-07  3.34e-07  11924s
 137   1.61968939e+00  1.63758732e+00  1.30e-01 2.14e-07  3.25e-07  12001s
 138   1.61972403e+00  1.63763719e+00  1.30e-01 2.12e-07  3.24e-07  12082s
 139   1.62021516e+00  1.63776067e+00  1.27e-01 2.08e-07  3.18e-07  12208s
 140   1.62023220e+00  1.63790737e+00  1.27e-01 2.02e-07  3.15e-07  12277s
 141   1.62023647e+00  1.63791790e+00  1.27e-01 2.02e-07  3.15e-07  12324s
 142   1.62035140e+00  1.63808620e+00  1.26e-01 2.06e-07  3.11e-07  12388s
 143   1.62048921e+00  1.63821657e+00  1.26e-01 1.96e-07  3.07e-07  12471s
 144   1.62049353e+00  1.63822287e+00  1.26e-01 1.96e-07  3.08e-07  12515s
 145   1.62080318e+00  1.63833808e+00  1.24e-01 1.94e-07  3.03e-07  12580s
 146   1.62101968e+00  1.63841613e+00  1.23e-01 1.90e-07  2.99e-07  12646s
 147   1.62107551e+00  1.63846365e+00  1.23e-01 1.88e-07  2.98e-07  12703s
 148   1.62119561e+00  1.63851565e+00  1.22e-01 1.87e-07  2.97e-07  12763s
 149   1.62314389e+00  1.63935818e+00  1.13e-01 1.73e-07  2.74e-07  12920s
 150   1.62314580e+00  1.63935761e+00  1.13e-01 1.73e-07  2.74e-07  12962s
 151   1.62314969e+00  1.63936370e+00  1.13e-01 1.73e-07  2.74e-07  13009s
 152   1.62334636e+00  1.63951418e+00  1.12e-01 1.67e-07  2.71e-07  13096s
 153   1.62335945e+00  1.63953121e+00  1.12e-01 1.67e-07  2.70e-07  13154s
 154   1.62338880e+00  1.63957174e+00  1.12e-01 1.66e-07  2.70e-07  13217s
 155   1.62344670e+00  1.63970385e+00  1.12e-01 1.65e-07  2.68e-07  13322s
 156   1.62354771e+00  1.63974384e+00  1.11e-01 1.65e-07  2.67e-07  13373s
 157   1.62370699e+00  1.63989986e+00  1.11e-01 1.55e-07  2.64e-07  13433s
 158   1.62379142e+00  1.64007410e+00  1.10e-01 1.52e-07  2.61e-07  13541s
 159   1.62407444e+00  1.64021064e+00  1.09e-01 1.49e-07  2.58e-07  13661s
 160   1.62429289e+00  1.64031087e+00  1.08e-01 1.47e-07  2.55e-07  13700s
 161   1.62435960e+00  1.64048518e+00  1.08e-01 1.44e-07  2.52e-07  13762s
 162   1.62440107e+00  1.64059138e+00  1.07e-01 1.39e-07  2.51e-07  13820s
 163   1.62443231e+00  1.64069860e+00  1.07e-01 1.35e-07  2.50e-07  13874s
 164   1.62442301e+00  1.64071158e+00  1.07e-01 1.36e-07  2.50e-07  13939s
 165   1.62449087e+00  1.64079083e+00  1.07e-01 1.35e-07  2.49e-07  14000s
 166   1.62449242e+00  1.64078649e+00  1.07e-01 1.35e-07  2.49e-07  14057s
 167   1.62449362e+00  1.64079560e+00  1.07e-01 1.35e-07  2.49e-07  14112s
 168   1.62453224e+00  1.64083140e+00  1.07e-01 1.35e-07  2.48e-07  14191s
 169   1.62513425e+00  1.64088730e+00  1.04e-01 1.35e-07  2.43e-07  14232s
 170   1.62516765e+00  1.64098398e+00  1.04e-01 1.34e-07  2.42e-07  14288s
 171   1.62530692e+00  1.64109797e+00  1.03e-01 1.34e-07  2.39e-07  14405s
 172   1.62542791e+00  1.64118833e+00  1.03e-01 1.33e-07  2.38e-07  14494s
 173   1.62552764e+00  1.64139752e+00  1.02e-01 1.28e-07  2.35e-07  14567s
 174   1.62559177e+00  1.64140881e+00  1.02e-01 1.28e-07  2.35e-07  14616s
 175   1.62562962e+00  1.64148271e+00  1.02e-01 1.24e-07  2.33e-07  14666s
 176   1.62564838e+00  1.64155792e+00  1.02e-01 1.23e-07  2.33e-07  14709s
 177   1.62566519e+00  1.64160666e+00  1.02e-01 1.21e-07  2.32e-07  14758s
 178   1.62567146e+00  1.64162376e+00  1.02e-01 1.21e-07  2.32e-07  14798s
 179   1.62592219e+00  1.64168506e+00  1.00e-01 1.19e-07  2.29e-07  14875s
 180   1.62592726e+00  1.64168287e+00  1.00e-01 1.19e-07  2.29e-07  14957s
 181   1.62594159e+00  1.64169097e+00  1.00e-01 1.18e-07  2.29e-07  15033s
 182   1.62605005e+00  1.64182520e+00  9.99e-02 1.18e-07  2.27e-07  15108s
 183   1.62605710e+00  1.64183049e+00  9.98e-02 1.18e-07  2.27e-07  15173s
 184   1.62621648e+00  1.64190744e+00  9.91e-02 1.15e-07  2.25e-07  15227s
 185   1.62640370e+00  1.64201836e+00  9.82e-02 1.13e-07  2.22e-07  15324s
 186   1.62678393e+00  1.64216950e+00  9.64e-02 1.10e-07  2.17e-07  15393s
 187   1.62679159e+00  1.64223286e+00  9.64e-02 1.08e-07  2.17e-07  15438s
 188   1.62680623e+00  1.64230438e+00  9.63e-02 1.06e-07  2.16e-07  15484s
 189   1.62712192e+00  1.64240516e+00  9.49e-02 1.06e-07  2.12e-07  15609s
 190   1.62712510e+00  1.64241555e+00  9.49e-02 1.06e-07  2.12e-07  15683s
 191   1.62725609e+00  1.64247116e+00  9.43e-02 1.03e-07  2.11e-07  15769s
 192   1.62733425e+00  1.64253839e+00  9.39e-02 1.03e-07  2.09e-07  15837s
 193   1.62733491e+00  1.64254125e+00  9.39e-02 1.03e-07  2.09e-07  15891s
 194   1.62733500e+00  1.64254470e+00  9.39e-02 1.02e-07  2.09e-07  15943s
 195   1.62737864e+00  1.64260290e+00  9.37e-02 1.01e-07  2.08e-07  16030s
 196   1.62745156e+00  1.64265003e+00  9.34e-02 1.01e-07  2.08e-07  16106s
 197   1.62746809e+00  1.64271069e+00  9.33e-02 1.00e-07  2.07e-07  16153s
 198   1.62764092e+00  1.64278403e+00  9.26e-02 9.67e-08  2.05e-07  16237s
 199   1.62766029e+00  1.64279582e+00  9.25e-02 9.66e-08  2.05e-07  16301s
 200   1.62766042e+00  1.64279532e+00  9.25e-02 9.66e-08  2.05e-07  16356s
 201   1.62766233e+00  1.64279815e+00  9.25e-02 9.67e-08  2.05e-07  16391s
 202   1.62784140e+00  1.64289981e+00  9.17e-02 9.49e-08  2.02e-07  16501s
 203   1.62787985e+00  1.64294051e+00  9.15e-02 9.40e-08  2.02e-07  16593s
 204   1.62787939e+00  1.64294611e+00  9.15e-02 9.37e-08  2.02e-07  16662s
 205   1.62788871e+00  1.64302630e+00  9.15e-02 9.47e-08  2.01e-07  16737s
 206   1.62811376e+00  1.64310169e+00  9.05e-02 9.35e-08  1.99e-07  16805s
 207   1.62811455e+00  1.64310789e+00  9.05e-02 9.34e-08  1.99e-07  16863s
 208   1.62825583e+00  1.64315538e+00  8.98e-02 9.25e-08  1.97e-07  16914s
 209   1.62828574e+00  1.64321387e+00  8.97e-02 9.19e-08  1.96e-07  17036s
 210   1.62832545e+00  1.64323499e+00  8.95e-02 9.13e-08  1.96e-07  17094s
 211   1.62849139e+00  1.64348320e+00  8.87e-02 8.90e-08  1.94e-07  17189s
 212   1.62850210e+00  1.64353540e+00  8.87e-02 8.91e-08  1.93e-07  17294s
 213   1.62859019e+00  1.64373649e+00  8.83e-02 8.56e-08  1.91e-07  17382s
 214   1.62859156e+00  1.64373656e+00  8.83e-02 8.56e-08  1.91e-07  17429s
 215   1.62918358e+00  1.64399006e+00  8.56e-02 8.30e-08  1.86e-07  17507s
 216   1.62955174e+00  1.64424534e+00  8.39e-02 7.88e-08  1.81e-07  17591s
 217   1.62980928e+00  1.64449386e+00  8.28e-02 7.37e-08  1.77e-07  17715s
 218   1.62985300e+00  1.64452947e+00  8.26e-02 7.22e-08  1.76e-07  17779s
 219   1.62985724e+00  1.64455728e+00  8.25e-02 7.18e-08  1.76e-07  17855s
 220   1.62996171e+00  1.64459908e+00  8.21e-02 7.12e-08  1.75e-07  17938s
 221   1.62999815e+00  1.64469663e+00  8.19e-02 7.01e-08  1.74e-07  18051s
 222   1.63005856e+00  1.64473220e+00  8.16e-02 6.94e-08  1.73e-07  18126s
 223   1.63020224e+00  1.64476495e+00  8.10e-02 6.67e-08  1.72e-07  18211s
 224   1.63024858e+00  1.64485557e+00  8.08e-02 6.52e-08  1.71e-07  18318s
 225   1.63038268e+00  1.64501842e+00  8.02e-02 6.31e-08  1.69e-07  18442s
 226   1.63044324e+00  1.64525585e+00  7.99e-02 6.05e-08  1.67e-07  18576s
 227   1.63049558e+00  1.64533855e+00  7.97e-02 5.96e-08  1.66e-07  18649s
 228   1.63050153e+00  1.64534358e+00  7.97e-02 6.01e-08  1.66e-07  18715s
 229   1.63054413e+00  1.64548899e+00  7.95e-02 5.77e-08  1.65e-07  18813s
 230   1.63056179e+00  1.64554832e+00  7.94e-02 5.83e-08  1.64e-07  18902s
 231   1.63056525e+00  1.64555936e+00  7.94e-02 5.84e-08  1.64e-07  18948s
 232   1.63059063e+00  1.64564348e+00  7.93e-02 5.70e-08  1.63e-07  19060s
 233   1.63061311e+00  1.64566359e+00  7.92e-02 5.50e-08  1.63e-07  19117s
 234   1.63063058e+00  1.64570333e+00  7.91e-02 5.41e-08  1.63e-07  19168s
 235   1.63086693e+00  1.64582470e+00  7.81e-02 5.33e-08  1.61e-07  19242s
 236   1.63086995e+00  1.64585031e+00  7.81e-02 5.25e-08  1.60e-07  19286s
 237   1.63089169e+00  1.64586839e+00  7.80e-02 5.14e-08  1.60e-07  19333s
 238   1.63099492e+00  1.64587713e+00  7.75e-02 5.16e-08  1.59e-07  19389s
 239   1.63100040e+00  1.64589524e+00  7.75e-02 5.08e-08  1.59e-07  19483s
 240   1.63106251e+00  1.64594694e+00  7.73e-02 5.10e-08  1.58e-07  19633s
 241   1.63116081e+00  1.64608006e+00  7.68e-02 4.91e-08  1.57e-07  19778s
 242   1.63116137e+00  1.64608065e+00  7.68e-02 4.94e-08  1.57e-07  19841s
 243   1.63116153e+00  1.64608053e+00  7.68e-02 4.93e-08  1.57e-07  19887s
 244   1.63117359e+00  1.64608863e+00  7.68e-02 4.88e-08  1.57e-07  19946s
 245   1.63117471e+00  1.64608801e+00  7.68e-02 4.88e-08  1.56e-07  20009s
 246   1.63118343e+00  1.64611014e+00  7.67e-02 4.82e-08  1.56e-07  20104s
 247   1.63118341e+00  1.64610999e+00  7.67e-02 4.82e-08  1.56e-07  20152s
 248   1.63125471e+00  1.64616819e+00  7.64e-02 4.74e-08  1.56e-07  20222s
 249   1.63126515e+00  1.64619329e+00  7.64e-02 4.65e-08  1.55e-07  20316s
 250   1.63126543e+00  1.64619551e+00  7.64e-02 4.62e-08  1.55e-07  20375s
 251   1.63126581e+00  1.64619547e+00  7.64e-02 4.66e-08  1.55e-07  20434s
 252   1.63126670e+00  1.64619718e+00  7.64e-02 4.64e-08  1.55e-07  20490s
 253   1.63126672e+00  1.64619751e+00  7.64e-02 4.66e-08  1.55e-07  20560s
 254   1.63131753e+00  1.64623600e+00  7.62e-02 4.60e-08  1.55e-07  20620s
 255   1.63136805e+00  1.64633358e+00  7.60e-02 4.34e-08  1.53e-07  20701s
 256   1.63142394e+00  1.64636776e+00  7.57e-02 4.40e-08  1.53e-07  20796s
 257   1.63156430e+00  1.64640227e+00  7.51e-02 4.35e-08  1.51e-07  20872s
 258   1.63163604e+00  1.64642418e+00  7.48e-02 4.27e-08  1.50e-07  21011s
 259   1.63181327e+00  1.64653944e+00  7.40e-02 4.12e-08  1.48e-07  21106s
 260   1.63181371e+00  1.64653995e+00  7.40e-02 4.11e-08  1.48e-07  21227s
 261   1.63183379e+00  1.64655317e+00  7.39e-02 4.14e-08  1.48e-07  21265s
 262   1.63185306e+00  1.64656587e+00  7.38e-02 4.14e-08  1.48e-07  21307s
 263   1.63185102e+00  1.64656635e+00  7.39e-02 4.13e-08  1.48e-07  21353s
 264   1.63189873e+00  1.64657244e+00  7.36e-02 4.11e-08  1.47e-07  21419s
 265   1.63191386e+00  1.64658772e+00  7.36e-02 4.09e-08  1.47e-07  21475s
 266   1.63191538e+00  1.64659079e+00  7.36e-02 4.08e-08  1.47e-07  21544s
 267   1.63194455e+00  1.64659796e+00  7.34e-02 4.06e-08  1.47e-07  21642s
 268   1.63194924e+00  1.64660228e+00  7.34e-02 4.05e-08  1.47e-07  21706s
 269   1.63199131e+00  1.64665015e+00  7.32e-02 3.92e-08  1.46e-07  21822s
 270   1.63206377e+00  1.64678694e+00  7.29e-02 3.73e-08  1.44e-07  21950s
 271   1.63206524e+00  1.64678699e+00  7.29e-02 3.73e-08  1.44e-07  22022s
 272   1.63206563e+00  1.64678472e+00  7.29e-02 3.74e-08  1.44e-07  22079s
 273   1.63207972e+00  1.64679937e+00  7.29e-02 3.72e-08  1.44e-07  22147s
 274   1.63209030e+00  1.64681978e+00  7.28e-02 3.69e-08  1.43e-07  22232s
 275   1.63220057e+00  1.64683298e+00  7.23e-02 3.70e-08  1.42e-07  22275s
 276   1.63220381e+00  1.64683374e+00  7.23e-02 3.69e-08  1.42e-07  22332s
 277   1.63226619e+00  1.64693050e+00  7.20e-02 3.53e-08  1.41e-07  22403s
 278   1.63227486e+00  1.64694409e+00  7.20e-02 3.53e-08  1.41e-07  22488s
 279   1.63233346e+00  1.64696511e+00  7.17e-02 3.49e-08  1.40e-07  22537s
 280   1.63237683e+00  1.64700917e+00  7.16e-02 3.41e-08  1.39e-07  22628s
 281   1.63237725e+00  1.64700823e+00  7.15e-02 3.41e-08  1.39e-07  22690s
 282   1.63237878e+00  1.64701178e+00  7.15e-02 3.40e-08  1.39e-07  22784s
 283   1.63238986e+00  1.64705870e+00  7.15e-02 3.37e-08  1.39e-07  22913s
 284   1.63240656e+00  1.64706661e+00  7.14e-02 3.39e-08  1.39e-07  22962s
 285   1.63244907e+00  1.64713070e+00  7.12e-02 3.17e-08  1.38e-07  23101s
 286   1.63253531e+00  1.64718324e+00  7.09e-02 3.10e-08  1.37e-07  23172s
 287   1.63258098e+00  1.64719929e+00  7.07e-02 3.04e-08  1.37e-07  23218s
 288   1.63258309e+00  1.64719972e+00  7.07e-02 3.05e-08  1.37e-07  23263s
 289   1.63263313e+00  1.64725321e+00  7.05e-02 3.06e-08  1.36e-07  23309s
 290   1.63271416e+00  1.64727144e+00  7.01e-02 3.03e-08  1.35e-07  23377s
 291   1.63271676e+00  1.64727144e+00  7.01e-02 3.03e-08  1.35e-07  23429s
 292   1.63271970e+00  1.64727373e+00  7.01e-02 3.01e-08  1.35e-07  23480s
 293   1.63271620e+00  1.64727597e+00  7.01e-02 2.96e-08  1.35e-07  23530s
 294   1.63272169e+00  1.64728339e+00  7.01e-02 2.94e-08  1.35e-07  23603s
 295   1.63275090e+00  1.64729423e+00  6.99e-02 2.84e-08  1.35e-07  23644s
 296   1.63276193e+00  1.64732005e+00  6.99e-02 2.80e-08  1.35e-07  23726s
 297   1.63278911e+00  1.64735470e+00  6.98e-02 2.73e-08  1.34e-07  23879s
 298   1.63279898e+00  1.64736921e+00  6.97e-02 2.72e-08  1.34e-07  23954s
 299   1.63283437e+00  1.64739700e+00  6.96e-02 2.68e-08  1.34e-07  24048s
 300   1.63304647e+00  1.64742840e+00  6.87e-02 2.64e-08  1.32e-07  24101s
 301   1.63307634e+00  1.64747020e+00  6.85e-02 2.52e-08  1.31e-07  24169s
 302   1.63309737e+00  1.64747325e+00  6.84e-02 2.51e-08  1.31e-07  24228s
 303   1.63310303e+00  1.64747870e+00  6.84e-02 2.56e-08  1.31e-07  24328s
 304   1.63310345e+00  1.64747832e+00  6.84e-02 2.57e-08  1.31e-07  24379s
 305   1.63310472e+00  1.64755896e+00  6.84e-02 2.55e-08  1.30e-07  24498s
 306   1.63312303e+00  1.64758497e+00  6.83e-02 2.55e-08  1.30e-07  24618s
 307   1.63317287e+00  1.64760609e+00  6.81e-02 2.48e-08  1.29e-07  24664s
 308   1.63317331e+00  1.64760674e+00  6.81e-02 2.48e-08  1.29e-07  24732s
 309   1.63324930e+00  1.64771233e+00  6.78e-02 2.26e-08  1.29e-07  24900s
 310   1.63325576e+00  1.64771932e+00  6.77e-02 2.25e-08  1.28e-07  24998s
 311   1.63351241e+00  1.64808463e+00  6.66e-02 2.05e-08  1.26e-07  25068s
 312   1.63354452e+00  1.64808644e+00  6.65e-02 1.97e-08  1.25e-07  25139s
 313   1.63357767e+00  1.64808904e+00  6.63e-02 1.97e-08  1.25e-07  25226s
 314   1.63360416e+00  1.64811348e+00  6.62e-02 1.95e-08  1.24e-07  25327s
 315   1.63360697e+00  1.64811374e+00  6.62e-02 1.93e-08  1.24e-07  25389s
 316   1.63362464e+00  1.64811437e+00  6.61e-02 1.92e-08  1.24e-07  25458s
 317   1.63362663e+00  1.64811439e+00  6.61e-02 1.90e-08  1.24e-07  25516s
 318   1.63361890e+00  1.64811472e+00  6.61e-02 1.94e-08  1.24e-07  25597s
 319   1.63366285e+00  1.64812791e+00  6.59e-02 1.95e-08  1.24e-07  25660s
 320   1.63368613e+00  1.64813400e+00  6.58e-02 1.91e-08  1.23e-07  25824s
 321   1.63370425e+00  1.64813451e+00  6.58e-02 1.88e-08  1.23e-07  25885s
 322   1.63375480e+00  1.64815683e+00  6.55e-02 1.83e-08  1.23e-07  25951s
 323   1.63375346e+00  1.64815698e+00  6.55e-02 1.94e-08  1.23e-07  26014s
 324   1.63377780e+00  1.64815640e+00  6.54e-02 1.92e-08  1.22e-07  26088s
 325   1.63390265e+00  1.64815965e+00  6.49e-02 1.87e-08  1.21e-07  26152s
 326   1.63395998e+00  1.64817499e+00  6.46e-02 1.85e-08  1.21e-07  26218s
 327   1.63402027e+00  1.64817819e+00  6.43e-02 1.85e-08  1.20e-07  26343s
 328   1.63418040e+00  1.64818317e+00  6.36e-02 1.82e-08  1.18e-07  26481s
 329   1.63426086e+00  1.64818734e+00  6.32e-02 1.78e-08  1.18e-07  26563s
 330   1.63425641e+00  1.64818802e+00  6.32e-02 1.78e-08  1.18e-07  26616s
 331   1.63430899e+00  1.64823282e+00  6.30e-02 1.77e-08  1.17e-07  26717s
 332   1.63436583e+00  1.64823167e+00  6.27e-02 1.75e-08  1.16e-07  26767s
 333   1.63441894e+00  1.64823236e+00  6.25e-02 1.78e-08  1.16e-07  26821s
 334   1.63442616e+00  1.64823253e+00  6.25e-02 1.79e-08  1.16e-07  26895s
 335   1.63442934e+00  1.64823848e+00  6.25e-02 1.78e-08  1.16e-07  27036s
 336   1.63499178e+00  1.64824799e+00  5.99e-02 1.81e-08  1.12e-07  27203s
 337   1.63503712e+00  1.64824792e+00  5.97e-02 1.78e-08  1.11e-07  27369s
 338   1.63504790e+00  1.64824945e+00  5.97e-02 1.78e-08  1.11e-07  27486s
 339   1.63506902e+00  1.64824902e+00  5.96e-02 1.84e-08  1.11e-07  27557s
 340   1.63507322e+00  1.64825451e+00  5.96e-02 1.80e-08  1.11e-07  27687s
 341   1.63509904e+00  1.64825464e+00  5.94e-02 1.72e-08  1.10e-07  27770s
 342   1.63512045e+00  1.64825521e+00  5.93e-02 1.68e-08  1.10e-07  27856s
 343   1.63512351e+00  1.64825492e+00  5.93e-02 1.67e-08  1.10e-07  27907s
 344   1.63518336e+00  1.64825675e+00  5.91e-02 1.65e-08  1.09e-07  27967s
 345   1.63518668e+00  1.64825740e+00  5.91e-02 1.63e-08  1.09e-07  28113s
 346   1.63521436e+00  1.64826246e+00  5.89e-02 1.62e-08  1.09e-07  28191s
 347   1.63532532e+00  1.64827334e+00  5.84e-02 1.58e-08  1.08e-07  28307s
 348   1.63537101e+00  1.64827436e+00  5.82e-02 1.61e-08  1.07e-07  28357s
 349   1.63538029e+00  1.64827435e+00  5.82e-02 1.62e-08  1.07e-07  28423s
 350   1.63538743e+00  1.64827668e+00  5.81e-02 1.57e-08  1.07e-07  28533s
 351   1.63555414e+00  1.64828041e+00  5.74e-02 1.52e-08  1.06e-07  28646s
 352   1.63569337e+00  1.64828007e+00  5.68e-02 1.51e-08  1.05e-07  28714s
 353   1.63569686e+00  1.64827990e+00  5.68e-02 1.50e-08  1.05e-07  28775s
 354   1.63582029e+00  1.64828023e+00  5.62e-02 1.48e-08  1.03e-07  28873s
 355   1.63583959e+00  1.64828022e+00  5.61e-02 1.46e-08  1.03e-07  28980s
 356   1.63583682e+00  1.64828031e+00  5.61e-02 1.43e-08  1.03e-07  29046s
 357   1.63583433e+00  1.64828038e+00  5.62e-02 1.44e-08  1.03e-07  29096s
 358   1.63586666e+00  1.64828020e+00  5.60e-02 1.43e-08  1.03e-07  29147s
 359   1.63589722e+00  1.64829994e+00  5.59e-02 1.38e-08  1.03e-07  29211s
 360   1.63589682e+00  1.64830070e+00  5.59e-02 1.41e-08  1.03e-07  29276s
 361   1.63592127e+00  1.64830090e+00  5.58e-02 1.40e-08  1.02e-07  29366s
 362   1.63594065e+00  1.64830203e+00  5.57e-02 1.39e-08  1.02e-07  29428s
 363   1.63595621e+00  1.64830771e+00  5.56e-02 1.41e-08  1.02e-07  29474s
 364   1.63596849e+00  1.64831231e+00  5.56e-02 1.33e-08  1.02e-07  29525s
 365   1.63596966e+00  1.64831219e+00  5.56e-02 1.27e-08  1.02e-07  29576s
 366   1.63606689e+00  1.64831129e+00  5.51e-02 1.25e-08  1.01e-07  29619s
 367   1.63612332e+00  1.64831136e+00  5.49e-02 1.26e-08  1.01e-07  29691s
 368   1.63612391e+00  1.64831137e+00  5.49e-02 1.27e-08  1.01e-07  29759s
 369   1.63612623e+00  1.64831104e+00  5.49e-02 1.23e-08  1.01e-07  29816s
 370   1.63616240e+00  1.64831414e+00  5.47e-02 1.22e-08  1.00e-07  29958s
 371   1.63621489e+00  1.64831234e+00  5.45e-02 1.20e-08  9.99e-08  30028s
 372   1.63638771e+00  1.64831181e+00  5.37e-02 1.19e-08  9.86e-08  30084s
 373   1.63642517e+00  1.64831011e+00  5.35e-02 1.18e-08  9.82e-08  30148s
 374   1.63668187e+00  1.64829950e+00  5.23e-02 1.12e-08  9.55e-08  30236s
 375   1.63671212e+00  1.64829877e+00  5.22e-02 1.12e-08  9.52e-08  30276s
 376   1.63674748e+00  1.64830031e+00  5.20e-02 1.04e-08  9.49e-08  30367s
 377   1.63674774e+00  1.64830025e+00  5.20e-02 1.05e-08  9.49e-08  30435s
 378   1.63679463e+00  1.64830190e+00  5.18e-02 1.02e-08  9.42e-08  30528s
 379   1.63682844e+00  1.64830018e+00  5.17e-02 1.01e-08  9.39e-08  30584s
 380   1.63684197e+00  1.64829929e+00  5.16e-02 1.00e-08  9.38e-08  30677s
 381   1.63690622e+00  1.64829939e+00  5.13e-02 9.80e-09  9.33e-08  30756s
 382   1.63690819e+00  1.64829928e+00  5.13e-02 9.75e-09  9.32e-08  30819s
 383   1.63691859e+00  1.64829726e+00  5.13e-02 9.90e-09  9.31e-08  30883s
 384   1.63692194e+00  1.64829671e+00  5.12e-02 1.01e-08  9.30e-08  30950s
 385   1.63693252e+00  1.64829544e+00  5.12e-02 1.05e-08  9.29e-08  31035s
 386   1.63694197e+00  1.64830109e+00  5.12e-02 1.05e-08  9.27e-08  31129s
 387   1.63695390e+00  1.64830070e+00  5.11e-02 1.05e-08  9.26e-08  31197s
 388   1.63695488e+00  1.64830029e+00  5.11e-02 1.03e-08  9.26e-08  31244s
 389   1.63700654e+00  1.64830008e+00  5.09e-02 1.01e-08  9.22e-08  31340s
 390   1.63707791e+00  1.64829936e+00  5.05e-02 1.03e-08  9.16e-08  31382s
 391   1.63710789e+00  1.64829825e+00  5.04e-02 1.02e-08  9.13e-08  31501s
 392   1.63710907e+00  1.64829809e+00  5.04e-02 1.02e-08  9.13e-08  31549s
 393   1.63716627e+00  1.64829825e+00  5.01e-02 1.29e-08  9.09e-08  31607s
 394   1.63742586e+00  1.64829590e+00  4.90e-02 1.29e-08  8.88e-08  31687s
 395   1.63742813e+00  1.64829559e+00  4.89e-02 1.29e-08  8.88e-08  31750s
 396   1.63750753e+00  1.64829320e+00  4.86e-02 1.24e-08  8.78e-08  31806s
 397   1.63751094e+00  1.64829298e+00  4.86e-02 1.22e-08  8.78e-08  31860s
 398   1.63751131e+00  1.64829315e+00  4.86e-02 1.21e-08  8.78e-08  31906s
 399   1.63751170e+00  1.64829313e+00  4.86e-02 1.21e-08  8.78e-08  31957s
 400   1.63751240e+00  1.64829310e+00  4.86e-02 1.24e-08  8.78e-08  32089s
 401   1.63753173e+00  1.64829271e+00  4.85e-02 1.20e-08  8.76e-08  32161s
 402   1.63753637e+00  1.64829088e+00  4.85e-02 1.19e-08  8.75e-08  32221s
 403   1.63754709e+00  1.64829047e+00  4.84e-02 1.20e-08  8.74e-08  32275s
 404   1.63754686e+00  1.64829064e+00  4.84e-02 1.17e-08  8.74e-08  32330s
 405   1.63756608e+00  1.64828981e+00  4.83e-02 1.16e-08  8.73e-08  32380s
 406   1.63756747e+00  1.64828978e+00  4.83e-02 1.16e-08  8.73e-08  32440s
 407   1.63756967e+00  1.64828977e+00  4.83e-02 1.16e-08  8.72e-08  32538s
 408   1.63758200e+00  1.64828857e+00  4.83e-02 1.17e-08  8.71e-08  32590s
 409   1.63765603e+00  1.64828693e+00  4.79e-02 1.15e-08  8.65e-08  32655s
 410   1.63771842e+00  1.64828154e+00  4.76e-02 1.14e-08  8.59e-08  32798s
 411   1.63771921e+00  1.64828150e+00  4.76e-02 1.14e-08  8.59e-08  32934s
 412   1.63771946e+00  1.64828184e+00  4.76e-02 1.14e-08  8.59e-08  32982s
 413   1.63775813e+00  1.64828452e+00  4.75e-02 1.17e-08  8.57e-08  33022s
 414   1.63775813e+00  1.64828448e+00  4.75e-02 1.18e-08  8.57e-08  33071s
 415   1.63782841e+00  1.64828327e+00  4.71e-02 1.16e-08  8.51e-08  33132s
 416   1.63795344e+00  1.64826811e+00  4.66e-02 1.11e-08  8.37e-08  33231s
 417   1.63795378e+00  1.64826770e+00  4.66e-02 1.12e-08  8.37e-08  33285s
 418   1.63795466e+00  1.64826760e+00  4.65e-02 1.13e-08  8.36e-08  33323s
 419   1.63795474e+00  1.64826759e+00  4.65e-02 1.12e-08  8.36e-08  33378s
 420   1.63795629e+00  1.64826673e+00  4.65e-02 1.14e-08  8.36e-08  33453s
 421   1.63834924e+00  1.64827645e+00  4.47e-02 9.70e-09  8.06e-08  33540s
 422   1.63836459e+00  1.64827057e+00  4.46e-02 9.35e-09  8.03e-08  33649s
 423   1.63838983e+00  1.64826731e+00  4.45e-02 9.25e-09  8.01e-08  33728s
 424   1.63839017e+00  1.64826704e+00  4.45e-02 9.21e-09  8.00e-08  33799s
 425   1.63845293e+00  1.64826589e+00  4.42e-02 9.26e-09  7.95e-08  33854s
 426   1.63846093e+00  1.64826484e+00  4.42e-02 9.33e-09  7.95e-08  33962s
 427   1.63882842e+00  1.64826125e+00  4.26e-02 1.19e-08  7.69e-08  34056s
 428   1.63889459e+00  1.64826020e+00  4.23e-02 1.18e-08  7.63e-08  34171s
 429   1.63924826e+00  1.64825647e+00  4.06e-02 1.17e-08  7.36e-08  34230s
 430   1.63926228e+00  1.64823345e+00  4.06e-02 1.08e-08  7.30e-08  34297s
 431   1.63926361e+00  1.64823324e+00  4.06e-02 1.06e-08  7.30e-08  34366s
 432   1.63941064e+00  1.64822369e+00  3.99e-02 1.47e-08  7.18e-08  34430s
 433   1.63941600e+00  1.64822211e+00  3.99e-02 1.47e-08  7.17e-08  34473s
 434   1.63950956e+00  1.64821218e+00  3.94e-02 1.43e-08  7.08e-08  34538s
 435   1.63964972e+00  1.64820389e+00  3.88e-02 1.45e-08  6.96e-08  34626s
 436   1.63973445e+00  1.64819735e+00  3.84e-02 1.43e-08  6.88e-08  34738s
 437   1.63996346e+00  1.64819207e+00  3.73e-02 1.37e-08  6.69e-08  34794s
 438   1.64000122e+00  1.64819075e+00  3.71e-02 1.38e-08  6.66e-08  34832s
 439   1.64000395e+00  1.64819058e+00  3.71e-02 1.37e-08  6.66e-08  34895s
 440   1.64013824e+00  1.64819388e+00  3.66e-02 1.49e-08  6.58e-08  34945s
 441   1.64015289e+00  1.64819303e+00  3.65e-02 1.49e-08  6.57e-08  35069s
 442   1.64019275e+00  1.64819483e+00  3.63e-02 1.53e-08  6.53e-08  35197s
 443   1.64023073e+00  1.64819359e+00  3.61e-02 1.52e-08  6.50e-08  35272s
 444   1.64023086e+00  1.64819338e+00  3.61e-02 1.51e-08  6.50e-08  35380s
 445   1.64023418e+00  1.64819370e+00  3.61e-02 1.51e-08  6.50e-08  35435s
 446   1.64035517e+00  1.64821952e+00  3.56e-02 1.47e-08  6.43e-08  35489s
 447   1.64035407e+00  1.64822201e+00  3.56e-02 3.19e-08  6.44e-08  35543s
 448   1.64036627e+00  1.64821607e+00  3.56e-02 3.14e-08  6.42e-08  35597s
 449   1.64038895e+00  1.64821486e+00  3.54e-02 3.13e-08  6.40e-08  35671s
 450   1.64050321e+00  1.64821481e+00  3.49e-02 3.08e-08  6.32e-08  35724s
 451   1.64051290e+00  1.64821353e+00  3.49e-02 3.06e-08  6.31e-08  35794s
 452   1.64059679e+00  1.64820808e+00  3.45e-02 3.01e-08  6.25e-08  35882s
 453   1.64063973e+00  1.64820618e+00  3.43e-02 3.00e-08  6.22e-08  35984s
 454   1.64067105e+00  1.64820698e+00  3.42e-02 2.97e-08  6.20e-08  36149s
 455   1.64067144e+00  1.64820687e+00  3.42e-02 2.98e-08  6.20e-08  36217s
 456   1.64067145e+00  1.64820676e+00  3.42e-02 2.97e-08  6.20e-08  36274s
 457   1.64067181e+00  1.64820569e+00  3.42e-02 3.05e-08  6.19e-08  36356s
 458   1.64067915e+00  1.64820502e+00  3.42e-02 3.07e-08  6.19e-08  36439s
 459   1.64067929e+00  1.64820490e+00  3.42e-02 3.07e-08  6.19e-08  36484s
 460   1.64068200e+00  1.64820434e+00  3.41e-02 3.06e-08  6.19e-08  36553s
 461   1.64068967e+00  1.64820399e+00  3.41e-02 3.06e-08  6.18e-08  36627s
 462   1.64069940e+00  1.64820348e+00  3.41e-02 3.01e-08  6.17e-08  36734s
 463   1.64070453e+00  1.64820276e+00  3.40e-02 2.99e-08  6.17e-08  36789s
 464   1.64070755e+00  1.64820213e+00  3.40e-02 2.98e-08  6.16e-08  36841s
 465   1.64082255e+00  1.64819989e+00  3.35e-02 2.99e-08  6.07e-08  36923s
 466   1.64082990e+00  1.64819833e+00  3.35e-02 2.97e-08  6.06e-08  36993s
 467   1.64084801e+00  1.64819870e+00  3.34e-02 2.96e-08  6.05e-08  37042s
 468   1.64086938e+00  1.64819680e+00  3.33e-02 2.92e-08  6.03e-08  37105s
 469   1.64087236e+00  1.64819678e+00  3.33e-02 2.92e-08  6.03e-08  37165s
 470   1.64087483e+00  1.64819511e+00  3.33e-02 2.90e-08  6.03e-08  37225s
 471   1.64087623e+00  1.64819512e+00  3.32e-02 2.91e-08  6.02e-08  37300s
 472   1.64087738e+00  1.64819423e+00  3.32e-02 2.88e-08  6.02e-08  37362s
 473   1.64091883e+00  1.64819208e+00  3.30e-02 2.85e-08  5.99e-08  37421s
 474   1.64096673e+00  1.64819135e+00  3.28e-02 2.86e-08  5.95e-08  37470s
 475   1.64096943e+00  1.64819092e+00  3.28e-02 2.85e-08  5.94e-08  37534s
 476   1.64097031e+00  1.64819071e+00  3.28e-02 2.85e-08  5.94e-08  37584s
 477   1.64098950e+00  1.64818867e+00  3.27e-02 2.84e-08  5.93e-08  37669s
 478   1.64104236e+00  1.64818759e+00  3.25e-02 2.85e-08  5.89e-08  37742s
 479   1.64109005e+00  1.64818501e+00  3.22e-02 2.84e-08  5.85e-08  37824s
 480   1.64111610e+00  1.64818359e+00  3.21e-02 2.84e-08  5.82e-08  37897s
 481   1.64112509e+00  1.64818289e+00  3.21e-02 2.84e-08  5.82e-08  37978s
 482   1.64117965e+00  1.64817826e+00  3.18e-02 3.46e-08  5.77e-08  38051s
 483   1.64118230e+00  1.64817792e+00  3.18e-02 3.62e-08  5.76e-08  38121s
 484   1.64120092e+00  1.64817742e+00  3.17e-02 3.69e-08  5.75e-08  38166s
 485   1.64119531e+00  1.64818596e+00  3.18e-02 4.47e-08  5.77e-08  38215s
 486   1.64119708e+00  1.64818498e+00  3.18e-02 4.62e-08  5.76e-08  38296s
 487   1.64119708e+00  1.64818497e+00  3.18e-02 4.61e-08  5.76e-08  38344s
 488   1.64119741e+00  1.64818492e+00  3.18e-02 4.75e-08  5.76e-08  38411s
 489   1.64119846e+00  1.64818471e+00  3.17e-02 4.84e-08  5.76e-08  38497s
 490   1.64119873e+00  1.64818462e+00  3.17e-02 4.86e-08  5.76e-08  38569s
 491   1.64119300e+00  1.64818482e+00  3.18e-02 4.89e-08  5.77e-08  38626s
 492   1.64148285e+00  1.64817808e+00  3.04e-02 4.97e-08  5.53e-08  38712s
 493   1.64148549e+00  1.64817716e+00  3.04e-02 5.03e-08  5.53e-08  38778s
 494   1.64149149e+00  1.64817722e+00  3.04e-02 5.04e-08  5.53e-08  38866s
 495   1.64149355e+00  1.64817664e+00  3.04e-02 5.08e-08  5.52e-08  38946s
 496   1.64150901e+00  1.64817495e+00  3.03e-02 5.12e-08  5.51e-08  39004s
 497   1.64150933e+00  1.64817433e+00  3.03e-02 4.99e-08  5.51e-08  39058s
 498   1.64151171e+00  1.64817393e+00  3.03e-02 5.05e-08  5.51e-08  39109s
 499   1.64154043e+00  1.64817226e+00  3.01e-02 5.00e-08  5.48e-08  39193s
 500   1.64154387e+00  1.64817183e+00  3.01e-02 4.97e-08  5.48e-08  39337s
 501   1.64154678e+00  1.64817178e+00  3.01e-02 4.96e-08  5.48e-08  39409s
 502   1.64155391e+00  1.64817090e+00  3.01e-02 4.93e-08  5.47e-08  39483s
 503   1.64155412e+00  1.64817154e+00  3.01e-02 4.96e-08  5.47e-08  39522s
 504   1.64155417e+00  1.64817161e+00  3.01e-02 5.08e-08  5.47e-08  39615s
 505   1.64156751e+00  1.64817112e+00  3.00e-02 4.85e-08  5.46e-08  39686s
 506   1.64156555e+00  1.64817245e+00  3.00e-02 5.08e-08  5.46e-08  39762s
 507   1.64159460e+00  1.64817165e+00  2.99e-02 5.19e-08  5.44e-08  39809s
 508   1.64159471e+00  1.64817110e+00  2.99e-02 5.04e-08  5.44e-08  39860s
 509   1.64160584e+00  1.64817106e+00  2.98e-02 5.08e-08  5.43e-08  39926s
 510   1.64160784e+00  1.64817063e+00  2.98e-02 5.19e-08  5.43e-08  39999s
 511   1.64160833e+00  1.64817035e+00  2.98e-02 5.19e-08  5.42e-08  40120s
 512   1.64163888e+00  1.64816957e+00  2.97e-02 5.22e-08  5.40e-08  40205s

Barrier performed 512 iterations in 40204.58 seconds (25356.70 work units)
Sub-optimal termination - objective 1.64163888e+00

