Set parameter Username
Academic license - for non-commercial use only - expires 2027-02-09
Set parameter Threads to value 4
Set parameter Method to value 2
Set parameter BarOrder to value 1
Set parameter BarHomogeneous to value 1
Set parameter NumericFocus to value 2
Set parameter Crossover to value 0
Gurobi Optimizer version 9.5.1 build v9.5.1rc2 (linux64)
Thread count: 32 physical cores, 64 logical processors, using up to 4 threads
Optimize a model with 2167812 rows, 1951377 columns and 12345338 nonzeros
Model fingerprint: 0x36b7c8e8
Coefficient statistics:
  Matrix range     [1e-04, 3e+00]
  Objective range  [1e+00, 1e+00]
  Bounds range     [0e+00, 0e+00]
  RHS range        [1e-03, 1e+00]
Presolve removed 766830 rows and 1548816 columns (presolve time = 6s) ...
Presolve removed 771062 rows and 1548817 columns
Presolve time: 7.36s
Presolved: 1396750 rows, 402560 columns, 9274446 nonzeros
Ordering time: 1.00s

Barrier statistics:
 Dense cols : 200
 AA' NZ     : 1.725e+07
 Factor NZ  : 2.577e+07 (roughly 700 MB of memory)
 Factor Ops : 1.235e+09 (less than 1 second per iteration)
 Threads    : 4

                  Objective                Residual
Iter       Primal          Dual         Primal    Dual     Compl     Time
   0   3.20066180e+00  6.25000000e+01  2.65e+07 6.25e-02  1.00e+06   288s
   1   7.62149003e+00  8.35709530e+05  1.98e+07 6.12e+02  7.89e+05   290s
   2   1.19918545e+01  1.40323439e+06  1.66e+07 3.10e+02  4.83e+05   292s
   3   4.22132782e+01  1.52935808e+06  9.60e+06 1.32e+02  2.59e+05   295s
   4   3.66122903e+01  4.60765203e+05  3.43e+06 3.40e+01  4.34e+04   298s
   5   2.16949291e+01  1.16077524e+05  1.22e+06 9.10e+00  6.46e+03   300s
   6   1.92205867e+01  6.58374825e+04  7.45e+05 5.41e+00  3.11e+03   302s
   7   1.91870502e+01  3.19475675e+04  5.29e+05 2.84e+00  1.71e+03   304s
   8   2.12584797e+01  2.00636737e+04  4.64e+05 1.82e+00  1.42e+03   307s
   9   2.37087833e+01  1.94919992e+04  4.81e+05 1.84e+00  1.88e+03   310s
  10   2.32034445e+01  1.65702414e+04  4.36e+05 1.65e+00  1.81e+03   313s
  11   2.34478275e+01  1.45288911e+04  2.81e+05 1.44e+00  1.24e+03   316s
  12   2.28382938e+01  4.89151421e+03  1.45e+05 4.61e-01  5.00e+02   319s
  13   2.51770395e+01  2.32866422e+03  9.13e+04 2.19e-01  3.09e+02   322s
  14   2.59714081e+01  1.10786116e+03  5.82e+04 1.01e-01  1.87e+02   325s
  15   2.60373918e+01  6.16295814e+02  3.83e+04 5.69e-02  1.22e+02   327s
  16   2.75913099e+01  3.96387176e+02  2.46e+04 3.55e-02  7.71e+01   330s
  17   2.86173407e+01  2.63957776e+02  1.75e+04 2.30e-02  5.40e+01   332s
  18   2.85507816e+01  2.19979874e+02  1.63e+04 1.84e-02  4.81e+01   335s
  19   2.97478768e+01  1.77421690e+02  1.33e+04 1.35e-02  3.69e+01   338s
  20   3.09009694e+01  1.49276642e+02  8.19e+03 1.03e-02  2.13e+01   341s
  21   2.46077948e+01  1.09851929e+02  5.99e+03 6.62e-03  1.35e+01   345s
  22   1.56712951e+01  7.28662237e+01  3.82e+03 3.67e-03  6.47e+00   350s
  23   4.45999259e+00  4.53854064e+01  8.90e+02 1.99e-03  9.79e-01   354s
  24   1.76024645e+00  9.07640335e+00  5.99e+01 3.36e-04  1.47e-02   358s
  25   1.64102750e+00  4.94852384e+00  2.04e+01 1.54e-04  3.22e-03   363s
  26   1.56892770e+00  3.58583373e+00  5.77e+00 9.36e-05  8.60e-04   367s
  27   1.54769678e+00  3.14239391e+00  3.55e+00 7.38e-05  5.37e-04   370s
  28   1.52658713e+00  2.89297132e+00  2.26e+00 6.27e-05  3.79e-04   373s
  29   1.51316937e+00  2.73405687e+00  1.45e+00 5.57e-05  2.88e-04   376s
  30   1.48780908e+00  2.25551202e+00  7.25e-01 3.47e-05  1.62e-04   379s
  31   1.47717324e+00  1.86302624e+00  3.81e-01 1.76e-05  7.81e-05   384s
  32   1.49390267e+00  1.75864904e+00  1.85e-01 1.23e-05  4.73e-05   389s
  33   1.50645647e+00  1.68796843e+00  1.14e-01 8.55e-06  3.06e-05   393s
  34   1.50969232e+00  1.64353916e+00  1.05e-01 6.04e-06  2.18e-05   397s
  35   1.51491795e+00  1.63395358e+00  9.21e-02 5.27e-06  1.88e-05   401s
  36   1.52755409e+00  1.63076749e+00  7.83e-02 5.06e-06  1.74e-05   407s
  37   1.54045785e+00  1.61920037e+00  6.52e-02 3.85e-06  1.31e-05   415s
  38   1.54519525e+00  1.61639941e+00  6.07e-02 3.07e-06  1.06e-05   424s
  39   1.55005873e+00  1.61607570e+00  5.64e-02 2.96e-06  9.98e-06   431s
  40   1.56314853e+00  1.61796339e+00  4.89e-02 2.15e-06  7.42e-06   439s
  41   1.56876883e+00  1.62246619e+00  4.46e-02 1.61e-06  5.89e-06   449s
  42   1.57935615e+00  1.62376013e+00  3.89e-02 1.50e-06  5.33e-06   461s
  43   1.58823329e+00  1.63046337e+00  3.38e-02 1.08e-06  4.13e-06   472s
  44   1.59405739e+00  1.63215490e+00  2.99e-02 9.83e-07  3.74e-06   486s
  45   1.60317981e+00  1.63323406e+00  2.37e-02 9.09e-07  3.22e-06   500s
  46   1.60843415e+00  1.63719194e+00  2.05e-02 6.37e-07  2.49e-06   515s
  47   1.61908332e+00  1.63795807e+00  1.41e-02 5.67e-07  1.97e-06   537s
  48   1.62299472e+00  1.63904936e+00  1.17e-02 4.86e-07  1.67e-06   548s
  49   1.62556063e+00  1.64009775e+00  1.04e-02 4.17e-07  1.45e-06   567s
  50   1.63252960e+00  1.64132599e+00  6.81e-03 3.28e-07  1.06e-06   585s
  51   1.63475284e+00  1.64274341e+00  5.70e-03 2.34e-07  7.93e-07   592s
  52   1.63612694e+00  1.64329286e+00  4.97e-03 1.97e-07  6.70e-07   600s
  53   1.63805439e+00  1.64395951e+00  4.12e-03 1.65e-07  5.52e-07   611s
  54   1.63973343e+00  1.64470782e+00  3.41e-03 1.40e-07  4.60e-07   618s
  55   1.64193291e+00  1.64571711e+00  2.55e-03 1.03e-07  3.34e-07   631s
  56   1.64209804e+00  1.64626239e+00  2.48e-03 8.18e-08  2.96e-07   641s
  57   1.64251741e+00  1.64648610e+00  2.31e-03 7.30e-08  2.71e-07   647s
  58   1.64259676e+00  1.64651524e+00  2.28e-03 7.18e-08  2.67e-07   654s
  59   1.64263187e+00  1.64657892e+00  2.27e-03 6.92e-08  2.62e-07   662s
  60   1.64336888e+00  1.64686097e+00  1.98e-03 5.84e-08  2.24e-07   668s
  61   1.64339962e+00  1.64703007e+00  1.96e-03 5.21e-08  2.14e-07   678s
  62   1.64342537e+00  1.64721443e+00  1.95e-03 4.49e-08  2.03e-07   686s
  63   1.64349072e+00  1.64731521e+00  1.93e-03 4.07e-08  1.95e-07   693s
  64   1.64414753e+00  1.64748892e+00  1.67e-03 3.36e-08  1.66e-07   704s
  65   1.64421253e+00  1.64757377e+00  1.64e-03 2.98e-08  1.59e-07   711s
  66   1.64421990e+00  1.64757629e+00  1.64e-03 2.97e-08  1.58e-07   722s
  67   1.64428805e+00  1.64768808e+00  1.61e-03 2.52e-08  1.50e-07   733s
  68   1.64429604e+00  1.64769960e+00  1.61e-03 2.47e-08  1.48e-07   740s
  69   1.64429665e+00  1.64769929e+00  1.61e-03 2.47e-08  1.48e-07   746s
  70   1.64435809e+00  1.64772162e+00  1.58e-03 2.39e-08  1.45e-07   753s
  71   1.64441300e+00  1.64779864e+00  1.56e-03 2.05e-08  1.39e-07   761s
  72   1.64445034e+00  1.64782667e+00  1.54e-03 1.92e-08  1.36e-07   770s
  73   1.64447670e+00  1.64784128e+00  1.53e-03 1.84e-08  1.34e-07   777s
  74   1.64471599e+00  1.64787778e+00  1.44e-03 1.81e-08  1.26e-07   783s
  75   1.64492848e+00  1.64790281e+00  1.35e-03 1.65e-08  1.17e-07   794s
  76   1.64495172e+00  1.64791103e+00  1.34e-03 1.59e-08  1.16e-07   798s
  77   1.64497485e+00  1.64795217e+00  1.33e-03 1.42e-08  1.12e-07   808s
  78   1.64506788e+00  1.64797884e+00  1.29e-03 1.24e-08  1.07e-07   819s
  79   1.64512383e+00  1.64800329e+00  1.27e-03 1.12e-08  1.03e-07   830s
  80   1.64521925e+00  1.64802182e+00  1.23e-03 1.00e-08  9.90e-08   839s
  81   1.64542276e+00  1.64803898e+00  1.14e-03 8.80e-09  9.13e-08   848s
  82   1.64542951e+00  1.64804208e+00  1.14e-03 8.53e-09  9.07e-08   854s
  83   1.64548978e+00  1.64805790e+00  1.11e-03 7.23e-09  8.71e-08   864s
  84   1.64551413e+00  1.64806038e+00  1.10e-03 7.06e-09  8.60e-08   871s
  85   1.64553429e+00  1.64806287e+00  1.10e-03 6.67e-09  8.50e-08   875s
  86   1.64555948e+00  1.64807605e+00  1.08e-03 5.34e-09  8.22e-08   884s
  87   1.64577160e+00  1.64808099e+00  9.95e-04 4.71e-09  7.51e-08   893s
  88   1.64580448e+00  1.64808372e+00  9.81e-04 4.14e-09  7.31e-08   906s
  89   1.64583386e+00  1.64808698e+00  9.68e-04 3.49e-09  7.13e-08   914s
  90   1.64584266e+00  1.64808794e+00  9.64e-04 3.63e-09  7.08e-08   920s
  91   1.64587879e+00  1.64809478e+00  9.49e-04 3.15e-09  6.91e-08   927s
  92   1.64591084e+00  1.64809571e+00  9.35e-04 2.51e-09  6.73e-08   934s
  93   1.64594926e+00  1.64809560e+00  9.19e-04 1.94e-09  6.53e-08   942s
  94   1.64596239e+00  1.64809449e+00  9.13e-04 1.83e-09  6.46e-08   949s
  95   1.64603852e+00  1.64809432e+00  8.80e-04 1.47e-09  6.18e-08   959s
  96   1.64607899e+00  1.64809178e+00  8.63e-04 1.24e-09  6.01e-08   967s
  97   1.64614822e+00  1.64809052e+00  8.33e-04 1.07e-09  5.79e-08   972s
  98   1.64618540e+00  1.64809038e+00  8.17e-04 9.53e-10  5.67e-08   980s
  99   1.64619236e+00  1.64808857e+00  8.14e-04 7.51e-10  5.60e-08   992s
 100   1.64619455e+00  1.64808820e+00  8.13e-04 7.13e-10  5.59e-08   999s
 101   1.64621090e+00  1.64808838e+00  8.06e-04 8.76e-10  5.53e-08  1006s
 102   1.64621145e+00  1.64808759e+00  8.06e-04 1.02e-09  5.52e-08  1013s
 103   1.64621305e+00  1.64809951e+00  8.05e-04 6.56e-10  5.54e-08  1020s
 104   1.64630735e+00  1.64809574e+00  7.64e-04 5.74e-10  5.25e-08  1028s
 105   1.64636223e+00  1.64809230e+00  7.41e-04 1.02e-09  5.07e-08  1036s
 106   1.64636560e+00  1.64809171e+00  7.39e-04 1.02e-09  5.05e-08  1042s
 107   1.64636759e+00  1.64809142e+00  7.38e-04 1.05e-09  5.05e-08  1049s
 108   1.64636760e+00  1.64809141e+00  7.38e-04 1.07e-09  5.05e-08  1056s
 109   1.64636905e+00  1.64809282e+00  7.38e-04 1.04e-09  5.05e-08  1080s
 110   1.64638867e+00  1.64809167e+00  7.29e-04 9.57e-10  4.98e-08  1092s
 111   1.64639577e+00  1.64809079e+00  7.26e-04 1.71e-09  4.95e-08  1108s
 112   1.64645425e+00  1.64809081e+00  7.01e-04 1.47e-09  4.78e-08  1114s
 113   1.64645522e+00  1.64808871e+00  7.00e-04 2.25e-09  4.77e-08  1122s
 114   1.64645892e+00  1.64808853e+00  6.99e-04 2.09e-09  4.76e-08  1134s
 115   1.64648852e+00  1.64808390e+00  6.86e-04 1.65e-09  4.65e-08  1143s
 116   1.64648867e+00  1.64808369e+00  6.86e-04 1.59e-09  4.65e-08  1152s
 117   1.64648986e+00  1.64808423e+00  6.85e-04 1.61e-09  4.65e-08  1159s
 118   1.64650007e+00  1.64808627e+00  6.81e-04 1.51e-09  4.63e-08  1167s
 119   1.64650261e+00  1.64808595e+00  6.80e-04 1.74e-09  4.62e-08  1176s
 120   1.64680659e+00  1.64808476e+00  5.48e-04 1.49e-09  3.73e-08  1183s
 121   1.64680789e+00  1.64808463e+00  5.47e-04 2.11e-09  3.73e-08  1192s
 122   1.64680871e+00  1.64808721e+00  5.47e-04 1.65e-09  3.73e-08  1210s
 123   1.64681106e+00  1.64808746e+00  5.46e-04 1.52e-09  3.73e-08  1218s
 124   1.64681244e+00  1.64808870e+00  5.45e-04 1.63e-09  3.72e-08  1226s
 125   1.64681340e+00  1.64808769e+00  5.45e-04 1.54e-09  3.72e-08  1231s
 126   1.64681350e+00  1.64808607e+00  5.45e-04 1.67e-09  3.71e-08  1238s
 127   1.64681350e+00  1.64808605e+00  5.45e-04 1.69e-09  3.71e-08  1243s
 128   1.64681690e+00  1.64808598e+00  5.43e-04 2.03e-09  3.70e-08  1251s
 129   1.64682462e+00  1.64808425e+00  5.40e-04 1.92e-09  3.67e-08  1261s
 130   1.64682639e+00  1.64807861e+00  5.39e-04 1.33e-09  3.65e-08  1272s
 131   1.64682886e+00  1.64807835e+00  5.38e-04 1.28e-09  3.64e-08  1278s
 132   1.64684139e+00  1.64807646e+00  5.33e-04 9.64e-10  3.60e-08  1289s
 133   1.64684518e+00  1.64807605e+00  5.31e-04 1.54e-09  3.59e-08  1298s
 134   1.64694212e+00  1.64807591e+00  4.89e-04 1.62e-09  3.31e-08  1303s
 135   1.64694476e+00  1.64807378e+00  4.88e-04 1.40e-09  3.30e-08  1310s
 136   1.64694581e+00  1.64807368e+00  4.87e-04 1.74e-09  3.29e-08  1316s
 137   1.64694742e+00  1.64807462e+00  4.87e-04 2.05e-09  3.29e-08  1322s
 138   1.64697085e+00  1.64807469e+00  4.77e-04 2.05e-09  3.23e-08  1328s
 139   1.64697309e+00  1.64807448e+00  4.76e-04 2.12e-09  3.22e-08  1335s
 140   1.64697326e+00  1.64807434e+00  4.76e-04 2.10e-09  3.22e-08  1341s
 141   1.64697536e+00  1.64807754e+00  4.75e-04 1.94e-09  3.23e-08  1347s
 142   1.64698597e+00  1.64807428e+00  4.70e-04 1.60e-09  3.18e-08  1354s
 143   1.64702389e+00  1.64807407e+00  4.54e-04 1.57e-09  3.08e-08  1362s
 144   1.64730010e+00  1.64807369e+00  3.33e-04 1.51e-09  2.28e-08  1368s
 145   1.64730048e+00  1.64807351e+00  3.33e-04 1.35e-09  2.28e-08  1374s
 146   1.64730176e+00  1.64808727e+00  3.33e-04 1.14e-09  2.31e-08  1382s
 147   1.64730815e+00  1.64808149e+00  3.30e-04 9.10e-10  2.27e-08  1389s
 148   1.64730987e+00  1.64808050e+00  3.29e-04 8.95e-10  2.27e-08  1395s
 149   1.64731243e+00  1.64807906e+00  3.28e-04 1.38e-09  2.25e-08  1404s
 150   1.64731345e+00  1.64807643e+00  3.27e-04 1.35e-09  2.24e-08  1413s
 151   1.64731505e+00  1.64807182e+00  3.27e-04 1.23e-09  2.23e-08  1420s
 152   1.64740304e+00  1.64806990e+00  2.88e-04 7.23e-10  1.96e-08  1426s
 153   1.64740563e+00  1.64806735e+00  2.87e-04 6.40e-10  1.95e-08  1433s
 154   1.64740604e+00  1.64806453e+00  2.87e-04 5.37e-10  1.94e-08  1439s
 155   1.64740693e+00  1.64806099e+00  2.86e-04 1.28e-09  1.93e-08  1449s
 156   1.64740873e+00  1.64805662e+00  2.85e-04 8.14e-10  1.91e-08  1456s
 157   1.64741111e+00  1.64805357e+00  2.84e-04 5.11e-10  1.90e-08  1464s
 158   1.64741290e+00  1.64805240e+00  2.84e-04 3.64e-10  1.89e-08  1471s
 159   1.64741918e+00  1.64805115e+00  2.81e-04 2.49e-10  1.87e-08  1478s
 160   1.64742593e+00  1.64805004e+00  2.78e-04 6.28e-10  1.84e-08  1484s
 161   1.64744361e+00  1.64804908e+00  2.70e-04 7.46e-10  1.79e-08  1490s
 162   1.64744523e+00  1.64804901e+00  2.69e-04 6.37e-10  1.78e-08  1497s
 163   1.64745063e+00  1.64804837e+00  2.67e-04 3.16e-10  1.77e-08  1508s
 164   1.64745475e+00  1.64804770e+00  2.65e-04 3.70e-10  1.75e-08  1515s
 165   1.64755684e+00  1.64804713e+00  2.19e-04 3.08e-10  1.45e-08  1520s
 166   1.64756090e+00  1.64804673e+00  2.17e-04 2.79e-10  1.44e-08  1526s
 167   1.64761027e+00  1.64804677e+00  1.95e-04 5.17e-10  1.29e-08  1532s
 168   1.64761290e+00  1.64804627e+00  1.94e-04 3.55e-10  1.28e-08  1542s
 169   1.64761375e+00  1.64804629e+00  1.94e-04 8.20e-10  1.28e-08  1552s
 170   1.64762735e+00  1.64804605e+00  1.88e-04 8.10e-10  1.24e-08  1559s
 171   1.64763038e+00  1.64804581e+00  1.86e-04 6.58e-10  1.23e-08  1564s
 172   1.64764806e+00  1.64804560e+00  1.78e-04 5.02e-10  1.18e-08  1571s
 173   1.64765315e+00  1.64804533e+00  1.76e-04 3.77e-10  1.16e-08  1578s
 174   1.64776042e+00  1.64804512e+00  1.28e-04 2.77e-10  8.43e-09  1584s
 175   1.64776122e+00  1.64804492e+00  1.27e-04 2.13e-10  8.40e-09  1596s
 176   1.64776124e+00  1.64804491e+00  1.27e-04 2.12e-10  8.40e-09  1601s
 177   1.64776189e+00  1.64804703e+00  1.27e-04 7.69e-10  8.44e-09  1606s
 178   1.64776317e+00  1.64804626e+00  1.26e-04 6.08e-10  8.38e-09  1612s
 179   1.64778871e+00  1.64804562e+00  1.15e-04 4.97e-10  7.62e-09  1620s
 180   1.64779509e+00  1.64804513e+00  1.12e-04 4.54e-10  7.42e-09  1626s
 181   1.64784701e+00  1.64804471e+00  8.87e-05 3.76e-10  5.87e-09  1633s
 182   1.64784751e+00  1.64804428e+00  8.85e-05 4.24e-10  5.84e-09  1638s
 183   1.64785035e+00  1.64804410e+00  8.72e-05 3.64e-10  5.75e-09  1645s
 184   1.64787493e+00  1.64804403e+00  7.60e-05 3.40e-10  5.02e-09  1651s
 185   1.64787525e+00  1.64804395e+00  7.59e-05 3.28e-10  5.01e-09  1659s
 186   1.64787535e+00  1.64804379e+00  7.58e-05 2.99e-10  5.00e-09  1666s
 187   1.64787550e+00  1.64804374e+00  7.57e-05 2.83e-10  5.00e-09  1671s
 188   1.64787565e+00  1.64804397e+00  7.57e-05 5.94e-10  5.00e-09  1678s
 189   1.64794327e+00  1.64804381e+00  4.50e-05 5.49e-10  2.99e-09  1686s
 190   1.64794359e+00  1.64804351e+00  4.49e-05 7.35e-10  2.97e-09  1694s
 191   1.64794607e+00  1.64804321e+00  4.38e-05 6.24e-10  2.89e-09  1703s
 192   1.64794623e+00  1.64804291e+00  4.37e-05 4.71e-10  2.88e-09  1717s
 193   1.64794722e+00  1.64804279e+00  4.32e-05 5.73e-10  2.85e-09  1726s
 194   1.64798608e+00  1.64804237e+00  2.58e-05 3.41e-10  1.70e-09  1736s
 195   1.64800739e+00  1.64804237e+00  1.54e-05 5.22e-10  1.08e-09  1747s
 196   1.64800746e+00  1.64804226e+00  1.54e-05 4.78e-10  1.08e-09  1755s
 197   1.64800793e+00  1.64804190e+00  1.51e-05 4.10e-10  1.05e-09  1762s
 198   1.64801510e+00  1.64804148e+00  1.18e-05 2.25e-10  8.21e-10  1768s
 199   1.64801510e+00  1.64804141e+00  1.18e-05 7.75e-10  8.19e-10  1777s
 200   1.64801553e+00  1.64804213e+00  1.16e-05 6.72e-10  8.28e-10  1782s
 201   1.64801640e+00  1.64804167e+00  1.12e-05 2.82e-10  7.90e-10  1787s
 202   1.64801647e+00  1.64804141e+00  1.12e-05 2.09e-10  7.81e-10  1792s
 203   1.64801734e+00  1.64804131e+00  1.07e-05 5.68e-10  7.52e-10  1804s
 204   1.64801742e+00  1.64804125e+00  1.07e-05 4.49e-10  7.48e-10  1810s
 205   1.64801750e+00  1.64804124e+00  1.07e-05 8.16e-09  7.45e-10  1818s
 206   1.64801835e+00  1.64804112e+00  1.04e-05 7.73e-09  7.15e-10  1827s
 207   1.64801835e+00  1.64804112e+00  1.04e-05 7.54e-09  7.14e-10  1834s
 208   1.64801899e+00  1.64804103e+00  1.00e-05 4.71e-09  6.98e-10  1841s
 209   1.64801902e+00  1.64804081e+00  1.00e-05 3.71e-09  6.91e-10  1850s
 210   1.64801905e+00  1.64804076e+00  1.00e-05 2.92e-09  6.89e-10  1860s
 211   1.64801937e+00  1.64804052e+00  9.84e-06 1.86e-09  6.73e-10  1868s
 212   1.64801937e+00  1.64804041e+00  9.84e-06 1.56e-09  6.70e-10  1875s
 213   1.64801939e+00  1.64804029e+00  9.83e-06 1.18e-09  6.66e-10  1883s
 214   1.64801940e+00  1.64804026e+00  9.82e-06 1.55e-09  6.65e-10  1891s
 215   1.64801940e+00  1.64804027e+00  9.82e-06 3.79e-09  6.65e-10  1898s
 216   1.64801944e+00  1.64804033e+00  9.79e-06 3.44e-09  6.66e-10  1906s

Barrier solved model in 216 iterations and 1905.86 seconds (1101.43 work units)
Optimal objective 1.64801734e+00

