Set parameter Username
Academic license - for non-commercial use only - expires 2027-02-09
Set parameter Threads to value 4
Set parameter Method to value 2
Set parameter BarOrder to value 1
Set parameter BarHomogeneous to value 1
Set parameter NumericFocus to value 2
Set parameter Crossover to value 0
Gurobi Optimizer version 9.5.1 build v9.5.1rc2 (linux64)
Thread count: 32 physical cores, 64 logical processors, using up to 4 threads
Optimize a model with 2121763 rows, 1951375 columns and 11481298 nonzeros
Model fingerprint: 0x6e587e02
Coefficient statistics:
  Matrix range     [1e-04, 3e+00]
  Objective range  [1e+00, 1e+00]
  Bounds range     [0e+00, 0e+00]
  RHS range        [1e-03, 1e+00]
Presolve removed 766829 rows and 1548815 columns (presolve time = 6s) ...
Presolve removed 771061 rows and 1548816 columns
Presolve time: 6.89s
Presolved: 1350702 rows, 402559 columns, 8432617 nonzeros
Ordering time: 1.06s

Barrier statistics:
 Dense cols : 199
 AA' NZ     : 1.641e+07
 Factor NZ  : 2.488e+07 (roughly 700 MB of memory)
 Factor Ops : 1.223e+09 (less than 1 second per iteration)
 Threads    : 4

                  Objective                Residual
Iter       Primal          Dual         Primal    Dual     Compl     Time
   0   9.58109453e+00  1.25000000e+02  2.65e+07 6.25e-02  1.00e+06   260s
   1   9.58109453e-01  9.35333113e+05  1.78e+07 2.39e+02  4.82e+05   262s
   2   3.00814779e+00  1.91995230e+06  1.62e+07 1.04e+02  3.27e+05   264s
   3   2.10756605e+01  1.35833688e+06  1.19e+07 6.31e+01  2.31e+05   267s
   4   5.16655577e+01  6.72469719e+05  5.93e+06 4.34e+01  1.11e+05   269s
   5   5.20160748e+01  3.79260079e+05  2.51e+06 1.98e+01  2.95e+04   271s
   6   1.39896339e+01  5.00474625e+04  2.90e+05 2.25e+00  5.87e+02   273s
   7   2.58617275e+00  1.88813376e+03  6.53e+03 9.03e-02  8.52e-01   276s
   8   2.43170445e+00  5.45282751e+02  1.69e+03 2.51e-02  1.62e-01   279s
   9   2.38956038e+00  2.02404261e+02  6.83e+02 9.25e-03  5.54e-02   281s
  10   2.37303041e+00  1.43583915e+02  3.86e+02 6.52e-03  3.25e-02   283s
  11   2.36906576e+00  1.28028285e+02  3.25e+02 5.80e-03  2.77e-02   285s
  12   2.37119415e+00  1.14503622e+02  3.03e+02 5.15e-03  2.59e-02   288s
  13   2.37958291e+00  8.00613138e+01  2.27e+02 3.56e-03  2.00e-02   292s
  14   2.36378935e+00  6.23064381e+01  2.01e+02 2.70e-03  2.10e-02   295s
  15   2.16938984e+00  2.54928609e+01  1.46e+02 8.81e-04  1.10e-02   299s
  16   2.12593469e+00  1.63572596e+01  1.34e+02 5.10e-04  7.96e-03   302s
  17   1.93075810e+00  1.11180569e+01  8.15e+01 3.01e-04  3.88e-03   305s
  18   1.77036934e+00  6.52983972e+00  3.89e+01 1.46e-04  1.42e-03   309s
  19   1.67033910e+00  4.32193868e+00  1.45e+01 8.03e-05  4.98e-04   313s
  20   1.62209983e+00  3.37100858e+00  6.14e+00 5.45e-05  2.23e-04   316s
  21   1.59027648e+00  2.97964846e+00  3.65e+00 4.32e-05  1.43e-04   318s
  22   1.55946230e+00  2.61030732e+00  2.01e+00 3.26e-05  9.00e-05   320s
  23   1.53683322e+00  2.33150799e+00  1.35e+00 2.47e-05  6.39e-05   323s
  24   1.51920607e+00  1.97658378e+00  1.02e+00 1.48e-05  3.96e-05   325s
  25   1.49696522e+00  1.81032920e+00  6.64e-01 1.02e-05  2.60e-05   329s
  26   1.49123445e+00  1.69965919e+00  5.79e-01 7.03e-06  1.81e-05   331s
  27   1.48353348e+00  1.65348057e+00  4.44e-01 5.65e-06  1.39e-05   334s
  28   1.47637991e+00  1.63502162e+00  2.71e-01 5.07e-06  1.11e-05   338s
  29   1.47651955e+00  1.58821044e+00  1.25e-01 3.55e-06  6.55e-06   343s
  30   1.48300503e+00  1.55892880e+00  6.71e-02 2.50e-06  4.04e-06   349s
  31   1.48548212e+00  1.54931445e+00  5.76e-02 2.06e-06  3.24e-06   354s
  32   1.48855753e+00  1.54333300e+00  4.91e-02 1.78e-06  2.72e-06   359s
  33   1.49261895e+00  1.53936126e+00  4.12e-02 1.54e-06  2.26e-06   362s
  34   1.50358813e+00  1.53634917e+00  2.69e-02 1.32e-06  1.68e-06   367s
  35   1.50933833e+00  1.53350717e+00  1.95e-02 1.08e-06  1.28e-06   376s
  36   1.51366658e+00  1.53099154e+00  1.50e-02 7.66e-07  8.74e-07   386s
  37   1.51892805e+00  1.53080692e+00  1.09e-02 6.93e-07  7.34e-07   401s
  38   1.52587866e+00  1.53335356e+00  6.76e-03 3.48e-07  3.79e-07   417s
  39   1.53001596e+00  1.53611652e+00  5.39e-03 2.54e-07  2.92e-07   436s
  40   1.53272421e+00  1.53709580e+00  4.65e-03 2.30e-07  2.62e-07   456s
  41   1.53563650e+00  1.53945952e+00  3.85e-03 1.83e-07  2.17e-07   472s
  42   1.53792724e+00  1.54168499e+00  3.25e-03 1.44e-07  1.81e-07   489s
  43   1.53915407e+00  1.54362437e+00  2.93e-03 1.12e-07  1.54e-07   514s
  44   1.54156593e+00  1.54502119e+00  2.18e-03 8.58e-08  1.19e-07   548s
  45   1.54266462e+00  1.54577714e+00  1.80e-03 6.79e-08  9.69e-08   577s
  46   1.54450665e+00  1.54695999e+00  1.25e-03 4.27e-08  6.40e-08   609s
  47   1.54478692e+00  1.54724562e+00  1.15e-03 3.55e-08  5.62e-08   615s
  48   1.54533996e+00  1.54747085e+00  9.91e-04 2.96e-08  4.75e-08   620s
  49   1.54616935e+00  1.54783010e+00  7.34e-04 2.00e-08  3.36e-08   631s
  50   1.54677791e+00  1.54808510e+00  5.28e-04 1.27e-08  2.31e-08   639s
  51   1.54730176e+00  1.54818602e+00  3.54e-04 9.35e-09  1.64e-08   648s
  52   1.54755636e+00  1.54828787e+00  2.71e-04 5.26e-09  1.09e-08   656s
  53   1.54775238e+00  1.54829939e+00  2.04e-04 4.49e-09  8.72e-09   663s
  54   1.54779954e+00  1.54830324e+00  1.88e-04 4.33e-09  8.23e-09   668s
  55   1.54783678e+00  1.54830498e+00  1.75e-04 4.21e-09  7.84e-09   672s
  56   1.54788092e+00  1.54830883e+00  1.62e-04 4.07e-09  7.40e-09   677s
  57   1.54801439e+00  1.54831925e+00  1.20e-04 3.59e-09  5.99e-09   683s
  58   1.54810879e+00  1.54834755e+00  8.88e-05 2.24e-09  4.09e-09   689s
  59   1.54812416e+00  1.54834862e+00  8.40e-05 2.72e-09  3.93e-09   695s
  60   1.54813866e+00  1.54834968e+00  7.95e-05 4.00e-09  3.78e-09   701s
  61   1.54815631e+00  1.54835837e+00  7.41e-05 5.05e-09  3.33e-09   707s
  62   1.54815839e+00  1.54836094e+00  7.35e-05 2.48e-09  3.25e-09   716s
  63   1.54817309e+00  1.54836435e+00  6.90e-05 2.04e-09  3.01e-09   722s
  64   1.54819235e+00  1.54838051e+00  6.33e-05 1.49e-09  2.33e-09   730s
  65   1.54820134e+00  1.54838101e+00  6.06e-05 1.54e-09  2.25e-09   735s
  66   1.54820725e+00  1.54838309e+00  5.88e-05 3.43e-09  2.13e-09   741s
  67   1.54821743e+00  1.54838487e+00  5.57e-05 3.89e-09  1.99e-09   746s
  68   1.54825289e+00  1.54838786e+00  4.50e-05 3.26e-09  1.62e-09   753s
  69   1.54825320e+00  1.54838787e+00  4.49e-05 3.75e-09  1.62e-09   756s
  70   1.54826052e+00  1.54838854e+00  4.27e-05 3.52e-09  1.54e-09   761s
  71   1.54830829e+00  1.54839661e+00  2.85e-05 1.78e-09  9.59e-10   769s
  72   1.54830851e+00  1.54839661e+00  2.84e-05 2.11e-09  9.56e-10   773s
  73   1.54830878e+00  1.54839674e+00  2.83e-05 1.95e-09  9.52e-10   780s
  74   1.54830883e+00  1.54839693e+00  2.83e-05 1.92e-09  9.50e-10   787s
  75   1.54830900e+00  1.54839703e+00  2.83e-05 2.23e-09  9.45e-10   794s
  76   1.54831545e+00  1.54839750e+00  2.79e-05 2.17e-09  1.02e-09   801s
  77   1.54831989e+00  1.54839841e+00  2.65e-05 2.40e-09  9.39e-10   807s
  78   1.54833911e+00  1.54840077e+00  2.04e-05 1.19e-09  6.65e-10   822s
  79   1.54834089e+00  1.54840121e+00  1.98e-05 1.93e-09  6.25e-10   829s
  80   1.54834113e+00  1.54840207e+00  1.98e-05 8.57e-10  5.88e-10   840s
  81   1.54834126e+00  1.54840235e+00  1.97e-05 1.12e-09  5.69e-10   848s
  82   1.54834151e+00  1.54840248e+00  1.96e-05 8.47e-10  5.55e-10   855s
  83   1.54835152e+00  1.54840256e+00  1.64e-05 1.25e-09  4.63e-10   861s
  84   1.54835208e+00  1.54840254e+00  1.62e-05 1.42e-09  4.56e-10   868s
  85   1.54835617e+00  1.54840261e+00  1.49e-05 5.58e-10  4.16e-10   873s
  86   1.54836232e+00  1.54840258e+00  1.29e-05 9.99e-10  3.59e-10   879s
  87   1.54836316e+00  1.54840254e+00  1.26e-05 6.62e-10  3.49e-10   884s
  88   1.54837018e+00  1.54840257e+00  1.13e-05 1.54e-09  2.87e-10   888s
  89   1.54838379e+00  1.54840246e+00  6.50e-06 7.78e-10  1.66e-10   894s
  90   1.54838456e+00  1.54840239e+00  6.23e-06 4.19e-10  1.57e-10   900s
  91   1.54838561e+00  1.54840235e+00  5.86e-06 2.19e-10  1.48e-10   905s
  92   1.54838614e+00  1.54840232e+00  5.67e-06 4.59e-10  1.42e-10   915s
  93   1.54838679e+00  1.54840229e+00  5.44e-06 2.03e-10  1.36e-10   922s
  94   1.54838744e+00  1.54840231e+00  5.22e-06 8.04e-10  1.31e-10   931s
  95   1.54838754e+00  1.54840230e+00  5.18e-06 5.59e-10  1.30e-10   940s
  96   1.54838792e+00  1.54840230e+00  5.05e-06 2.47e-10  1.27e-10   951s
  97   1.54839153e+00  1.54840229e+00  3.85e-06 1.13e-10  9.48e-11   961s
  98   1.54839263e+00  1.54840229e+00  3.45e-06 6.10e-11  8.52e-11   969s
  99   1.54839283e+00  1.54840227e+00  3.38e-06 5.84e-11  8.33e-11   977s
 100   1.54839308e+00  1.54840225e+00  3.29e-06 1.00e-10  8.10e-11   987s
 101   1.54839337e+00  1.54840224e+00  3.18e-06 6.69e-11  7.84e-11   992s
 102   1.54839345e+00  1.54840223e+00  3.15e-06 2.21e-10  7.76e-11  1000s
 103   1.54839374e+00  1.54840222e+00  3.05e-06 1.16e-10  7.50e-11  1010s
 104   1.54839424e+00  1.54840222e+00  2.87e-06 8.71e-11  7.05e-11  1020s
 105   1.54839455e+00  1.54840221e+00  2.76e-06 1.34e-10  6.78e-11  1032s
 106   1.54839537e+00  1.54840221e+00  2.46e-06 1.37e-10  6.05e-11  1041s
 107   1.54839712e+00  1.54840221e+00  1.83e-06 8.25e-11  4.51e-11  1050s
 108   1.54839740e+00  1.54840221e+00  1.73e-06 6.45e-11  4.26e-11  1059s
 109   1.54839778e+00  1.54840221e+00  1.59e-06 7.93e-11  3.92e-11  1064s
 110   1.54839930e+00  1.54840220e+00  1.04e-06 9.86e-11  2.57e-11  1068s
 111   1.54839983e+00  1.54840220e+00  8.55e-07 1.31e-10  2.10e-11  1075s
 112   1.54840003e+00  1.54840220e+00  7.81e-07 7.89e-11  1.92e-11  1081s
 113   1.54840016e+00  1.54840220e+00  7.36e-07 7.78e-11  1.81e-11  1086s
 114   1.54840049e+00  1.54840220e+00  6.17e-07 5.39e-11  1.52e-11  1093s
 115   1.54840059e+00  1.54840220e+00  5.82e-07 9.07e-11  1.43e-11  1096s
 116   1.54840067e+00  1.54840220e+00  5.52e-07 9.54e-11  1.36e-11  1100s
 117   1.54840070e+00  1.54840220e+00  5.43e-07 8.38e-11  1.33e-11  1104s
 118   1.54840093e+00  1.54840220e+00  4.58e-07 4.41e-10  1.12e-11  1110s
 119   1.54840094e+00  1.54840220e+00  4.55e-07 2.80e-10  1.12e-11  1116s
 120   1.54840114e+00  1.54840220e+00  3.83e-07 1.42e-10  9.41e-12  1122s
 121   1.54840114e+00  1.54840220e+00  3.83e-07 1.25e-10  9.41e-12  1128s
 122   1.54840114e+00  1.54840229e+00  3.83e-07 5.63e-10  1.00e-11  1135s
 123   1.54840191e+00  1.54840222e+00  1.06e-07 1.31e-10  2.76e-12  1143s
 124   1.54840192e+00  1.54840221e+00  9.42e-08 1.21e-09  2.58e-12  1148s
 125   1.54840200e+00  1.54840221e+00  6.79e-08 6.08e-10  1.84e-12  1154s
 126   1.54840207e+00  1.54840220e+00  4.43e-08 2.98e-10  1.20e-12  1163s
 127   1.54840216e+00  1.54840220e+00  1.49e-08 9.60e-11  4.01e-13  1168s
 128   1.54840218e+00  1.54840220e+00  2.80e-08 5.47e-09  1.81e-13  1173s

Barrier solved model in 128 iterations and 1172.83 seconds (707.49 work units)
Optimal objective 1.54840218e+00

