Set parameter Username
Academic license - for non-commercial use only - expires 2027-02-09
Set parameter Threads to value 4
Set parameter Method to value 2
Set parameter BarOrder to value 1
Set parameter BarHomogeneous to value 1
Set parameter NumericFocus to value 2
Set parameter Crossover to value 0
Gurobi Optimizer version 9.5.1 build v9.5.1rc2 (linux64)
Thread count: 32 physical cores, 64 logical processors, using up to 4 threads
Optimize a model with 6174244 rows, 6709211 columns and 36619414 nonzeros
Model fingerprint: 0x2bddd38f
Coefficient statistics:
  Matrix range     [1e-04, 3e+00]
  Objective range  [1e+00, 1e+00]
  Bounds range     [0e+00, 0e+00]
  RHS range        [1e-03, 1e+00]
Presolve removed 1870197 rows and 5560366 columns (presolve time = 6s) ...
Presolve removed 2112464 rows and 5570000 columns (presolve time = 12s) ...
Presolve removed 2335464 rows and 5793000 columns (presolve time = 23s) ...
Presolve removed 2335466 rows and 5793001 columns (presolve time = 26s) ...
Presolve removed 2791805 rows and 5793001 columns (presolve time = 30s) ...
Presolve removed 2791805 rows and 5793001 columns
Presolve time: 30.75s
Presolved: 3382439 rows, 916210 columns, 22737095 nonzeros
Ordering time: 5.40s

Barrier statistics:
 Dense cols : 330
 AA' NZ     : 1.055e+08
 Factor NZ  : 1.503e+08 (roughly 3.0 GB of memory)
 Factor Ops : 1.217e+10 (roughly 1 second per iteration)
 Threads    : 4

                  Objective                Residual
Iter       Primal          Dual         Primal    Dual     Compl     Time
   0   3.26433347e+00  6.25000000e+01  5.89e+07 6.25e-02  1.00e+06  1434s
   1   1.11532214e+01  2.18644587e+06  4.27e+07 6.47e+02  7.94e+05  1442s
   2   1.77635158e+01  3.23167138e+06  3.27e+07 3.59e+02  5.09e+05  1453s
   3   3.63923128e+01  2.98084218e+06  2.28e+07 1.94e+02  3.28e+05  1465s
   4   5.88467206e+00  1.70641320e+05  1.06e+06 1.25e+01  1.29e+03  1477s
   5   4.34070427e+00  5.90591719e+04  4.81e+05 4.45e+00  2.72e+02  1487s
   6   3.88296260e+00  2.90728787e+04  2.93e+05 2.13e+00  1.10e+02  1500s
   7   3.62866766e+00  1.86737814e+04  1.83e+05 1.34e+00  5.71e+01  1509s
   8   3.54369482e+00  1.19283870e+04  1.48e+05 8.48e-01  3.81e+01  1520s
   9   3.44161218e+00  8.43883047e+03  1.15e+05 5.96e-01  2.67e+01  1533s
  10   3.31964439e+00  5.17076412e+03  8.95e+04 3.63e-01  1.87e+01  1543s
  11   2.93561213e+00  3.46448083e+03  6.59e+04 2.46e-01  1.47e+01  1557s
  12   2.50475626e+00  2.13495209e+03  4.42e+04 1.51e-01  9.68e+00  1569s
  13   2.34874190e+00  1.83874136e+03  3.26e+04 1.31e-01  7.23e+00  1580s
  14   2.38879626e+00  1.40448007e+03  2.51e+04 9.87e-02  5.42e+00  1590s
  15   2.40563371e+00  7.67751688e+02  2.03e+04 5.37e-02  3.95e+00  1601s
  16   2.48165393e+00  3.96267565e+02  1.32e+04 2.74e-02  2.43e+00  1614s
  17   2.52003343e+00  1.74424460e+02  9.73e+03 1.18e-02  1.63e+00  1630s
  18   2.60057485e+00  1.03115744e+02  6.77e+03 6.80e-03  1.09e+00  1643s
  19   2.67808028e+00  6.21493984e+01  4.57e+03 3.90e-03  6.82e-01  1652s
  20   2.77661045e+00  4.20642409e+01  2.68e+03 2.47e-03  3.64e-01  1663s
  21   2.77377871e+00  2.97569905e+01  2.09e+03 1.60e-03  2.24e-01  1673s
  22   2.52499372e+00  2.45972039e+01  5.99e+02 1.25e-03  5.72e-02  1687s
  23   2.42308968e+00  1.52865883e+01  3.29e+02 7.21e-04  2.20e-02  1697s
  24   2.36976584e+00  1.31147849e+01  2.23e+02 6.00e-04  1.35e-02  1713s
  25   2.35224813e+00  1.23652946e+01  2.06e+02 5.63e-04  1.25e-02  1729s
  26   2.15041462e+00  8.12150561e+00  1.55e+02 3.39e-04  8.07e-03  1753s
  27   2.03523868e+00  5.36079128e+00  1.22e+02 1.93e-04  4.82e-03  1771s
  28   1.77743615e+00  3.77312944e+00  4.42e+01 1.10e-04  1.39e-03  1790s
  29   1.67090492e+00  2.95494199e+00  1.36e+01 6.86e-05  4.03e-04  1808s
  30   1.64053912e+00  2.65269204e+00  7.27e+00 5.32e-05  2.22e-04  1824s
  31   1.61345990e+00  2.47848880e+00  4.01e+00 4.46e-05  1.41e-04  1839s
  32   1.59815457e+00  2.39568727e+00  3.23e+00 4.06e-05  1.21e-04  1851s
  33   1.57373763e+00  2.29386843e+00  2.27e+00 3.58e-05  9.84e-05  1864s
  34   1.54169481e+00  2.17011863e+00  1.44e+00 3.02e-05  7.87e-05  1882s
  35   1.51739085e+00  2.02377301e+00  1.02e+00 2.40e-05  6.29e-05  1902s
  36   1.49505728e+00  1.87705141e+00  7.37e-01 1.79e-05  4.79e-05  1922s
  37   1.48227294e+00  1.76585318e+00  5.64e-01 1.34e-05  3.59e-05  1944s
  38   1.47251568e+00  1.71743256e+00  4.10e-01 1.13e-05  2.90e-05  1966s
  39   1.47092978e+00  1.69503466e+00  3.71e-01 1.04e-05  2.60e-05  1984s
  40   1.46967057e+00  1.67540398e+00  3.36e-01 9.54e-06  2.33e-05  2002s
  41   1.46840600e+00  1.64389146e+00  2.98e-01 8.18e-06  1.95e-05  2022s
  42   1.46821085e+00  1.62382055e+00  2.82e-01 7.29e-06  1.72e-05  2046s
  43   1.46767668e+00  1.59590274e+00  2.37e-01 6.01e-06  1.37e-05  2068s
  44   1.48138746e+00  1.58046521e+00  1.79e-01 5.00e-06  1.06e-05  2093s
  45   1.49245775e+00  1.56906582e+00  1.49e-01 4.02e-06  8.24e-06  2121s
  46   1.49451945e+00  1.56803709e+00  1.43e-01 3.72e-06  7.60e-06  2146s
  47   1.50855758e+00  1.56448387e+00  1.12e-01 2.97e-06  5.88e-06  2177s
  48   1.51721585e+00  1.56880559e+00  9.51e-02 2.48e-06  4.89e-06  2212s
  49   1.51825584e+00  1.56973386e+00  9.04e-02 2.29e-06  4.51e-06  2248s
  50   1.52009728e+00  1.56981849e+00  8.78e-02 2.22e-06  4.37e-06  2284s
  51   1.52323587e+00  1.57041634e+00  8.34e-02 2.10e-06  4.11e-06  2317s
  52   1.52942683e+00  1.57232348e+00  7.53e-02 1.86e-06  3.62e-06  2354s
  53   1.53546589e+00  1.57321496e+00  7.05e-02 1.79e-06  3.47e-06  2386s
  54   1.53799714e+00  1.57753652e+00  6.80e-02 1.57e-06  3.10e-06  2425s
  55   1.54424287e+00  1.58002642e+00  6.19e-02 1.48e-06  2.89e-06  2465s
  56   1.54721112e+00  1.58239968e+00  5.99e-02 1.38e-06  2.71e-06  2516s
  57   1.55391756e+00  1.58565535e+00  5.53e-02 1.27e-06  2.49e-06  2565s
  58   1.55920051e+00  1.58921893e+00  5.17e-02 1.16e-06  2.30e-06  2610s
  59   1.56115333e+00  1.59568449e+00  5.02e-02 9.85e-07  2.04e-06  2672s
  60   1.56299337e+00  1.59675609e+00  4.89e-02 9.54e-07  1.98e-06  2751s
  61   1.56797903e+00  1.59854320e+00  4.56e-02 9.07e-07  1.86e-06  2822s
  62   1.57896587e+00  1.60024462e+00  3.87e-02 8.68e-07  1.73e-06  2887s
  63   1.58157410e+00  1.60960945e+00  3.69e-02 6.63e-07  1.43e-06  2977s
  64   1.58429472e+00  1.61173312e+00  3.51e-02 6.21e-07  1.33e-06  3039s
  65   1.58952171e+00  1.61196543e+00  3.15e-02 6.13e-07  1.28e-06  3087s
  66   1.59167037e+00  1.61372015e+00  2.91e-02 5.74e-07  1.18e-06  3172s
  67   1.59255037e+00  1.61479799e+00  2.86e-02 5.57e-07  1.15e-06  3201s
  68   1.59369894e+00  1.61564858e+00  2.79e-02 5.36e-07  1.12e-06  3225s
  69   1.59663002e+00  1.61630800e+00  2.61e-02 5.22e-07  1.08e-06  3261s
  70   1.59944430e+00  1.61788997e+00  2.38e-02 4.97e-07  9.88e-07  3303s
  71   1.60077872e+00  1.61884150e+00  2.31e-02 4.74e-07  9.52e-07  3339s
  72   1.60101813e+00  1.61886044e+00  2.29e-02 4.74e-07  9.49e-07  3367s
  73   1.60151016e+00  1.61928739e+00  2.24e-02 4.62e-07  9.25e-07  3396s
  74   1.60208760e+00  1.62038532e+00  2.21e-02 4.33e-07  8.35e-07  3424s
  75   1.60243420e+00  1.62106040e+00  2.19e-02 4.18e-07  8.17e-07  3458s
  76   1.60361583e+00  1.62197544e+00  2.13e-02 4.00e-07  7.89e-07  3490s
  77   1.60443215e+00  1.62279616e+00  2.09e-02 3.82e-07  7.65e-07  3525s
  78   1.60482309e+00  1.62380712e+00  2.07e-02 3.64e-07  7.41e-07  3560s
  79   1.60749180e+00  1.62467490e+00  1.93e-02 3.58e-07  7.11e-07  3581s
  80   1.61024782e+00  1.62564855e+00  1.78e-02 3.46e-07  6.66e-07  3604s
  81   1.61218442e+00  1.62693533e+00  1.69e-02 3.24e-07  6.27e-07  3638s
  82   1.61452449e+00  1.62725786e+00  1.57e-02 3.18e-07  6.01e-07  3666s
  83   1.61571854e+00  1.62790294e+00  1.51e-02 3.04e-07  5.79e-07  3694s
  84   1.61657796e+00  1.62828243e+00  1.47e-02 2.97e-07  5.65e-07  3717s
  85   1.61782509e+00  1.62855480e+00  1.41e-02 2.92e-07  5.50e-07  3750s
  86   1.61919560e+00  1.62948644e+00  1.33e-02 2.79e-07  5.21e-07  3793s
  87   1.61924880e+00  1.62951046e+00  1.33e-02 2.79e-07  5.20e-07  3816s
  88   1.62140430e+00  1.63069283e+00  1.22e-02 2.60e-07  4.81e-07  3843s
  89   1.62190413e+00  1.63106426e+00  1.19e-02 2.53e-07  4.64e-07  3872s
  90   1.62312041e+00  1.63179870e+00  1.12e-02 2.42e-07  4.40e-07  3904s
  91   1.62540868e+00  1.63361914e+00  1.01e-02 2.12e-07  3.90e-07  3936s
  92   1.62604140e+00  1.63410451e+00  9.74e-03 2.02e-07  3.75e-07  3961s
  93   1.62666485e+00  1.63470615e+00  9.42e-03 1.91e-07  3.59e-07  4005s
  94   1.62779304e+00  1.63516926e+00  8.83e-03 1.83e-07  3.41e-07  4033s
  95   1.62790588e+00  1.63628002e+00  8.78e-03 1.65e-07  3.23e-07  4069s
  96   1.63154251e+00  1.63733451e+00  7.02e-03 1.47e-07  2.75e-07  4106s
  97   1.63257644e+00  1.63946835e+00  6.55e-03 1.15e-07  2.35e-07  4152s
  98   1.63277360e+00  1.63983389e+00  6.47e-03 1.11e-07  2.28e-07  4181s
  99   1.63316869e+00  1.64024115e+00  6.29e-03 1.05e-07  2.20e-07  4210s
 100   1.63389420e+00  1.64095803e+00  5.98e-03 1.01e-07  2.06e-07  4250s
 101   1.63452003e+00  1.64183698e+00  5.70e-03 8.72e-08  1.86e-07  4285s
 102   1.63480464e+00  1.64189379e+00  5.57e-03 8.65e-08  1.83e-07  4305s
 103   1.63695817e+00  1.64277673e+00  4.65e-03 7.48e-08  1.56e-07  4345s
 104   1.63706356e+00  1.64299122e+00  4.61e-03 7.07e-08  1.52e-07  4378s
 105   1.63718616e+00  1.64339648e+00  4.55e-03 6.59e-08  1.45e-07  4413s
 106   1.63731639e+00  1.64364831e+00  4.50e-03 6.30e-08  1.41e-07  4457s
 107   1.63735703e+00  1.64398857e+00  4.49e-03 5.99e-08  1.37e-07  4487s
 108   1.63736773e+00  1.64407979e+00  4.48e-03 5.76e-08  1.36e-07  4522s
 109   1.63738562e+00  1.64444349e+00  4.47e-03 5.27e-08  1.32e-07  4557s
 110   1.63749957e+00  1.64472379e+00  4.43e-03 5.04e-08  1.28e-07  4581s
 111   1.63753985e+00  1.64477761e+00  4.41e-03 4.95e-08  1.27e-07  4602s
 112   1.63755999e+00  1.64505003e+00  4.40e-03 5.03e-08  1.24e-07  4631s
 113   1.63762754e+00  1.64515923e+00  4.38e-03 4.82e-08  1.23e-07  4647s
 114   1.63767269e+00  1.64521524e+00  4.36e-03 4.68e-08  1.22e-07  4684s
 115   1.63770674e+00  1.64526312e+00  4.34e-03 4.58e-08  1.21e-07  4711s
 116   1.63771600e+00  1.64528901e+00  4.34e-03 4.56e-08  1.21e-07  4735s
 117   1.63776949e+00  1.64535860e+00  4.32e-03 4.22e-08  1.20e-07  4759s
 118   1.63789705e+00  1.64584752e+00  4.27e-03 4.15e-08  1.15e-07  4798s
 119   1.63791523e+00  1.64585959e+00  4.26e-03 4.18e-08  1.14e-07  4820s
 120   1.63794510e+00  1.64604941e+00  4.25e-03 4.02e-08  1.12e-07  4862s
 121   1.63795166e+00  1.64615860e+00  4.25e-03 3.79e-08  1.10e-07  4896s
 122   1.63797339e+00  1.64616541e+00  4.24e-03 3.78e-08  1.10e-07  4922s
 123   1.63803944e+00  1.64624735e+00  4.21e-03 3.65e-08  1.09e-07  4968s
 124   1.63807651e+00  1.64678930e+00  4.19e-03 2.79e-08  1.04e-07  5030s
 125   1.63807437e+00  1.64678932e+00  4.20e-03 2.79e-08  1.04e-07  5053s
 126   1.63809009e+00  1.64684294e+00  4.19e-03 2.79e-08  1.03e-07  5088s
 127   1.63809231e+00  1.64685562e+00  4.19e-03 2.67e-08  1.02e-07  5121s
 128   1.63810571e+00  1.64693475e+00  4.18e-03 2.24e-08  1.01e-07  5150s
 129   1.63811241e+00  1.64693940e+00  4.18e-03 2.24e-08  1.01e-07  5176s
 130   1.63816916e+00  1.64695928e+00  4.16e-03 2.16e-08  1.00e-07  5205s
 131   1.63818084e+00  1.64700002e+00  4.15e-03 2.04e-08  9.97e-08  5252s
 132   1.63822436e+00  1.64702512e+00  4.13e-03 1.97e-08  9.90e-08  5277s
 133   1.63822573e+00  1.64702552e+00  4.13e-03 1.97e-08  9.90e-08  5312s
 134   1.63822686e+00  1.64706037e+00  4.13e-03 1.88e-08  9.85e-08  5359s
 135   1.63823856e+00  1.64707803e+00  4.13e-03 1.84e-08  9.81e-08  5390s
 136   1.63823934e+00  1.64707806e+00  4.13e-03 1.84e-08  9.81e-08  5411s
 137   1.63828834e+00  1.64712543e+00  4.11e-03 1.80e-08  9.74e-08  5443s
 138   1.63830893e+00  1.64717362e+00  4.10e-03 1.94e-08  9.66e-08  5465s
 139   1.63839151e+00  1.64720832e+00  4.06e-03 1.84e-08  9.55e-08  5496s
 140   1.63839150e+00  1.64720827e+00  4.06e-03 1.84e-08  9.55e-08  5526s
 141   1.63850455e+00  1.64722564e+00  4.02e-03 1.77e-08  9.43e-08  5554s
 142   1.63850960e+00  1.64722948e+00  4.01e-03 1.72e-08  9.42e-08  5596s
 143   1.63861268e+00  1.64726625e+00  3.97e-03 1.59e-08  9.29e-08  5628s
 144   1.63864435e+00  1.64729687e+00  3.96e-03 1.65e-08  9.22e-08  5661s
 145   1.63867736e+00  1.64737889e+00  3.94e-03 1.59e-08  9.11e-08  5695s
 146   1.63868350e+00  1.64739145e+00  3.94e-03 1.67e-08  9.07e-08  5729s
 147   1.63869900e+00  1.64740596e+00  3.93e-03 1.58e-08  9.03e-08  5758s
 148   1.63869861e+00  1.64740668e+00  3.93e-03 1.60e-08  9.04e-08  5785s
 149   1.63872895e+00  1.64741696e+00  3.92e-03 1.49e-08  9.00e-08  5808s
 150   1.63873607e+00  1.64741910e+00  3.92e-03 1.52e-08  8.99e-08  5843s
 151   1.63874967e+00  1.64744001e+00  3.91e-03 1.53e-08  8.95e-08  5891s
 152   1.63875102e+00  1.64743995e+00  3.91e-03 1.54e-08  8.94e-08  5916s
 153   1.63875111e+00  1.64743973e+00  3.91e-03 1.54e-08  8.94e-08  5945s
 154   1.63876924e+00  1.64746870e+00  3.91e-03 1.51e-08  8.88e-08  5977s
 155   1.63879057e+00  1.64749666e+00  3.90e-03 1.45e-08  8.81e-08  6013s
 156   1.63889488e+00  1.64750572e+00  3.85e-03 1.43e-08  8.71e-08  6048s
 157   1.63890673e+00  1.64751301e+00  3.85e-03 1.32e-08  8.69e-08  6071s
 158   1.63899392e+00  1.64751774e+00  3.81e-03 1.24e-08  8.60e-08  6102s
 159   1.63899665e+00  1.64751905e+00  3.81e-03 1.24e-08  8.59e-08  6129s
 160   1.63901857e+00  1.64752155e+00  3.80e-03 1.23e-08  8.57e-08  6153s
 161   1.63901944e+00  1.64752385e+00  3.80e-03 1.22e-08  8.57e-08  6178s
 162   1.63910140e+00  1.64752620e+00  3.77e-03 1.22e-08  8.50e-08  6207s
 163   1.63910505e+00  1.64754357e+00  3.76e-03 1.20e-08  8.46e-08  6243s
 164   1.63910706e+00  1.64754415e+00  3.76e-03 1.19e-08  8.46e-08  6274s
 165   1.63914434e+00  1.64755377e+00  3.75e-03 1.18e-08  8.41e-08  6299s
 166   1.63914646e+00  1.64755400e+00  3.75e-03 1.18e-08  8.41e-08  6327s
 167   1.63916402e+00  1.64755945e+00  3.74e-03 1.20e-08  8.39e-08  6353s
 168   1.63917988e+00  1.64756337e+00  3.73e-03 1.16e-08  8.37e-08  6379s
 169   1.63919821e+00  1.64757998e+00  3.73e-03 1.13e-08  8.34e-08  6413s
 170   1.63920050e+00  1.64758427e+00  3.72e-03 1.12e-08  8.33e-08  6441s
 171   1.63920766e+00  1.64759002e+00  3.72e-03 1.17e-08  8.32e-08  6463s
 172   1.63921053e+00  1.64759220e+00  3.72e-03 1.15e-08  8.31e-08  6500s
 173   1.63921533e+00  1.64760281e+00  3.72e-03 1.20e-08  8.30e-08  6524s
 174   1.63921556e+00  1.64760423e+00  3.72e-03 1.20e-08  8.29e-08  6551s
 175   1.63930182e+00  1.64761157e+00  3.68e-03 1.19e-08  8.21e-08  6594s
 176   1.63930215e+00  1.64761160e+00  3.68e-03 1.19e-08  8.21e-08  6622s
 177   1.63931644e+00  1.64761534e+00  3.68e-03 1.20e-08  8.19e-08  6642s
 178   1.63935896e+00  1.64762197e+00  3.66e-03 1.19e-08  8.14e-08  6682s
 179   1.63935939e+00  1.64762205e+00  3.66e-03 1.19e-08  8.14e-08  6708s
 180   1.63936319e+00  1.64762467e+00  3.66e-03 1.19e-08  8.13e-08  6739s
 181   1.63937393e+00  1.64763095e+00  3.65e-03 1.12e-08  8.11e-08  6773s
 182   1.63937626e+00  1.64763311e+00  3.65e-03 1.12e-08  8.10e-08  6801s
 183   1.63938344e+00  1.64764679e+00  3.65e-03 1.12e-08  8.07e-08  6834s
 184   1.63941947e+00  1.64765134e+00  3.63e-03 1.12e-08  8.03e-08  6856s
 185   1.63944975e+00  1.64765531e+00  3.62e-03 1.13e-08  8.00e-08  6890s
 186   1.63945541e+00  1.64765890e+00  3.62e-03 1.14e-08  7.99e-08  6923s
 187   1.63945662e+00  1.64766066e+00  3.62e-03 1.12e-08  7.98e-08  6966s
 188   1.63946766e+00  1.64766376e+00  3.61e-03 1.12e-08  7.97e-08  6987s
 189   1.63947055e+00  1.64766859e+00  3.61e-03 1.12e-08  7.96e-08  7049s
 190   1.63947105e+00  1.64766877e+00  3.61e-03 1.12e-08  7.96e-08  7080s
 191   1.63947667e+00  1.64767106e+00  3.61e-03 1.10e-08  7.95e-08  7119s
 192   1.63949364e+00  1.64776849e+00  3.60e-03 9.53e-09  7.88e-08  7158s
 193   1.63969409e+00  1.64778129e+00  3.52e-03 8.69e-09  7.65e-08  7188s
 194   1.63970959e+00  1.64778445e+00  3.51e-03 8.64e-09  7.64e-08  7213s
 195   1.63972878e+00  1.64778699e+00  3.50e-03 9.25e-09  7.61e-08  7253s
 196   1.63982041e+00  1.64779848e+00  3.46e-03 8.71e-09  7.48e-08  7285s
 197   1.63982811e+00  1.64779922e+00  3.46e-03 8.83e-09  7.47e-08  7309s
 198   1.63982824e+00  1.64779919e+00  3.46e-03 8.76e-09  7.47e-08  7331s
 199   1.63983266e+00  1.64780060e+00  3.46e-03 9.48e-09  7.46e-08  7374s
 200   1.63983069e+00  1.64780079e+00  3.46e-03 9.55e-09  7.47e-08  7402s
 201   1.64004432e+00  1.64780297e+00  3.37e-03 9.13e-09  7.31e-08  7421s
 202   1.64004449e+00  1.64780303e+00  3.37e-03 9.14e-09  7.31e-08  7443s
 203   1.64004838e+00  1.64780487e+00  3.37e-03 9.17e-09  7.30e-08  7468s
 204   1.64004839e+00  1.64780487e+00  3.37e-03 8.98e-09  7.30e-08  7496s
 205   1.64004887e+00  1.64780789e+00  3.37e-03 9.38e-09  7.28e-08  7522s
 206   1.64012366e+00  1.64780956e+00  3.34e-03 9.25e-09  7.22e-08  7546s
 207   1.64012374e+00  1.64780959e+00  3.34e-03 9.18e-09  7.21e-08  7566s
 208   1.64013547e+00  1.64782182e+00  3.33e-03 8.97e-09  7.17e-08  7603s
 209   1.64013561e+00  1.64782184e+00  3.33e-03 8.97e-09  7.17e-08  7627s
 210   1.64013956e+00  1.64782298e+00  3.33e-03 9.50e-09  7.17e-08  7669s
 211   1.64027753e+00  1.64782423e+00  3.27e-03 1.05e-08  7.05e-08  7691s
 212   1.64028165e+00  1.64782529e+00  3.27e-03 1.02e-08  7.04e-08  7755s
 213   1.64028503e+00  1.64782580e+00  3.27e-03 1.07e-08  7.03e-08  7777s
 214   1.64030524e+00  1.64782686e+00  3.26e-03 1.10e-08  7.01e-08  7815s
 215   1.64034088e+00  1.64782770e+00  3.24e-03 1.17e-08  6.97e-08  7848s
 216   1.64034101e+00  1.64782773e+00  3.24e-03 1.18e-08  6.97e-08  7875s
 217   1.64038062e+00  1.64782849e+00  3.23e-03 1.18e-08  6.93e-08  7909s
 218   1.64050002e+00  1.64782930e+00  3.18e-03 1.13e-08  6.82e-08  7959s
 219   1.64057994e+00  1.64783069e+00  3.14e-03 1.08e-08  6.72e-08  7983s
 220   1.64057859e+00  1.64783104e+00  3.14e-03 1.08e-08  6.72e-08  8009s
 221   1.64057874e+00  1.64783089e+00  3.14e-03 1.08e-08  6.72e-08  8035s
 222   1.64058354e+00  1.64783150e+00  3.14e-03 1.08e-08  6.71e-08  8092s
 223   1.64058397e+00  1.64783151e+00  3.14e-03 1.05e-08  6.71e-08  8120s
 224   1.64058579e+00  1.64783211e+00  3.14e-03 1.07e-08  6.71e-08  8164s
 225   1.64058686e+00  1.64783219e+00  3.14e-03 1.08e-08  6.71e-08  8204s
 226   1.64058854e+00  1.64783277e+00  3.14e-03 1.22e-08  6.70e-08  8229s
 227   1.64059064e+00  1.64783281e+00  3.14e-03 1.22e-08  6.70e-08  8252s
 228   1.64061564e+00  1.64783330e+00  3.13e-03 1.27e-08  6.67e-08  8273s
 229   1.64062962e+00  1.64783338e+00  3.12e-03 1.28e-08  6.66e-08  8300s
 230   1.64067177e+00  1.64783361e+00  3.10e-03 1.24e-08  6.62e-08  8340s
 231   1.64067272e+00  1.64783425e+00  3.10e-03 1.30e-08  6.61e-08  8415s
 232   1.64067309e+00  1.64783416e+00  3.10e-03 1.31e-08  6.61e-08  8444s
 233   1.64067689e+00  1.64783445e+00  3.10e-03 1.30e-08  6.60e-08  8469s
 234   1.64084684e+00  1.64783703e+00  3.03e-03 1.30e-08  6.47e-08  8510s
 235   1.64084728e+00  1.64783716e+00  3.03e-03 1.28e-08  6.47e-08  8549s
 236   1.64088468e+00  1.64783762e+00  3.01e-03 1.31e-08  6.43e-08  8578s
 237   1.64141060e+00  1.64783856e+00  2.79e-03 1.21e-08  6.00e-08  8610s
 238   1.64141147e+00  1.64783822e+00  2.78e-03 1.20e-08  5.99e-08  8651s
 239   1.64141259e+00  1.64783832e+00  2.78e-03 1.24e-08  5.99e-08  8676s
 240   1.64142204e+00  1.64783855e+00  2.78e-03 1.25e-08  5.97e-08  8700s
 241   1.64142308e+00  1.64783844e+00  2.78e-03 1.25e-08  5.97e-08  8740s
 242   1.64142310e+00  1.64783841e+00  2.78e-03 1.25e-08  5.97e-08  8765s
 243   1.64142329e+00  1.64783827e+00  2.78e-03 1.25e-08  5.97e-08  8789s
 244   1.64143181e+00  1.64783778e+00  2.78e-03 1.21e-08  5.95e-08  8813s
 245   1.64147262e+00  1.64783847e+00  2.76e-03 1.23e-08  5.91e-08  8834s
 246   1.64153065e+00  1.64783836e+00  2.73e-03 1.17e-08  5.86e-08  8850s
 247   1.64175024e+00  1.64783633e+00  2.64e-03 1.14e-08  5.65e-08  8885s
 248   1.64175032e+00  1.64783600e+00  2.64e-03 1.13e-08  5.65e-08  8906s
 249   1.64175666e+00  1.64783571e+00  2.63e-03 1.16e-08  5.64e-08  8936s
 250   1.64175682e+00  1.64783553e+00  2.63e-03 1.15e-08  5.64e-08  8959s
 251   1.64175688e+00  1.64783550e+00  2.63e-03 1.16e-08  5.64e-08  9000s
 252   1.64175747e+00  1.64783487e+00  2.63e-03 1.11e-08  5.64e-08  9039s
 253   1.64177064e+00  1.64783445e+00  2.63e-03 1.16e-08  5.62e-08  9066s
 254   1.64177064e+00  1.64783438e+00  2.63e-03 1.16e-08  5.62e-08  9096s
 255   1.64177087e+00  1.64783425e+00  2.63e-03 1.10e-08  5.62e-08  9125s
 256   1.64177851e+00  1.64783422e+00  2.62e-03 1.10e-08  5.62e-08  9143s
 257   1.64178649e+00  1.64783232e+00  2.62e-03 1.07e-08  5.60e-08  9171s
 258   1.64178673e+00  1.64783187e+00  2.62e-03 1.07e-08  5.59e-08  9200s
 259   1.64178694e+00  1.64783168e+00  2.62e-03 1.06e-08  5.59e-08  9237s
 260   1.64182237e+00  1.64783134e+00  2.61e-03 1.04e-08  5.56e-08  9270s
 261   1.64183219e+00  1.64783069e+00  2.60e-03 1.10e-08  5.55e-08  9297s
 262   1.64183761e+00  1.64782915e+00  2.60e-03 1.10e-08  5.54e-08  9331s
 263   1.64184864e+00  1.64782916e+00  2.59e-03 1.23e-08  5.52e-08  9392s
 264   1.64185320e+00  1.64782888e+00  2.59e-03 1.24e-08  5.51e-08  9433s
 265   1.64185791e+00  1.64782740e+00  2.59e-03 1.17e-08  5.50e-08  9476s
 266   1.64186082e+00  1.64782535e+00  2.59e-03 1.02e-08  5.49e-08  9499s
 267   1.64188426e+00  1.64782464e+00  2.58e-03 1.05e-08  5.47e-08  9518s
 268   1.64188538e+00  1.64782447e+00  2.58e-03 1.06e-08  5.47e-08  9542s
 269   1.64188864e+00  1.64782402e+00  2.58e-03 1.07e-08  5.47e-08  9574s
 270   1.64188864e+00  1.64782388e+00  2.58e-03 1.08e-08  5.47e-08  9606s
 271   1.64189399e+00  1.64782487e+00  2.57e-03 1.08e-08  5.46e-08  9639s
 272   1.64189409e+00  1.64782442e+00  2.57e-03 1.13e-08  5.46e-08  9670s
 273   1.64189452e+00  1.64782429e+00  2.57e-03 1.12e-08  5.46e-08  9714s
 274   1.64189618e+00  1.64782413e+00  2.57e-03 1.12e-08  5.45e-08  9770s
 275   1.64190120e+00  1.64782464e+00  2.57e-03 1.09e-08  5.45e-08  9806s
 276   1.64190709e+00  1.64782387e+00  2.57e-03 1.11e-08  5.44e-08  9830s
 277   1.64192112e+00  1.64782323e+00  2.56e-03 1.12e-08  5.43e-08  9853s
 278   1.64192409e+00  1.64782287e+00  2.56e-03 1.12e-08  5.42e-08  9877s
 279   1.64192506e+00  1.64782272e+00  2.56e-03 1.13e-08  5.42e-08  9905s
 280   1.64192566e+00  1.64782276e+00  2.56e-03 1.11e-08  5.42e-08  9926s
 281   1.64192722e+00  1.64782245e+00  2.56e-03 1.14e-08  5.42e-08  9955s
 282   1.64192763e+00  1.64782242e+00  2.56e-03 1.13e-08  5.42e-08  9984s
 283   1.64193498e+00  1.64782157e+00  2.56e-03 1.11e-08  5.41e-08  10026s
 284   1.64193617e+00  1.64782122e+00  2.56e-03 1.13e-08  5.41e-08  10049s
 285   1.64193707e+00  1.64782172e+00  2.56e-03 1.14e-08  5.41e-08  10073s
 286   1.64193744e+00  1.64782140e+00  2.56e-03 1.15e-08  5.40e-08  10109s
 287   1.64193746e+00  1.64782139e+00  2.56e-03 1.20e-08  5.40e-08  10135s
 288   1.64195634e+00  1.64782118e+00  2.55e-03 1.22e-08  5.39e-08  10171s
 289   1.64197932e+00  1.64782048e+00  2.54e-03 1.19e-08  5.36e-08  10204s
 290   1.64198643e+00  1.64781771e+00  2.53e-03 1.18e-08  5.35e-08  10249s
 291   1.64198719e+00  1.64781721e+00  2.53e-03 1.16e-08  5.35e-08  10292s
 292   1.64199039e+00  1.64781707e+00  2.53e-03 1.21e-08  5.35e-08  10344s
 293   1.64200229e+00  1.64781647e+00  2.53e-03 1.24e-08  5.33e-08  10364s
 294   1.64200865e+00  1.64781597e+00  2.52e-03 1.26e-08  5.33e-08  10393s
 295   1.64201128e+00  1.64781591e+00  2.52e-03 1.28e-08  5.33e-08  10419s
 296   1.64201128e+00  1.64781597e+00  2.52e-03 1.26e-08  5.33e-08  10449s
 297   1.64201241e+00  1.64781584e+00  2.52e-03 1.25e-08  5.32e-08  10473s
 298   1.64201245e+00  1.64781570e+00  2.52e-03 1.30e-08  5.32e-08  10504s
 299   1.64201262e+00  1.64781568e+00  2.52e-03 1.30e-08  5.32e-08  10529s
 300   1.64201282e+00  1.64781571e+00  2.52e-03 1.30e-08  5.32e-08  10564s
 301   1.64204164e+00  1.64781530e+00  2.51e-03 1.30e-08  5.30e-08  10595s
 302   1.64204128e+00  1.64781587e+00  2.51e-03 1.30e-08  5.30e-08  10621s
 303   1.64204150e+00  1.64781607e+00  2.51e-03 1.32e-08  5.30e-08  10663s
 304   1.64204252e+00  1.64781566e+00  2.51e-03 1.31e-08  5.30e-08  10697s
 305   1.64204224e+00  1.64781609e+00  2.51e-03 1.21e-08  5.30e-08  10718s
 306   1.64204260e+00  1.64781565e+00  2.51e-03 1.19e-08  5.30e-08  10747s
 307   1.64204347e+00  1.64781560e+00  2.51e-03 1.21e-08  5.30e-08  10770s
 308   1.64204539e+00  1.64781481e+00  2.51e-03 1.22e-08  5.29e-08  10791s
 309   1.64204543e+00  1.64781469e+00  2.51e-03 1.21e-08  5.29e-08  10820s
 310   1.64204623e+00  1.64781447e+00  2.51e-03 1.18e-08  5.29e-08  10847s

Barrier performed 310 iterations in 10847.02 seconds (6421.89 work units)
Sub-optimal termination - objective 1.64204623e+00

