Set parameter Username
Academic license - for non-commercial use only - expires 2027-02-09
Set parameter Threads to value 4
Set parameter Method to value 2
Set parameter BarOrder to value 1
Set parameter BarHomogeneous to value 1
Set parameter NumericFocus to value 2
Set parameter Crossover to value 0
Gurobi Optimizer version 9.5.1 build v9.5.1rc2 (linux64)
Thread count: 32 physical cores, 64 logical processors, using up to 4 threads
Optimize a model with 2348981 rows, 1445630 columns and 16532779 nonzeros
Model fingerprint: 0x9a10fb1b
Coefficient statistics:
  Matrix range     [7e-05, 3e+00]
  Objective range  [1e+00, 1e+00]
  Bounds range     [0e+00, 0e+00]
  RHS range        [1e-03, 1e+00]
Presolve removed 1074737 rows and 1210000 columns (presolve time = 5s) ...
Presolve removed 1222211 rows and 1253769 columns (presolve time = 10s) ...
Presolve removed 1222211 rows and 1253769 columns
Presolve time: 10.55s
Presolved: 1126770 rows, 191861 columns, 8106873 nonzeros
Ordering time: 1.15s

Barrier statistics:
 Dense cols : 215
 AA' NZ     : 1.895e+07
 Factor NZ  : 2.642e+07 (roughly 800 MB of memory)
 Factor Ops : 1.351e+09 (less than 1 second per iteration)
 Threads    : 4

                  Objective                Residual
Iter       Primal          Dual         Primal    Dual     Compl     Time
   0   3.28512780e+00  1.25000000e+02  1.37e+07 6.25e-02  1.00e+06   401s
   1   6.28081010e+00  1.47784635e+06  1.16e+07 6.73e+02  8.22e+05   403s
   2   6.14682150e+00  1.72259461e+06  9.16e+06 2.74e+02  4.66e+05   405s
   3   2.93110295e+01  2.08709965e+06  5.92e+06 1.68e+02  2.99e+05   408s
   4   2.27449463e+01  1.32977862e+06  3.06e+06 1.09e+02  1.14e+05   411s
   5   8.27514549e+00  6.50702258e+04  5.19e+05 5.44e+00  1.61e+03   413s
   6   6.19552116e+00  2.34856126e+04  2.43e+05 1.94e+00  3.58e+02   416s
   7   4.87685203e+00  1.05812501e+04  1.29e+05 8.36e-01  1.11e+02   418s
   8   4.04288251e+00  3.72733243e+03  5.94e+04 2.87e-01  2.87e+01   422s
   9   3.68682961e+00  1.46153416e+03  3.27e+04 1.11e-01  1.08e+01   425s
  10   3.30282015e+00  7.19171491e+02  1.92e+04 5.34e-02  5.49e+00   428s
  11   3.00503303e+00  5.19811595e+02  1.42e+04 4.28e-02  4.16e+00   430s
  12   2.85745397e+00  4.46700047e+02  1.08e+04 3.83e-02  3.27e+00   432s
  13   2.87667449e+00  3.67241073e+02  8.72e+03 3.20e-02  2.61e+00   435s
  14   2.90982083e+00  2.02854074e+02  4.86e+03 1.75e-02  1.39e+00   437s
  15   2.96970113e+00  1.15514558e+02  2.69e+03 9.81e-03  7.54e-01   440s
  16   3.02159559e+00  4.93341934e+01  9.05e+02 4.01e-03  2.53e-01   444s
  17   3.07543198e+00  2.67917184e+01  5.65e+02 2.04e-03  1.38e-01   448s
  18   3.10147168e+00  1.82384747e+01  4.21e+02 1.29e-03  9.02e-02   450s
  19   3.12829613e+00  1.44346929e+01  2.22e+02 9.55e-04  4.50e-02   453s
  20   3.09063875e+00  1.31456372e+01  1.76e+02 8.46e-04  3.51e-02   457s
  21   2.85740650e+00  1.02675644e+01  1.48e+02 6.24e-04  2.65e-02   461s
  22   2.49132300e+00  6.08093982e+00  1.04e+02 3.22e-04  1.29e-02   466s
  23   1.76689082e+00  3.16278903e+00  2.22e+01 1.11e-04  1.64e-03   470s
  24   1.62738131e+00  2.34615829e+00  6.75e+00 5.31e-05  4.25e-04   475s
  25   1.58456679e+00  1.97975660e+00  2.89e+00 2.85e-05  1.79e-04   479s
  26   1.56220783e+00  1.88120666e+00  1.81e+00 2.23e-05  1.27e-04   482s
  27   1.54707477e+00  1.81792145e+00  1.38e+00 1.87e-05  1.05e-04   485s
  28   1.53424075e+00  1.77582633e+00  1.11e+00 1.64e-05  9.08e-05   487s
  29   1.51874624e+00  1.72078063e+00  7.55e-01 1.34e-05  7.17e-05   490s
  30   1.51926567e+00  1.66204351e+00  5.91e-01 9.39e-06  4.99e-05   494s
  31   1.52259847e+00  1.64612937e+00  3.56e-01 7.88e-06  3.84e-05   499s
  32   1.53494775e+00  1.62890486e+00  2.25e-01 6.12e-06  2.74e-05   505s
  33   1.54700727e+00  1.61778269e+00  1.69e-01 4.52e-06  1.95e-05   510s
  34   1.55341078e+00  1.61494705e+00  1.40e-01 3.99e-06  1.68e-05   516s
  35   1.56268782e+00  1.61281236e+00  1.11e-01 3.59e-06  1.45e-05   523s
  36   1.56851375e+00  1.61329636e+00  9.43e-02 2.84e-06  1.15e-05   529s
  37   1.57965995e+00  1.61352886e+00  7.51e-02 2.39e-06  9.47e-06   536s
  38   1.58502009e+00  1.61552690e+00  6.52e-02 1.94e-06  7.64e-06   543s
  39   1.59159712e+00  1.61620644e+00  5.60e-02 1.86e-06  7.12e-06   551s
  40   1.59363630e+00  1.61723383e+00  5.27e-02 1.74e-06  6.59e-06   557s
  41   1.59505433e+00  1.61817707e+00  4.99e-02 1.64e-06  6.23e-06   565s
  42   1.60092192e+00  1.61932815e+00  4.18e-02 1.49e-06  5.50e-06   571s
  43   1.60544943e+00  1.61953569e+00  3.47e-02 1.47e-06  5.19e-06   578s
  44   1.61060716e+00  1.62053013e+00  2.80e-02 1.38e-06  4.70e-06   586s
  45   1.61795417e+00  1.62699932e+00  2.03e-02 8.86e-07  3.08e-06   595s
  46   1.62828876e+00  1.63112324e+00  1.25e-02 6.76e-07  2.22e-06   602s
  47   1.63399590e+00  1.63522691e+00  8.24e-03 4.87e-07  1.55e-06   612s
  48   1.63700836e+00  1.63827202e+00  4.93e-03 2.87e-07  8.81e-07   624s
  49   1.64205438e+00  1.64070878e+00  2.55e-03 2.11e-07  5.52e-07   637s
  50   1.64407696e+00  1.64294295e+00  1.60e-03 1.40e-07  3.51e-07   651s
  51   1.64443020e+00  1.64403022e+00  1.43e-03 1.08e-07  2.79e-07   658s
  52   1.64500400e+00  1.64452287e+00  1.14e-03 9.20e-08  2.32e-07   675s
  53   1.64565123e+00  1.64526776e+00  8.05e-04 6.87e-08  1.69e-07   682s
  54   1.64567093e+00  1.64530598e+00  7.95e-04 6.74e-08  1.66e-07   689s
  55   1.64569246e+00  1.64554267e+00  7.85e-04 6.15e-08  1.50e-07   701s
  56   1.64572645e+00  1.64561810e+00  7.68e-04 5.98e-08  1.44e-07   708s
  57   1.64582311e+00  1.64575221e+00  7.20e-04 5.50e-08  1.33e-07   716s
  58   1.64596462e+00  1.64609424e+00  6.48e-04 4.15e-08  1.07e-07   727s
  59   1.64608947e+00  1.64621014e+00  5.84e-04 3.74e-08  9.59e-08   738s
  60   1.64610841e+00  1.64623697e+00  5.74e-04 3.67e-08  9.36e-08   745s
  61   1.64616970e+00  1.64629781e+00  5.43e-04 3.38e-08  8.79e-08   751s
  62   1.64630803e+00  1.64638732e+00  4.72e-04 3.08e-08  7.82e-08   761s
  63   1.64645666e+00  1.64653827e+00  3.95e-04 2.55e-08  6.42e-08   770s
  64   1.64649101e+00  1.64661369e+00  3.77e-04 2.29e-08  5.85e-08   777s
  65   1.64649234e+00  1.64661459e+00  3.76e-04 2.29e-08  5.84e-08   784s
  66   1.64649316e+00  1.64661502e+00  3.76e-04 2.29e-08  5.84e-08   789s
  67   1.64649861e+00  1.64663816e+00  3.73e-04 2.21e-08  5.31e-08   797s
  68   1.64650305e+00  1.64667339e+00  3.71e-04 2.08e-08  5.03e-08   806s
  69   1.64650368e+00  1.64667593e+00  3.71e-04 2.08e-08  5.02e-08   812s
  70   1.64650415e+00  1.64668058e+00  3.70e-04 2.07e-08  5.00e-08   820s
  71   1.64650448e+00  1.64668196e+00  3.70e-04 2.06e-08  4.99e-08   827s
  72   1.64650765e+00  1.64671755e+00  3.69e-04 1.89e-08  4.79e-08   835s
  73   1.64651031e+00  1.64674753e+00  3.67e-04 1.78e-08  4.62e-08   843s
  74   1.64651486e+00  1.64677941e+00  3.65e-04 1.67e-08  4.43e-08   857s
  75   1.64651500e+00  1.64677953e+00  3.65e-04 1.68e-08  4.43e-08   863s
  76   1.64651533e+00  1.64683172e+00  3.65e-04 1.48e-08  4.15e-08   880s
  77   1.64653294e+00  1.64687355e+00  3.56e-04 1.39e-08  3.87e-08   885s
  78   1.64653826e+00  1.64690830e+00  3.53e-04 1.25e-08  3.66e-08   895s
  79   1.64654079e+00  1.64691723e+00  3.52e-04 1.23e-08  3.60e-08   903s
  80   1.64654575e+00  1.64693406e+00  3.49e-04 1.16e-08  3.49e-08   910s
  81   1.64654827e+00  1.64698573e+00  3.48e-04 9.85e-09  3.20e-08   918s
  82   1.64655468e+00  1.64701046e+00  3.45e-04 8.75e-09  3.02e-08   930s
  83   1.64655858e+00  1.64702198e+00  3.42e-04 8.24e-09  2.94e-08   938s
  84   1.64655858e+00  1.64702199e+00  3.42e-04 8.23e-09  2.94e-08   945s
  85   1.64655863e+00  1.64704449e+00  3.42e-04 8.28e-09  2.80e-08   957s
  86   1.64657201e+00  1.64706127e+00  3.35e-04 7.64e-09  2.67e-08   966s
  87   1.64657899e+00  1.64708160e+00  3.32e-04 6.74e-09  2.52e-08   974s
  88   1.64658772e+00  1.64710262e+00  3.27e-04 5.48e-09  2.37e-08   985s
  89   1.64659195e+00  1.64710935e+00  3.25e-04 5.03e-09  2.32e-08   999s
  90   1.64659281e+00  1.64710994e+00  3.24e-04 5.00e-09  2.31e-08  1006s
  91   1.64660207e+00  1.64711519e+00  3.20e-04 4.90e-09  2.26e-08  1013s
  92   1.64660652e+00  1.64711983e+00  3.17e-04 5.01e-09  2.21e-08  1022s
  93   1.64660781e+00  1.64712614e+00  3.17e-04 4.52e-09  2.17e-08  1034s
  94   1.64661348e+00  1.64713246e+00  3.14e-04 4.18e-09  2.11e-08  1046s
  95   1.64661381e+00  1.64713537e+00  3.13e-04 5.22e-09  2.09e-08  1055s
  96   1.64662572e+00  1.64714443e+00  3.07e-04 4.20e-09  1.98e-08  1067s
  97   1.64662698e+00  1.64714530e+00  3.06e-04 6.39e-09  1.97e-08  1077s
  98   1.64662704e+00  1.64714535e+00  3.06e-04 6.38e-09  1.97e-08  1083s
  99   1.64662723e+00  1.64714544e+00  3.06e-04 6.49e-09  1.97e-08  1093s
 100   1.64662803e+00  1.64715366e+00  3.06e-04 5.09e-09  1.93e-08  1109s
 101   1.64662840e+00  1.64715356e+00  3.05e-04 5.74e-09  1.93e-08  1114s
 102   1.64663563e+00  1.64715451e+00  3.02e-04 5.81e-09  1.90e-08  1125s
 103   1.64663587e+00  1.64715446e+00  3.01e-04 7.31e-09  1.90e-08  1132s
 104   1.64664797e+00  1.64715552e+00  2.95e-04 8.23e-09  1.86e-08  1144s
 105   1.64664799e+00  1.64715551e+00  2.95e-04 8.34e-09  1.86e-08  1152s
 106   1.64664845e+00  1.64715566e+00  2.95e-04 8.89e-09  1.86e-08  1162s
 107   1.64665266e+00  1.64715674e+00  2.92e-04 1.03e-08  1.84e-08  1173s
 108   1.64665803e+00  1.64715740e+00  2.89e-04 1.02e-08  1.82e-08  1182s
 109   1.64665803e+00  1.64715761e+00  2.89e-04 9.71e-09  1.82e-08  1192s
 110   1.64666133e+00  1.64715929e+00  2.88e-04 1.01e-08  1.80e-08  1201s
 111   1.64667646e+00  1.64715924e+00  2.79e-04 1.16e-08  1.75e-08  1209s
 112   1.64669827e+00  1.64715932e+00  2.66e-04 1.33e-08  1.69e-08  1219s
 113   1.64670315e+00  1.64715915e+00  2.63e-04 1.72e-08  1.66e-08  1227s
 114   1.64673625e+00  1.64715922e+00  2.44e-04 1.83e-08  1.56e-08  1236s
 115   1.64675373e+00  1.64716431e+00  2.35e-04 1.71e-08  1.46e-08  1248s
 116   1.64677597e+00  1.64716416e+00  2.23e-04 1.81e-08  1.40e-08  1254s
 117   1.64677655e+00  1.64716418e+00  2.22e-04 1.86e-08  1.39e-08  1265s
 118   1.64677848e+00  1.64716854e+00  2.21e-04 1.64e-08  1.37e-08  1274s
 119   1.64677962e+00  1.64716919e+00  2.21e-04 1.59e-08  1.36e-08  1284s
 120   1.64678167e+00  1.64717031e+00  2.20e-04 1.33e-08  1.35e-08  1294s
 121   1.64678395e+00  1.64717016e+00  2.18e-04 1.50e-08  1.33e-08  1304s
 122   1.64678631e+00  1.64716969e+00  2.17e-04 1.62e-08  1.32e-08  1314s
 123   1.64680983e+00  1.64717067e+00  2.06e-04 1.24e-08  1.27e-08  1322s
 124   1.64681291e+00  1.64717047e+00  2.04e-04 1.34e-08  1.26e-08  1330s
 125   1.64681302e+00  1.64717034e+00  2.04e-04 1.37e-08  1.26e-08  1338s
 126   1.64681386e+00  1.64717076e+00  2.04e-04 1.32e-08  1.25e-08  1346s
 127   1.64681569e+00  1.64717244e+00  2.03e-04 1.37e-08  1.25e-08  1364s
 128   1.64681589e+00  1.64717232e+00  2.03e-04 1.42e-08  1.24e-08  1376s
 129   1.64681642e+00  1.64717289e+00  2.03e-04 1.43e-08  1.24e-08  1390s
 130   1.64681712e+00  1.64717261e+00  2.02e-04 1.59e-08  1.24e-08  1399s
 131   1.64681887e+00  1.64717314e+00  2.01e-04 1.36e-08  1.23e-08  1408s
 132   1.64681943e+00  1.64717268e+00  2.01e-04 1.42e-08  1.23e-08  1415s
 133   1.64681943e+00  1.64717292e+00  2.01e-04 1.36e-08  1.23e-08  1425s
 134   1.64682035e+00  1.64717532e+00  2.00e-04 1.24e-08  1.23e-08  1440s
 135   1.64682160e+00  1.64717501e+00  2.00e-04 1.34e-08  1.22e-08  1453s
 136   1.64682160e+00  1.64717481e+00  2.00e-04 1.39e-08  1.22e-08  1460s
 137   1.64682161e+00  1.64717564e+00  2.00e-04 1.36e-08  1.22e-08  1472s
 138   1.64682161e+00  1.64717564e+00  2.00e-04 1.36e-08  1.22e-08  1477s
 139   1.64682187e+00  1.64717610e+00  1.99e-04 1.40e-08  1.22e-08  1500s
 140   1.64696675e+00  1.64717701e+00  1.55e-04 1.21e-08  1.02e-08  1509s
 141   1.64696772e+00  1.64717760e+00  1.54e-04 1.02e-08  9.99e-09  1519s
 142   1.64696774e+00  1.64717766e+00  1.54e-04 9.85e-09  9.94e-09  1531s
 143   1.64696859e+00  1.64718047e+00  1.54e-04 8.76e-09  9.77e-09  1542s
 144   1.64696905e+00  1.64718027e+00  1.53e-04 9.03e-09  9.66e-09  1554s
 145   1.64696905e+00  1.64718026e+00  1.53e-04 9.03e-09  9.66e-09  1561s
 146   1.64696906e+00  1.64718024e+00  1.53e-04 8.97e-09  9.65e-09  1569s
 147   1.64697142e+00  1.64718617e+00  1.52e-04 6.92e-09  9.37e-09  1576s
 148   1.64697216e+00  1.64718538e+00  1.52e-04 9.00e-09  9.17e-09  1586s
 149   1.64697299e+00  1.64718499e+00  1.51e-04 8.78e-09  9.07e-09  1596s
 150   1.64697383e+00  1.64718422e+00  1.50e-04 1.07e-08  8.91e-09  1605s
 151   1.64697413e+00  1.64718292e+00  1.50e-04 7.33e-09  8.71e-09  1614s
 152   1.64697415e+00  1.64718285e+00  1.50e-04 7.71e-09  8.70e-09  1618s
 153   1.64697516e+00  1.64718509e+00  1.49e-04 7.99e-09  8.60e-09  1631s
 154   1.64697529e+00  1.64718503e+00  1.49e-04 8.24e-09  8.59e-09  1638s
 155   1.64697633e+00  1.64718498e+00  1.49e-04 9.06e-09  8.54e-09  1645s
 156   1.64697636e+00  1.64718491e+00  1.49e-04 9.12e-09  8.53e-09  1652s
 157   1.64697640e+00  1.64718474e+00  1.49e-04 1.12e-08  8.51e-09  1658s
 158   1.64697640e+00  1.64718517e+00  1.49e-04 1.11e-08  8.51e-09  1666s
 159   1.64697669e+00  1.64718495e+00  1.48e-04 1.20e-08  8.48e-09  1672s
 160   1.64697675e+00  1.64718494e+00  1.48e-04 1.20e-08  8.47e-09  1679s
 161   1.64697908e+00  1.64718663e+00  1.47e-04 1.27e-08  8.38e-09  1686s
 162   1.64697995e+00  1.64718612e+00  1.46e-04 1.39e-08  8.30e-09  1694s
 163   1.64698054e+00  1.64718568e+00  1.46e-04 1.51e-08  8.25e-09  1701s
 164   1.64698054e+00  1.64718568e+00  1.46e-04 1.51e-08  8.25e-09  1712s
 165   1.64698057e+00  1.64718568e+00  1.46e-04 1.51e-08  8.25e-09  1720s
 166   1.64698111e+00  1.64718709e+00  1.45e-04 1.65e-08  8.25e-09  1734s
 167   1.64698111e+00  1.64718704e+00  1.45e-04 1.66e-08  8.25e-09  1745s
 168   1.64698222e+00  1.64718682e+00  1.44e-04 1.79e-08  8.18e-09  1755s
 169   1.64698261e+00  1.64718664e+00  1.44e-04 1.83e-08  8.16e-09  1767s
 170   1.64698262e+00  1.64718640e+00  1.44e-04 1.89e-08  8.14e-09  1774s
 171   1.64698303e+00  1.64718581e+00  1.44e-04 1.85e-08  8.10e-09  1782s
 172   1.64698380e+00  1.64718510e+00  1.43e-04 1.92e-08  8.03e-09  1789s
 173   1.64698640e+00  1.64718477e+00  1.41e-04 2.09e-08  7.92e-09  1797s
 174   1.64698641e+00  1.64718434e+00  1.41e-04 2.21e-08  7.89e-09  1806s
 175   1.64698676e+00  1.64718944e+00  1.41e-04 1.79e-08  7.98e-09  1814s
 176   1.64699296e+00  1.64718905e+00  1.36e-04 1.97e-08  7.72e-09  1820s
 177   1.64699396e+00  1.64718820e+00  1.36e-04 2.14e-08  7.65e-09  1825s
 178   1.64699435e+00  1.64718812e+00  1.35e-04 2.15e-08  7.63e-09  1831s
 179   1.64699476e+00  1.64718778e+00  1.35e-04 2.36e-08  7.60e-09  1836s
 180   1.64699476e+00  1.64718778e+00  1.35e-04 2.36e-08  7.60e-09  1844s
 181   1.64699560e+00  1.64718780e+00  1.35e-04 2.10e-08  7.54e-09  1855s
 182   1.64699571e+00  1.64718775e+00  1.34e-04 2.09e-08  7.53e-09  1866s
 183   1.64700889e+00  1.64718733e+00  1.25e-04 1.82e-08  7.02e-09  1873s
 184   1.64700920e+00  1.64718676e+00  1.25e-04 1.94e-08  6.98e-09  1880s
 185   1.64700920e+00  1.64718666e+00  1.25e-04 1.94e-08  6.98e-09  1892s
 186   1.64700923e+00  1.64718661e+00  1.25e-04 1.97e-08  6.98e-09  1899s
 187   1.64700942e+00  1.64718633e+00  1.25e-04 1.27e-08  6.91e-09  1918s
 188   1.64700954e+00  1.64718569e+00  1.25e-04 1.31e-08  6.88e-09  1924s
 189   1.64700955e+00  1.64718569e+00  1.25e-04 1.32e-08  6.88e-09  1932s
 190   1.64700959e+00  1.64718602e+00  1.25e-04 1.50e-08  6.88e-09  1938s
 191   1.64701042e+00  1.64718565e+00  1.24e-04 1.63e-08  6.84e-09  1943s
 192   1.64701051e+00  1.64718536e+00  1.24e-04 1.72e-08  6.83e-09  1951s
 193   1.64701052e+00  1.64718536e+00  1.24e-04 1.77e-08  6.83e-09  1958s
 194   1.64701112e+00  1.64718496e+00  1.23e-04 1.88e-08  6.80e-09  1964s
 195   1.64701244e+00  1.64718494e+00  1.22e-04 1.83e-08  6.74e-09  1973s
 196   1.64701459e+00  1.64718483e+00  1.21e-04 1.63e-08  6.65e-09  1982s
 197   1.64701460e+00  1.64718463e+00  1.21e-04 1.64e-08  6.65e-09  1991s
 198   1.64701470e+00  1.64718383e+00  1.21e-04 1.53e-08  6.62e-09  1997s
 199   1.64701472e+00  1.64718376e+00  1.21e-04 1.53e-08  6.61e-09  2005s
 200   1.64701584e+00  1.64718633e+00  1.20e-04 1.41e-08  6.63e-09  2015s
 201   1.64701628e+00  1.64718558e+00  1.20e-04 1.61e-08  6.59e-09  2029s
 202   1.64701628e+00  1.64718551e+00  1.20e-04 1.65e-08  6.58e-09  2038s
 203   1.64701697e+00  1.64718468e+00  1.19e-04 1.65e-08  6.53e-09  2044s
 204   1.64701777e+00  1.64718384e+00  1.18e-04 1.59e-08  6.48e-09  2050s
 205   1.64701777e+00  1.64718357e+00  1.18e-04 1.64e-08  6.47e-09  2064s
 206   1.64701800e+00  1.64718294e+00  1.18e-04 1.67e-08  6.44e-09  2070s
 207   1.64701807e+00  1.64718287e+00  1.18e-04 1.88e-08  6.44e-09  2078s
 208   1.64701813e+00  1.64718253e+00  1.18e-04 1.93e-08  6.42e-09  2083s
 209   1.64701813e+00  1.64718253e+00  1.18e-04 1.93e-08  6.42e-09  2089s
 210   1.64701865e+00  1.64718288e+00  1.18e-04 1.96e-08  6.41e-09  2097s
 211   1.64701939e+00  1.64718238e+00  1.17e-04 1.93e-08  6.37e-09  2104s
 212   1.64701969e+00  1.64718219e+00  1.17e-04 2.01e-08  6.35e-09  2111s
 213   1.64701969e+00  1.64718220e+00  1.17e-04 2.01e-08  6.35e-09  2118s
 214   1.64701981e+00  1.64718215e+00  1.17e-04 2.01e-08  6.34e-09  2123s
 215   1.64701994e+00  1.64718234e+00  1.17e-04 2.12e-08  6.34e-09  2130s
 216   1.64702052e+00  1.64718088e+00  1.16e-04 1.94e-08  6.28e-09  2138s
 217   1.64702054e+00  1.64718084e+00  1.16e-04 1.94e-08  6.27e-09  2146s
 218   1.64702060e+00  1.64718046e+00  1.16e-04 2.02e-08  6.26e-09  2155s
 219   1.64702060e+00  1.64718045e+00  1.16e-04 2.02e-08  6.26e-09  2167s
 220   1.64702157e+00  1.64718074e+00  1.16e-04 1.32e-08  6.22e-09  2180s
 221   1.64702157e+00  1.64718075e+00  1.18e-02 1.30e-08  6.23e-09  2189s
 222   1.64702947e+00  1.64718042e+00  1.14e-02 1.33e-08  6.07e-09  2204s
 223   1.64702952e+00  1.64718042e+00  1.14e-02 1.33e-08  6.07e-09  2213s
 224   1.64703236e+00  1.64717997e+00  1.11e-02 1.33e-08  5.94e-09  2224s
 225   1.64703357e+00  1.64717970e+00  1.10e-02 1.33e-08  5.88e-09  2231s
 226   1.64703357e+00  1.64717970e+00  1.10e-02 1.33e-08  5.88e-09  2242s
 227   1.64703465e+00  1.64717968e+00  1.10e-02 1.34e-08  5.84e-09  2248s
 228   1.64703932e+00  1.64717851e+00  1.06e-02 1.27e-08  5.62e-09  2259s
 229   1.64706621e+00  1.64717769e+00  8.59e-03 1.04e-08  4.46e-09  2270s
 230   1.64706871e+00  1.64717743e+00  8.38e-03 1.05e-08  4.35e-09  2278s
 231   1.64707866e+00  1.64717718e+00  7.56e-03 1.01e-08  3.94e-09  2285s
 232   1.64707876e+00  1.64717716e+00  7.55e-03 1.03e-08  3.93e-09  2293s
 233   1.64710759e+00  1.64718144e+00  5.51e-03 5.48e-09  3.08e-09  2304s
 234   1.64710820e+00  1.64718061e+00  5.46e-03 6.41e-09  3.04e-09  2311s
 235   1.64710820e+00  1.64718061e+00  5.46e-03 6.42e-09  3.04e-09  2321s
 236   1.64711623e+00  1.64718051e+00  4.75e-03 6.28e-09  2.68e-09  2327s
 237   1.64711802e+00  1.64717945e+00  4.59e-03 5.79e-09  2.57e-09  2336s
 238   1.64711810e+00  1.64717944e+00  4.59e-03 5.78e-09  2.57e-09  2342s
 239   1.64711833e+00  1.64718049e+00  4.57e-03 4.41e-09  2.58e-09  2352s
 240   1.64713326e+00  1.64717825e+00  3.25e-03 3.45e-09  1.87e-09  2363s
 241   1.64713338e+00  1.64717824e+00  3.24e-03 3.47e-09  1.86e-09  2372s
 242   1.64714156e+00  1.64717707e+00  2.73e-03 3.56e-09  1.61e-09  2383s
 243   1.64715584e+00  1.64717438e+00  1.36e-03 2.19e-09  8.52e-10  2396s
 244   1.64715584e+00  1.64717438e+00  1.36e-03 2.19e-09  8.52e-10  2406s
 245   1.64715802e+00  1.64717309e+00  1.22e-03 1.57e-09  7.54e-10  2419s
 246   1.64716291e+00  1.64717145e+00  6.70e-04 9.04e-10  4.31e-10  2429s
 247   1.64716393e+00  1.64717109e+00  5.47e-04 7.72e-10  3.58e-10  2438s
 248   1.64716396e+00  1.64717053e+00  5.45e-04 6.83e-10  3.43e-10  2448s
 249   1.64716396e+00  1.64717053e+00  5.45e-04 6.59e-10  3.43e-10  2455s
 250   1.64716587e+00  1.64717000e+00  4.20e-04 8.87e-10  2.78e-10  2467s
 251   1.64716588e+00  1.64716989e+00  4.18e-04 1.91e-09  2.74e-10  2477s
 252   1.64716588e+00  1.64716983e+00  4.18e-04 2.08e-09  2.72e-10  2483s
 253   1.64716628e+00  1.64716974e+00  3.41e-04 2.21e-09  2.28e-10  2491s
 254   1.64716628e+00  1.64716967e+00  3.41e-04 2.33e-09  2.27e-10  2499s
 255   1.64716872e+00  1.64716984e+00  1.09e-04 1.72e-09  1.23e-10  2513s
 256   1.64716872e+00  1.64716972e+00  1.09e-04 2.53e-09  1.21e-10  2523s
 257   1.64716872e+00  1.64716964e+00  1.09e-04 2.88e-09  1.19e-10  2533s
 258   1.64716872e+00  1.64716961e+00  1.08e-04 2.83e-09  1.17e-10  2540s
 259   1.64716854e+00  1.64716950e+00  8.87e-05 2.68e-09  1.02e-10  2545s
 260   1.64716846e+00  1.64716895e+00  7.91e-05 3.04e-09  8.23e-11  2558s
 261   1.64716838e+00  1.64716884e+00  7.14e-05 1.58e-09  7.46e-11  2565s
 262   1.64716837e+00  1.64716862e+00  6.97e-05 2.18e-09  6.82e-11  2574s
 263   1.64716836e+00  1.64716857e+00  6.83e-05 2.03e-09  6.60e-11  2583s

Barrier solved model in 263 iterations and 2583.08 seconds (1566.19 work units)
Optimal objective 1.64716836e+00

