Set parameter Username
Academic license - for non-commercial use only - expires 2027-02-09
Set parameter Threads to value 4
Set parameter Method to value 2
Set parameter BarOrder to value 1
Set parameter BarHomogeneous to value 1
Set parameter NumericFocus to value 2
Set parameter Crossover to value 0
Gurobi Optimizer version 9.5.1 build v9.5.1rc2 (linux64)
Thread count: 32 physical cores, 64 logical processors, using up to 4 threads
Optimize a model with 1583999 rows, 1008676 columns and 9185859 nonzeros
Model fingerprint: 0x3302d706
Coefficient statistics:
  Matrix range     [1e-04, 3e+00]
  Objective range  [1e+00, 1e+00]
  Bounds range     [0e+00, 0e+00]
  RHS range        [1e-03, 1e+00]
Presolve removed 538639 rows and 853565 columns (presolve time = 5s) ...
Presolve removed 642345 rows and 853566 columns
Presolve time: 7.01s
Presolved: 941654 rows, 155110 columns, 6522040 nonzeros
Ordering time: 0.83s

Barrier statistics:
 Dense cols : 200
 AA' NZ     : 1.531e+07
 Factor NZ  : 2.080e+07 (roughly 600 MB of memory)
 Factor Ops : 9.485e+08 (less than 1 second per iteration)
 Threads    : 4

                  Objective                Residual
Iter       Primal          Dual         Primal    Dual     Compl     Time
   0   3.20066182e+00  6.25000000e+01  1.37e+07 6.25e-02  1.00e+06   256s
   1   7.62603597e+00  8.34484807e+05  1.02e+07 6.12e+02  7.92e+05   258s
   2   1.20045925e+01  1.40448291e+06  8.55e+06 3.10e+02  4.71e+05   260s
   3   4.21894722e+01  1.52845733e+06  4.95e+06 1.33e+02  2.47e+05   262s
   4   3.59035370e+01  4.56313929e+05  1.74e+06 3.42e+01  4.02e+04   265s
   5   2.05118459e+01  1.09139842e+05  5.92e+05 8.65e+00  5.39e+03   266s
   6   1.79565626e+01  6.13806486e+04  3.59e+05 5.06e+00  2.53e+03   268s
   7   1.81429021e+01  1.92821065e+04  2.56e+05 1.53e+00  1.15e+03   271s
   8   2.06828808e+01  1.41779752e+04  2.23e+05 1.17e+00  1.08e+03   274s
   9   2.06966032e+01  1.28037153e+04  2.05e+05 1.15e+00  1.15e+03   276s
  10   1.82687495e+01  1.12918781e+04  1.69e+05 1.12e+00  9.86e+02   278s
  11   1.85287035e+01  9.29013237e+03  1.25e+05 9.04e-01  7.45e+02   279s
  12   1.92687504e+01  4.53081903e+03  7.75e+04 4.38e-01  4.43e+02   282s
  13   2.03745593e+01  1.83864171e+03  5.09e+04 1.75e-01  2.65e+02   285s
  14   2.19775660e+01  9.09246055e+02  3.25e+04 8.38e-02  1.62e+02   287s
  15   2.34511614e+01  5.87655368e+02  2.16e+04 5.53e-02  1.10e+02   289s
  16   2.42821615e+01  3.38933721e+02  1.35e+04 3.00e-02  6.57e+01   292s
  17   2.60234888e+01  2.70879207e+02  1.04e+04 2.21e-02  4.73e+01   294s
  18   2.80098242e+01  2.08409205e+02  5.11e+03 1.50e-02  2.11e+01   297s
  19   2.60862440e+01  1.57448642e+02  3.41e+03 1.01e-02  1.22e+01   301s
  20   2.32831899e+01  1.18797462e+02  2.83e+03 7.12e-03  8.98e+00   304s
  21   1.74052296e+01  9.93340557e+01  2.11e+03 5.76e-03  6.11e+00   307s
  22   9.03083624e+00  6.54609931e+01  1.04e+03 3.42e-03  2.09e+00   311s
  23   1.81102542e+00  1.17878103e+01  3.54e+01 4.96e-04  1.48e-02   315s
  24   1.65253862e+00  7.12926516e+00  1.54e+01 2.71e-04  4.95e-03   319s
  25   1.57682009e+00  5.56175706e+00  6.41e+00 1.97e-04  2.13e-03   322s
  26   1.52511243e+00  4.42802592e+00  3.36e+00 1.43e-04  1.20e-03   326s
  27   1.49432927e+00  3.75072167e+00  1.47e+00 1.10e-04  7.13e-04   329s
  28   1.46543074e+00  3.01544457e+00  8.65e-01 7.54e-05  4.64e-04   332s
  29   1.45635659e+00  2.56217528e+00  6.63e-01 5.39e-05  3.29e-04   334s
  30   1.45044500e+00  2.34790842e+00  4.68e-01 4.37e-05  2.47e-04   337s
  31   1.44762765e+00  2.08533700e+00  3.36e-01 3.11e-05  1.66e-04   340s
  32   1.44963037e+00  1.84579218e+00  2.44e-01 1.95e-05  9.82e-05   343s
  33   1.48514099e+00  1.69276626e+00  8.62e-02 1.15e-05  4.70e-05   348s
  34   1.49480462e+00  1.64798132e+00  6.49e-02 8.30e-06  3.28e-05   353s
  35   1.51104468e+00  1.62202994e+00  4.80e-02 6.35e-06  2.42e-05   358s
  36   1.52384454e+00  1.61518134e+00  3.89e-02 5.61e-06  2.09e-05   363s
  37   1.52874653e+00  1.61031585e+00  3.52e-02 4.88e-06  1.81e-05   368s
  38   1.53482299e+00  1.60840242e+00  3.00e-02 4.46e-06  1.63e-05   375s
  39   1.54041638e+00  1.60847437e+00  2.82e-02 4.02e-06  1.47e-05   384s
  40   1.54391380e+00  1.60719874e+00  2.67e-02 3.30e-06  1.22e-05   393s
  41   1.54684516e+00  1.60776806e+00  2.53e-02 3.09e-06  1.15e-05   401s
  42   1.55216822e+00  1.60788195e+00  2.36e-02 2.91e-06  1.07e-05   411s
  43   1.55929484e+00  1.61001143e+00  2.14e-02 2.42e-06  8.98e-06   421s
  44   1.56968035e+00  1.61520289e+00  1.78e-02 2.04e-06  7.56e-06   432s
  45   1.57518853e+00  1.61778619e+00  1.63e-02 1.76e-06  6.54e-06   446s
  46   1.58596811e+00  1.61814083e+00  1.36e-02 1.72e-06  6.05e-06   457s
  47   1.59711337e+00  1.62339931e+00  1.01e-02 1.30e-06  4.44e-06   476s
  48   1.59958803e+00  1.62610867e+00  9.44e-03 1.12e-06  3.94e-06   494s
  49   1.60966863e+00  1.62653002e+00  7.07e-03 1.08e-06  3.44e-06   518s
  50   1.61429968e+00  1.62983073e+00  6.08e-03 8.82e-07  2.84e-06   533s
  51   1.61835121e+00  1.63000550e+00  5.29e-03 8.70e-07  2.68e-06   551s
  52   1.62343877e+00  1.63105259e+00  4.19e-03 8.04e-07  2.35e-06   559s
  53   1.62665058e+00  1.63208451e+00  3.45e-03 7.42e-07  2.09e-06   566s
  54   1.62875401e+00  1.63338018e+00  2.96e-03 6.69e-07  1.86e-06   573s
  55   1.63208030e+00  1.63394426e+00  2.26e-03 6.36e-07  1.68e-06   581s
  56   1.63457536e+00  1.63951342e+00  1.88e-03 3.78e-07  1.11e-06   587s
  57   1.63474070e+00  1.64113459e+00  1.85e-03 3.03e-07  9.65e-07   596s
  58   1.63675027e+00  1.64382938e+00  1.56e-03 1.82e-07  6.73e-07   603s
  59   1.63966149e+00  1.64575182e+00  1.14e-03 1.14e-07  4.63e-07   612s
  60   1.64056136e+00  1.64658800e+00  1.03e-03 8.29e-08  3.83e-07   618s
  61   1.64123036e+00  1.64743495e+00  9.46e-04 5.08e-08  3.10e-07   626s
  62   1.64206550e+00  1.64780679e+00  8.40e-04 3.56e-08  2.59e-07   634s
  63   1.64229053e+00  1.64793230e+00  8.11e-04 2.94e-08  2.41e-07   640s
  64   1.64239729e+00  1.64813394e+00  7.97e-04 1.92e-08  2.19e-07   647s
  65   1.64242734e+00  1.64817804e+00  7.93e-04 1.64e-08  2.13e-07   651s
  66   1.64275712e+00  1.64823235e+00  7.49e-04 1.25e-08  1.95e-07   657s
  67   1.64279639e+00  1.64825888e+00  7.44e-04 1.05e-08  1.90e-07   663s
  68   1.64279705e+00  1.64825859e+00  7.44e-04 1.04e-08  1.89e-07   669s
  69   1.64282366e+00  1.64826200e+00  7.40e-04 1.03e-08  1.88e-07   675s
  70   1.64289727e+00  1.64828016e+00  7.31e-04 8.12e-09  1.81e-07   681s
  71   1.64292435e+00  1.64828592e+00  7.27e-04 7.15e-09  1.78e-07   685s
  72   1.64293552e+00  1.64828599e+00  7.25e-04 6.10e-09  1.75e-07   693s
  73   1.64296913e+00  1.64828561e+00  7.21e-04 5.76e-09  1.73e-07   698s
  74   1.64306062e+00  1.64828252e+00  7.08e-04 4.71e-09  1.68e-07   703s
  75   1.64306644e+00  1.64827997e+00  7.08e-04 4.26e-09  1.66e-07   708s
  76   1.64309932e+00  1.64827472e+00  7.03e-04 3.61e-09  1.64e-07   713s
  77   1.64319041e+00  1.64826680e+00  6.91e-04 2.97e-09  1.60e-07   718s
  78   1.64324685e+00  1.64825295e+00  6.83e-04 2.07e-09  1.56e-07   725s
  79   1.64335680e+00  1.64823918e+00  6.68e-04 1.59e-09  1.51e-07   731s
  80   1.64341627e+00  1.64822815e+00  6.60e-04 1.29e-09  1.48e-07   737s
  81   1.64342193e+00  1.64822332e+00  6.59e-04 1.41e-09  1.48e-07   744s
  82   1.64345274e+00  1.64821233e+00  6.55e-04 1.15e-09  1.46e-07   751s
  83   1.64349926e+00  1.64820438e+00  6.48e-04 1.31e-09  1.44e-07   758s
  84   1.64351204e+00  1.64819886e+00  6.46e-04 1.31e-09  1.43e-07   764s
  85   1.64354784e+00  1.64819494e+00  6.41e-04 1.23e-09  1.42e-07   769s
  86   1.64355714e+00  1.64819338e+00  6.40e-04 1.12e-09  1.42e-07   776s
  87   1.64355846e+00  1.64818897e+00  6.40e-04 1.09e-09  1.41e-07   783s
  88   1.64363651e+00  1.64818393e+00  6.29e-04 9.78e-10  1.39e-07   790s
  89   1.64379443e+00  1.64818640e+00  6.07e-04 9.44e-10  1.34e-07   796s
  90   1.64444063e+00  1.64818151e+00  5.17e-04 7.68e-10  1.14e-07   800s
  91   1.64444117e+00  1.64817816e+00  5.16e-04 8.64e-10  1.14e-07   809s
  92   1.64445236e+00  1.64821228e+00  5.15e-04 2.26e-09  1.14e-07   814s
  93   1.64446084e+00  1.64820856e+00  5.14e-04 1.59e-09  1.14e-07   820s
  94   1.64450468e+00  1.64819631e+00  5.08e-04 1.47e-09  1.12e-07   825s
  95   1.64450470e+00  1.64819551e+00  5.08e-04 1.38e-09  1.12e-07   831s
  96   1.64450564e+00  1.64821209e+00  5.08e-04 1.43e-09  1.13e-07   838s
  97   1.64451012e+00  1.64820590e+00  5.07e-04 1.40e-09  1.12e-07   843s
  98   1.64451989e+00  1.64818198e+00  5.06e-04 8.20e-10  1.11e-07   848s
  99   1.64456042e+00  1.64817199e+00  5.00e-04 1.04e-09  1.10e-07   854s
 100   1.64457146e+00  1.64815604e+00  4.98e-04 6.70e-10  1.09e-07   860s
 101   1.64458396e+00  1.64813674e+00  4.97e-04 8.84e-10  1.08e-07   868s
 102   1.64459289e+00  1.64812529e+00  4.95e-04 7.14e-10  1.07e-07   876s
 103   1.64459503e+00  1.64812528e+00  4.95e-04 8.48e-10  1.07e-07   883s
 104   1.64459522e+00  1.64812573e+00  4.95e-04 8.19e-10  1.07e-07   889s
 105   1.64459525e+00  1.64812787e+00  4.95e-04 1.01e-09  1.07e-07   899s
 106   1.64460058e+00  1.64814315e+00  4.94e-04 1.54e-09  1.07e-07   916s
 107   1.64460060e+00  1.64814283e+00  4.94e-04 1.52e-09  1.07e-07   928s
 108   1.64460308e+00  1.64814916e+00  4.94e-04 1.08e-09  1.08e-07   935s
 109   1.64460842e+00  1.64814880e+00  4.93e-04 1.22e-09  1.07e-07   944s
 110   1.64460894e+00  1.64830432e+00  4.93e-04 5.65e-10  1.12e-07   955s
 111   1.64462887e+00  1.64821872e+00  4.90e-04 3.57e-10  1.09e-07   964s
 112   1.64648488e+00  1.64813810e+00  2.27e-04 1.35e-10  5.10e-08   973s
 113   1.64648571e+00  1.64812580e+00  2.27e-04 1.41e-10  5.06e-08   977s
 114   1.64645192e+00  1.64812665e+00  3.67e-02 3.49e-08  5.32e-08   982s
 115   1.64667472e+00  1.64824349e+00  3.22e-02 7.92e-09  5.09e-08   986s
 116   1.64707637e+00  1.64815049e+00  2.30e-02 3.63e-09  3.50e-08   990s
 117   1.64739148e+00  1.64810957e+00  1.57e-02 1.75e-09  2.35e-08   996s
 118   1.64747629e+00  1.64810211e+00  1.37e-02 1.75e-09  2.05e-08   999s
 119   1.64751083e+00  1.64808691e+00  1.29e-02 1.20e-09  1.89e-08  1004s
 120   1.64751529e+00  1.64807930e+00  1.28e-02 1.15e-09  1.86e-08  1007s
 121   1.64752166e+00  1.64807268e+00  1.27e-02 7.78e-10  1.82e-08  1011s
 122   1.64752279e+00  1.64806738e+00  1.26e-02 5.34e-10  1.80e-08  1016s
 123   1.64753442e+00  1.64806494e+00  1.23e-02 7.83e-10  1.75e-08  1022s
 124   1.64753483e+00  1.64806211e+00  1.23e-02 8.50e-10  1.74e-08  1028s
 125   1.64755440e+00  1.64805895e+00  1.19e-02 1.30e-09  1.67e-08  1034s
 126   1.64755677e+00  1.64805780e+00  1.18e-02 1.11e-09  1.66e-08  1041s
 127   1.64755741e+00  1.64805543e+00  1.18e-02 9.41e-10  1.65e-08  1049s
 128   1.64770427e+00  1.64805273e+00  8.28e-03 7.03e-10  1.17e-08  1055s
 129   1.64770850e+00  1.64805076e+00  8.18e-03 3.75e-10  1.15e-08  1063s
 130   1.64770968e+00  1.64804990e+00  8.15e-03 3.55e-10  1.14e-08  1068s
 131   1.64779908e+00  1.64804937e+00  5.99e-03 4.06e-10  8.41e-09  1072s
 132   1.64789202e+00  1.64804885e+00  3.73e-03 3.44e-10  5.27e-09  1076s
 133   1.64791593e+00  1.64804777e+00  3.15e-03 2.35e-10  4.46e-09  1082s
 134   1.64792566e+00  1.64804691e+00  2.91e-03 9.43e-10  4.10e-09  1089s
 135   1.64793705e+00  1.64804631e+00  2.63e-03 7.28e-10  3.70e-09  1093s
 136   1.64798869e+00  1.64804553e+00  1.36e-03 5.15e-10  1.93e-09  1099s
 137   1.64800568e+00  1.64804486e+00  9.32e-04 6.48e-10  1.33e-09  1105s
 138   1.64800597e+00  1.64804446e+00  9.24e-04 5.47e-10  1.31e-09  1112s
 139   1.64802094e+00  1.64804365e+00  5.47e-04 3.16e-10  7.98e-10  1118s
 140   1.64802104e+00  1.64804285e+00  5.44e-04 1.70e-10  7.72e-10  1122s
 141   1.64802613e+00  1.64804271e+00  4.05e-04 4.85e-09  5.86e-10  1129s
 142   1.64802616e+00  1.64804211e+00  4.04e-04 3.68e-09  5.67e-10  1137s
 143   1.64802619e+00  1.64804208e+00  4.03e-04 9.15e-10  5.65e-10  1142s
 144   1.64802708e+00  1.64804180e+00  3.78e-04 6.24e-08  5.25e-10  1151s
 145   1.64802763e+00  1.64804176e+00  3.62e-04 6.96e-08  5.03e-10  1160s
 146   1.64802764e+00  1.64804174e+00  3.62e-04 6.84e-08  5.02e-10  1167s
 147   1.64802806e+00  1.64804173e+00  3.50e-04 6.75e-08  4.87e-10  1176s
 148   1.64803175e+00  1.64804145e+00  2.43e-04 5.53e-08  3.44e-10  1183s
 149   1.64803332e+00  1.64804138e+00  1.96e-04 5.28e-08  2.82e-10  1193s
 150   1.64803358e+00  1.64804134e+00  1.88e-04 5.22e-08  2.71e-10  1198s
 151   1.64803365e+00  1.64804127e+00  1.86e-04 6.55e-08  2.67e-10  1204s
 152   1.64803367e+00  1.64804125e+00  1.85e-04 3.98e-07  2.67e-10  1212s
 153   1.64803367e+00  1.64804125e+00  1.85e-04 3.94e-07  2.67e-10  1219s
 154   1.64803403e+00  1.64804124e+00  1.77e-04 3.89e-07  2.59e-10  1227s
 155   1.64803403e+00  1.64804125e+00  1.77e-04 4.09e-07  2.59e-10  1234s
 156   1.64803403e+00  1.64804120e+00  1.77e-04 3.93e-07  2.58e-10  1239s
 157   1.64803426e+00  1.64804086e+00  1.71e-04 2.96e-07  2.42e-10  1246s
 158   1.64803432e+00  1.64804030e+00  1.69e-04 1.76e-07  2.23e-10  1258s
 159   1.64803436e+00  1.64804008e+00  1.68e-04 1.27e-07  2.16e-10  1267s
 160   1.64803442e+00  1.64804007e+00  1.66e-04 1.24e-07  2.13e-10  1284s
 161   1.64803443e+00  1.64803992e+00  1.66e-04 1.04e-07  2.09e-10  1295s
 162   1.64803452e+00  1.64803988e+00  1.62e-04 9.62e-08  2.04e-10  1304s
 163   1.64803462e+00  1.64803985e+00  1.59e-04 2.02e-07  1.99e-10  1315s
 164   1.64803463e+00  1.64803985e+00  1.59e-04 2.02e-07  1.99e-10  1322s
 165   1.64803466e+00  1.64803985e+00  1.58e-04 2.01e-07  1.98e-10  1334s
 166   1.64803468e+00  1.64803982e+00  1.57e-04 6.70e-10  1.97e-10  1340s
 167   1.64803486e+00  1.64803973e+00  1.51e-04 1.09e-09  1.87e-10  1348s
 168   1.64803652e+00  1.64803961e+00  9.19e-05 5.46e-10  1.18e-10  1357s
 169   1.64803652e+00  1.64803961e+00  9.19e-05 1.19e-09  1.17e-10  1366s
 170   1.64803653e+00  1.64803961e+00  9.18e-05 1.42e-09  1.17e-10  1376s
 171   1.64803653e+00  1.64803961e+00  9.16e-05 5.44e-10  1.17e-10  1383s
 172   1.64803698e+00  1.64803949e+00  7.47e-05 6.08e-09  9.55e-11  1394s
 173   1.64803698e+00  1.64803949e+00  7.46e-05 3.62e-09  9.54e-11  1400s
 174   1.64803698e+00  1.64803949e+00  7.45e-05 3.44e-09  9.53e-11  1410s
 175   1.64803699e+00  1.64803949e+00  7.43e-05 7.05e-09  9.50e-11  1416s
 176   1.64803700e+00  1.64803948e+00  7.39e-05 9.19e-09  9.45e-11  1422s
 177   1.64803700e+00  1.64803948e+00  7.37e-05 2.46e-08  9.41e-11  1432s
 178   1.64803700e+00  1.64803948e+00  7.37e-05 2.67e-08  9.41e-11  1438s
 179   1.64803700e+00  1.64803948e+00  7.37e-05 2.75e-08  9.41e-11  1450s
 180   1.64803701e+00  1.64803945e+00  7.35e-05 2.50e-08  9.33e-11  1463s
 181   1.64803701e+00  1.64803945e+00  7.35e-05 2.44e-08  9.33e-11  1474s
 182   1.64803702e+00  1.64803945e+00  7.33e-05 2.52e-08  9.30e-11  1490s

Barrier solved model in 182 iterations and 1490.15 seconds (879.85 work units)
Optimal objective 1.64803698e+00

