Set parameter Username
Academic license - for non-commercial use only - expires 2027-02-09
Set parameter Threads to value 4
Set parameter Method to value 2
Set parameter BarOrder to value 1
Set parameter BarHomogeneous to value 1
Set parameter NumericFocus to value 2
Set parameter Crossover to value 0
Gurobi Optimizer version 9.5.1 build v9.5.1rc2 (linux64)
Thread count: 32 physical cores, 64 logical processors, using up to 4 threads
Optimize a model with 1123990 rows, 635984 columns and 7754016 nonzeros
Model fingerprint: 0x073b220c
Coefficient statistics:
  Matrix range     [7e-05, 3e+00]
  Objective range  [1e+00, 1e+00]
  Bounds range     [0e+00, 0e+00]
  RHS range        [1e-03, 1e+00]
Presolve removed 521783 rows and 511047 columns
Presolve time: 3.59s
Presolved: 602207 rows, 124937 columns, 4171826 nonzeros
Ordering time: 0.47s

Barrier statistics:
 Dense cols : 145
 AA' NZ     : 5.926e+06
 Factor NZ  : 8.357e+06 (roughly 300 MB of memory)
 Factor Ops : 2.796e+08 (less than 1 second per iteration)
 Threads    : 4

                  Objective                Residual
Iter       Primal          Dual         Primal    Dual     Compl     Time
   0   3.24188953e+00  1.25000000e+02  8.42e+06 6.25e-02  1.00e+06   110s
   1   4.00350299e+00  5.77423001e+05  7.18e+06 6.77e+02  8.19e+05   110s
   2   4.10514247e+00  1.45279011e+06  5.65e+06 2.71e+02  4.33e+05   111s
   3   2.48930504e+01  1.30565462e+06  4.49e+06 1.90e+02  3.14e+05   112s
   4   7.57262043e+00  2.24870299e+05  3.73e+05 3.13e+01  6.11e+03   113s
   5   5.62869582e+00  1.07998004e+05  1.57e+05 1.54e+01  1.53e+03   114s
   6   4.99049526e+00  4.02825485e+04  8.90e+04 5.79e+00  4.50e+02   115s
   7   4.72269283e+00  2.43183632e+04  6.14e+04 3.47e+00  2.34e+02   116s
   8   4.63600275e+00  1.55400040e+04  4.71e+04 2.24e+00  1.49e+02   117s
   9   4.31118968e+00  1.18721080e+04  2.97e+04 1.70e+00  9.29e+01   118s
  10   3.99661235e+00  5.60789008e+03  1.88e+04 8.04e-01  4.36e+01   119s
  11   3.60438352e+00  3.20468011e+03  1.36e+04 4.65e-01  2.79e+01   120s
  12   3.25756648e+00  2.32863186e+03  9.80e+03 3.50e-01  2.10e+01   122s
  13   3.19057292e+00  1.79147996e+03  7.76e+03 2.68e-01  1.61e+01   122s
  14   3.19538560e+00  1.29997726e+03  6.12e+03 1.96e-01  1.21e+01   123s
  15   3.25647957e+00  5.18300030e+02  3.10e+03 7.57e-02  5.16e+00   124s
  16   3.30030099e+00  2.43758812e+02  2.10e+03 3.47e-02  2.94e+00   126s
  17   3.30991547e+00  1.46233129e+02  9.39e+02 2.04e-02  1.35e+00   127s
  18   3.25861134e+00  6.40187839e+01  4.27e+02 8.48e-03  5.15e-01   128s
  19   3.13916120e+00  3.93934038e+01  2.17e+02 4.96e-03  2.32e-01   130s
  20   3.06631983e+00  3.65594315e+01  1.91e+02 4.57e-03  2.00e-01   131s
  21   3.03497164e+00  2.69786557e+01  1.79e+02 3.24e-03  1.57e-01   132s
  22   2.94140772e+00  1.97099782e+01  1.59e+02 2.25e-03  1.17e-01   133s
  23   2.48753671e+00  9.79558486e+00  1.05e+02 9.47e-04  4.84e-02   135s
  24   1.78847955e+00  5.41994906e+00  2.80e+01 4.10e-04  9.17e-03   137s
  25   1.58187270e+00  3.72132079e+00  6.97e+00 2.28e-04  2.30e-03   138s
  26   1.54175040e+00  2.63442642e+00  3.04e+00 1.16e-04  9.17e-04   139s
  27   1.52122961e+00  2.29188764e+00  1.59e+00 8.14e-05  5.49e-04   140s
  28   1.50375067e+00  2.01031673e+00  8.38e-01 5.35e-05  3.34e-04   142s
  29   1.49759986e+00  1.88538264e+00  5.76e-01 4.10e-05  2.47e-04   143s
  30   1.51507750e+00  1.70373099e+00  2.29e-01 2.17e-05  1.14e-04   144s
  31   1.53038426e+00  1.63522267e+00  1.24e-01 1.17e-05  5.64e-05   146s
  32   1.54302353e+00  1.61065368e+00  9.45e-02 6.64e-06  3.20e-05   149s
  33   1.55515196e+00  1.60958837e+00  7.76e-02 4.98e-06  2.38e-05   152s
  34   1.55730155e+00  1.61059189e+00  7.45e-02 4.63e-06  2.23e-05   154s
  35   1.57740685e+00  1.61112807e+00  5.56e-02 4.18e-06  1.87e-05   156s
  36   1.58396138e+00  1.61629412e+00  4.76e-02 3.14e-06  1.44e-05   158s
  37   1.58508453e+00  1.61761659e+00  4.66e-02 2.87e-06  1.34e-05   161s
  38   1.60085787e+00  1.62148702e+00  3.37e-02 2.43e-06  1.09e-05   163s
  39   1.61906088e+00  1.62665921e+00  1.79e-02 1.78e-06  7.27e-06   166s
  40   1.62665442e+00  1.63466698e+00  1.25e-02 1.01e-06  4.31e-06   170s
  41   1.63337651e+00  1.63868854e+00  8.33e-03 6.77e-07  2.82e-06   174s
  42   1.63565796e+00  1.64056670e+00  6.77e-03 4.91e-07  2.07e-06   178s
  43   1.63857241e+00  1.64288809e+00  5.27e-03 3.54e-07  1.50e-06   183s
  44   1.64238081e+00  1.64521746e+00  3.18e-03 2.18e-07  9.04e-07   188s
  45   1.64397738e+00  1.64617860e+00  2.32e-03 1.48e-07  6.18e-07   191s
  46   1.64541596e+00  1.64683749e+00  1.54e-03 9.95e-08  4.05e-07   195s
  47   1.64577538e+00  1.64722740e+00  1.32e-03 6.78e-08  3.05e-07   200s
  48   1.64608650e+00  1.64742767e+00  1.14e-03 5.19e-08  2.47e-07   202s
  49   1.64677713e+00  1.64756628e+00  7.40e-04 4.02e-08  1.72e-07   206s
  50   1.64692504e+00  1.64772689e+00  6.56e-04 2.60e-08  1.30e-07   210s
  51   1.64693287e+00  1.64773012e+00  6.52e-04 2.57e-08  1.29e-07   213s
  52   1.64700504e+00  1.64780477e+00  6.08e-04 1.89e-08  1.09e-07   216s
  53   1.64703644e+00  1.64783185e+00  5.89e-04 1.64e-08  1.00e-07   219s
  54   1.64711794e+00  1.64786779e+00  5.39e-04 1.26e-08  8.64e-08   221s
  55   1.64712353e+00  1.64787432e+00  5.35e-04 1.19e-08  8.42e-08   224s
  56   1.64718728e+00  1.64789440e+00  4.95e-04 9.54e-09  7.43e-08   227s
  57   1.64723733e+00  1.64790698e+00  4.62e-04 7.68e-09  6.65e-08   232s
  58   1.64725994e+00  1.64791459e+00  4.48e-04 6.30e-09  6.15e-08   236s
  59   1.64727727e+00  1.64791557e+00  4.36e-04 6.08e-09  5.99e-08   239s
  60   1.64728127e+00  1.64791923e+00  4.34e-04 5.33e-09  5.75e-08   241s
  61   1.64728655e+00  1.64792166e+00  4.30e-04 4.88e-09  5.50e-08   243s
  62   1.64729514e+00  1.64792296e+00  4.24e-04 4.35e-09  5.31e-08   247s
  63   1.64729643e+00  1.64792299e+00  4.24e-04 4.34e-09  5.30e-08   251s
  64   1.64731344e+00  1.64792413e+00  4.12e-04 3.89e-09  5.12e-08   253s
  65   1.64732322e+00  1.64792447e+00  4.06e-04 3.77e-09  5.01e-08   255s
  66   1.64733074e+00  1.64792468e+00  4.01e-04 3.63e-09  4.93e-08   258s
  67   1.64736782e+00  1.64792560e+00  3.76e-04 3.19e-09  4.59e-08   260s
  68   1.64736907e+00  1.64792598e+00  3.75e-04 2.88e-09  4.52e-08   262s
  69   1.64739893e+00  1.64792628e+00  3.55e-04 2.62e-09  4.24e-08   265s
  70   1.64741630e+00  1.64792645e+00  3.44e-04 2.41e-09  4.08e-08   267s
  71   1.64742400e+00  1.64792647e+00  3.39e-04 2.21e-09  3.98e-08   270s
  72   1.64746629e+00  1.64792647e+00  3.10e-04 2.02e-09  3.65e-08   272s
  73   1.64746672e+00  1.64792666e+00  3.10e-04 2.00e-09  3.65e-08   274s
  74   1.64747021e+00  1.64792887e+00  3.08e-04 2.04e-09  3.61e-08   276s
  75   1.64748115e+00  1.64792805e+00  3.01e-04 1.57e-09  3.42e-08   278s
  76   1.64748648e+00  1.64792732e+00  2.97e-04 1.70e-09  3.33e-08   280s
  77   1.64749149e+00  1.64792683e+00  2.93e-04 1.23e-09  3.26e-08   283s
  78   1.64749780e+00  1.64792622e+00  2.89e-04 1.14e-09  3.18e-08   285s
  79   1.64749850e+00  1.64792614e+00  2.89e-04 1.16e-09  3.17e-08   288s
  80   1.64750140e+00  1.64792590e+00  2.87e-04 1.15e-09  3.14e-08   290s
  81   1.64750156e+00  1.64792547e+00  2.87e-04 1.10e-09  3.12e-08   293s
  82   1.64750693e+00  1.64792522e+00  2.83e-04 1.70e-09  3.07e-08   295s
  83   1.64751060e+00  1.64792494e+00  2.80e-04 2.50e-09  3.03e-08   298s
  84   1.64751471e+00  1.64792484e+00  2.78e-04 2.94e-09  3.00e-08   300s
  85   1.64752349e+00  1.64792462e+00  2.72e-04 4.45e-09  2.91e-08   303s
  86   1.64752352e+00  1.64792458e+00  2.72e-04 5.43e-09  2.91e-08   305s
  87   1.64752453e+00  1.64792448e+00  2.71e-04 6.53e-09  2.90e-08   307s
  88   1.64753181e+00  1.64792387e+00  2.66e-04 7.26e-09  2.83e-08   310s
  89   1.64753245e+00  1.64792375e+00  2.65e-04 8.39e-09  2.82e-08   313s
  90   1.64753412e+00  1.64792362e+00  2.64e-04 9.48e-09  2.81e-08   315s
  91   1.64754021e+00  1.64792348e+00  2.60e-04 1.04e-08  2.76e-08   317s
  92   1.64754162e+00  1.64792336e+00  2.59e-04 1.15e-08  2.75e-08   320s
  93   1.64754181e+00  1.64792324e+00  2.59e-04 1.26e-08  2.74e-08   322s
  94   1.64754266e+00  1.64792319e+00  2.58e-04 1.33e-08  2.73e-08   324s
  95   1.64754303e+00  1.64792310e+00  2.58e-04 1.40e-08  2.73e-08   328s
  96   1.64754453e+00  1.64792667e+00  2.57e-04 1.24e-08  2.71e-08   331s
  97   1.64754764e+00  1.64792666e+00  2.55e-04 1.35e-08  2.69e-08   334s
  98   1.64756492e+00  1.64792678e+00  2.43e-04 2.33e-08  2.56e-08   337s
  99   1.64756727e+00  1.64792629e+00  2.42e-04 2.11e-08  2.54e-08   340s
 100   1.64758074e+00  1.64792580e+00  2.32e-04 1.78e-08  2.44e-08   342s
 101   1.64758223e+00  1.64792553e+00  2.31e-04 1.88e-08  2.42e-08   345s
 102   1.64758305e+00  1.64792533e+00  2.31e-04 1.98e-08  2.42e-08   347s
 103   1.64758849e+00  1.64792534e+00  5.49e-04 1.62e-08  2.39e-08   350s
 104   1.64762161e+00  1.64792506e+00  4.93e-04 1.75e-08  2.16e-08   352s
 105   1.64763173e+00  1.64792477e+00  4.76e-04 1.86e-08  2.09e-08   354s
 106   1.64763180e+00  1.64792477e+00  4.76e-04 1.86e-08  2.09e-08   358s
 107   1.64764248e+00  1.64792548e+00  4.59e-04 1.90e-08  2.02e-08   360s
 108   1.64765438e+00  1.64792509e+00  4.39e-04 2.00e-08  1.94e-08   363s
 109   1.64765639e+00  1.64792482e+00  4.36e-04 1.83e-08  1.92e-08   367s
 110   1.64765938e+00  1.64792450e+00  4.31e-04 1.92e-08  1.89e-08   369s
 111   1.64766491e+00  1.64792406e+00  4.21e-04 2.00e-08  1.85e-08   372s
 112   1.64768346e+00  1.64792345e+00  3.90e-04 2.03e-08  1.71e-08   375s
 113   1.64768665e+00  1.64792316e+00  3.84e-04 2.13e-08  1.69e-08   377s
 114   1.64769077e+00  1.64792275e+00  3.77e-04 2.26e-08  1.65e-08   380s
 115   1.64769139e+00  1.64792243e+00  3.76e-04 2.34e-08  1.65e-08   382s
 116   1.64769190e+00  1.64792238e+00  3.75e-04 2.35e-08  1.64e-08   385s
 117   1.64769422e+00  1.64792369e+00  3.72e-04 2.03e-08  1.63e-08   389s
 118   1.64770079e+00  1.64792335e+00  3.61e-04 2.10e-08  1.58e-08   391s
 119   1.64770145e+00  1.64792224e+00  3.60e-04 1.78e-08  1.57e-08   393s
 120   1.64770151e+00  1.64792219e+00  3.59e-04 1.75e-08  1.56e-08   396s
 121   1.64770425e+00  1.64792205e+00  3.55e-04 1.71e-08  1.54e-08   398s
 122   1.64770450e+00  1.64792187e+00  3.54e-04 1.68e-08  1.54e-08   401s
 123   1.64770911e+00  1.64792367e+00  3.47e-04 1.56e-08  1.52e-08   405s
 124   1.64770911e+00  1.64792366e+00  3.47e-04 1.56e-08  1.52e-08   407s
 125   1.64770963e+00  1.64792356e+00  3.46e-04 1.65e-08  1.51e-08   409s
 126   1.64771450e+00  1.64792681e+00  3.39e-04 1.05e-08  1.49e-08   414s
 127   1.64772047e+00  1.64792524e+00  3.29e-04 1.05e-08  1.44e-08   418s
 128   1.64772262e+00  1.64792492e+00  3.25e-04 1.04e-08  1.42e-08   421s
 129   1.64783495e+00  1.64792371e+00  1.30e-04 1.05e-08  6.35e-09   423s
 130   1.64783510e+00  1.64792288e+00  1.30e-04 1.03e-08  6.28e-09   426s
 131   1.64783518e+00  1.64792158e+00  1.30e-04 1.00e-08  6.17e-09   429s
 132   1.64783520e+00  1.64792158e+00  1.30e-04 1.00e-08  6.17e-09   432s
 133   1.64783636e+00  1.64792124e+00  1.28e-04 9.78e-09  6.06e-09   435s
 134   1.64783975e+00  1.64791857e+00  1.22e-04 7.50e-09  5.62e-09   437s
 135   1.64783977e+00  1.64791828e+00  1.22e-04 7.19e-09  5.60e-09   441s
 136   1.64783979e+00  1.64791756e+00  1.22e-04 7.29e-09  5.54e-09   443s
 137   1.64784006e+00  1.64791721e+00  1.21e-04 6.77e-09  5.47e-09   447s
 138   1.64784018e+00  1.64791642e+00  1.21e-04 7.35e-09  5.41e-09   452s
 139   1.64784018e+00  1.64791640e+00  1.21e-04 6.90e-09  5.41e-09   455s
 140   1.64784173e+00  1.64791614e+00  1.18e-04 7.37e-09  5.28e-09   458s
 141   1.64784273e+00  1.64791400e+00  1.16e-04 4.09e-09  5.06e-09   465s
 142   1.64784541e+00  1.64791251e+00  1.12e-04 2.79e-09  4.76e-09   469s
 143   1.64784564e+00  1.64791173e+00  1.11e-04 2.38e-09  4.69e-09   474s
 144   1.64784582e+00  1.64791114e+00  1.11e-04 2.28e-09  4.64e-09   478s
 145   1.64784690e+00  1.64791077e+00  1.09e-04 2.01e-09  4.54e-09   482s
 146   1.64784860e+00  1.64791032e+00  1.06e-04 1.69e-09  4.39e-09   487s
 147   1.64784901e+00  1.64791013e+00  1.05e-04 1.71e-09  4.35e-09   490s
 148   1.64784929e+00  1.64790989e+00  1.05e-04 1.59e-09  4.31e-09   493s
 149   1.64785148e+00  1.64790981e+00  1.01e-04 1.48e-09  4.15e-09   496s
 150   1.64785148e+00  1.64790980e+00  1.01e-04 1.50e-09  4.14e-09   499s
 151   1.64785255e+00  1.64790973e+00  9.87e-05 1.48e-09  4.06e-09   502s
 152   1.64785256e+00  1.64790973e+00  9.87e-05 1.48e-09  4.06e-09   506s
 153   1.64785461e+00  1.64791013e+00  9.53e-05 1.14e-09  3.95e-09   510s
 154   1.64785480e+00  1.64790984e+00  9.50e-05 9.95e-10  3.92e-09   513s
 155   1.64785483e+00  1.64790980e+00  9.49e-05 1.26e-09  3.91e-09   515s
 156   1.64785502e+00  1.64790962e+00  9.46e-05 1.09e-09  3.89e-09   519s
 157   1.64785886e+00  1.64790952e+00  8.76e-05 1.07e-09  3.61e-09   522s
 158   1.64785931e+00  1.64790924e+00  8.68e-05 9.29e-10  3.56e-09   526s
 159   1.64786096e+00  1.64790903e+00  8.38e-05 8.21e-10  3.43e-09   529s
 160   1.64786986e+00  1.64790884e+00  6.77e-05 7.23e-10  2.78e-09   532s
 161   1.64787133e+00  1.64790872e+00  6.50e-05 6.34e-10  2.67e-09   536s
 162   1.64788014e+00  1.64790858e+00  4.91e-05 5.74e-10  2.03e-09   540s
 163   1.64788016e+00  1.64790846e+00  4.91e-05 5.87e-10  2.02e-09   543s
 164   1.64789517e+00  1.64790823e+00  2.19e-05 4.62e-10  9.30e-10   547s
 165   1.64789577e+00  1.64790819e+00  2.08e-05 6.37e-09  8.81e-10   549s
 166   1.64790503e+00  1.64790784e+00  4.16e-06 3.87e-09  2.03e-10   553s
 167   1.64790503e+00  1.64790778e+00  4.15e-06 3.64e-09  2.00e-10   555s
 168   1.64790504e+00  1.64790773e+00  4.14e-06 3.33e-09  1.96e-10   557s
 169   1.64790528e+00  1.64790750e+00  3.70e-06 1.85e-09  1.64e-10   561s
 170   1.64790536e+00  1.64790741e+00  3.55e-06 1.28e-09  1.53e-10   563s
 171   1.64790550e+00  1.64790736e+00  3.26e-06 9.87e-10  1.39e-10   567s
 172   1.64790555e+00  1.64790731e+00  3.18e-06 7.12e-10  1.33e-10   570s
 173   1.64790555e+00  1.64790730e+00  3.17e-06 1.14e-09  1.32e-10   574s
 174   1.64790560e+00  1.64790726e+00  3.06e-06 9.59e-10  1.26e-10   579s
 175   1.64790575e+00  1.64790725e+00  2.75e-06 8.79e-10  1.13e-10   581s
 176   1.64790606e+00  1.64790723e+00  2.14e-06 7.78e-10  8.83e-11   584s
 177   1.64790619e+00  1.64790720e+00  1.91e-06 1.19e-09  7.73e-11   588s
 178   1.64790621e+00  1.64790719e+00  1.87e-06 1.53e-10  7.53e-11   590s
 179   1.64790626e+00  1.64790719e+00  1.32e-05 9.21e-10  7.21e-11   592s
 180   1.64790640e+00  1.64790718e+00  1.12e-05 3.53e-10  6.05e-11   596s
 181   1.64790696e+00  1.64790717e+00  4.04e-06 8.19e-11  1.80e-11   599s
 182   1.64790700e+00  1.64790716e+00  3.21e-06 8.87e-10  1.42e-11   601s
 183   1.64790703e+00  1.64790716e+00  2.60e-06 6.50e-10  1.15e-11   602s
 184   1.64790704e+00  1.64790716e+00  2.28e-06 6.89e-10  9.97e-12   604s
 185   1.64790705e+00  1.64790716e+00  2.19e-06 6.11e-10  9.55e-12   606s
 186   1.64790707e+00  1.64790716e+00  1.84e-06 2.91e-10  8.00e-12   609s
 187   1.64790707e+00  1.64790716e+00  1.79e-06 3.16e-10  7.78e-12   611s
 188   1.64790707e+00  1.64790716e+00  1.67e-06 2.34e-10  7.27e-12   613s
 189   1.64790708e+00  1.64790716e+00  1.56e-06 7.45e-10  6.76e-12   616s

Barrier solved model in 189 iterations and 615.64 seconds (414.06 work units)
Optimal objective 1.64790708e+00

