Set parameter Username
Academic license - for non-commercial use only - expires 2027-02-09
Set parameter Threads to value 4
Set parameter Method to value 2
Set parameter BarOrder to value 1
Set parameter BarHomogeneous to value 1
Set parameter NumericFocus to value 2
Set parameter Crossover to value 0
Gurobi Optimizer version 9.5.1 build v9.5.1rc2 (linux64)
Thread count: 32 physical cores, 64 logical processors, using up to 4 threads
Optimize a model with 564604 rows, 237200 columns and 3085500 nonzeros
Model fingerprint: 0x37d9813e
Coefficient statistics:
  Matrix range     [1e-04, 3e+00]
  Objective range  [1e+00, 1e+00]
  Bounds range     [0e+00, 0e+00]
  RHS range        [1e-03, 1e+00]
Presolve removed 196428 rows and 205478 columns
Presolve time: 1.91s
Presolved: 40772 rows, 359126 columns, 2296287 nonzeros
Ordering time: 0.10s

Barrier statistics:
 Dense cols : 78
 AA' NZ     : 2.841e+05
 Factor NZ  : 9.123e+05 (roughly 170 MB of memory)
 Factor Ops : 4.348e+07 (less than 1 second per iteration)
 Threads    : 4

                  Objective                Residual
Iter       Primal          Dual         Primal    Dual     Compl     Time
   0   4.44586656e+07  0.00000000e+00  4.92e+06 0.00e+00  1.00e+06     3s
   1   2.37600847e+07 -8.72813073e+00  2.63e+06 7.95e+02  7.62e+05     3s
   2   8.42800817e+06 -1.34918025e+01  8.96e+05 4.74e+02  3.60e+05     3s
   3   4.11040925e+06 -1.17935599e+01  4.40e+05 4.49e+02  2.60e+05     4s
   4   3.10369460e+06 -5.34608443e+00  3.40e+05 3.24e+02  2.74e+05     4s
   5   2.43340389e+06  4.84167427e+01  2.68e+05 2.62e+02  2.41e+05     5s
   6   1.95332178e+06  1.33514995e+02  2.15e+05 1.85e+02  1.75e+05     5s
   7   1.66381418e+06  1.60890273e+02  1.83e+05 1.65e+02  1.54e+05     6s
   8   1.51048151e+06  1.89241926e+02  1.66e+05 1.43e+02  1.34e+05     6s
   9   1.19055581e+06  2.01884900e+02  1.31e+05 1.34e+02  1.12e+05     7s
  10   1.08665077e+06  2.11106426e+02  1.19e+05 1.24e+02  1.02e+05     7s
  11   7.66102480e+05  1.76125889e+02  8.37e+04 1.01e+02  7.85e+04     8s
  12   3.20996703e+05  1.19927443e+02  3.45e+04 7.97e+01  4.69e+04     9s
  13   1.23349975e+05  5.51385125e+01  1.30e+04 5.14e+01  1.59e+04     9s
  14   4.53213046e+04  5.19263490e+00  4.68e+03 1.45e+01  2.11e+03    10s
  15   3.38670082e+03  1.13221456e+00  3.50e+02 8.72e-01  1.12e+01    11s
  16   8.48995676e+02  1.28525951e+00  8.73e+01 1.90e-01  7.41e-01    11s
  17   2.30315191e+02  1.43500686e+00  2.35e+01 1.79e-02  2.72e-02    12s
  18   1.33244605e+02  1.42917653e+00  1.36e+01 1.02e-02  1.15e-02    13s
  19   6.14544712e+01  1.39836424e+00  6.17e+00 4.45e-03  3.72e-03    13s
  20   5.05851535e+01  1.38928600e+00  5.05e+00 3.08e-03  2.67e-03    14s
  21   4.66083765e+01  1.38682629e+00  4.65e+00 2.76e-03  2.39e-03    15s
  22   4.20139591e+01  1.38618196e+00  4.17e+00 2.53e-03  2.11e-03    15s
  23   3.65261647e+01  1.38554128e+00  3.61e+00 2.32e-03  1.81e-03    16s
  24   3.35004801e+01  1.38636012e+00  3.30e+00 1.94e-03  1.52e-03    16s
  25   1.26296085e+01  1.40132420e+00  1.15e+00 4.15e-04  2.88e-04    17s
  26   6.16533197e+00  1.41888780e+00  4.88e-01 1.07e-04  9.67e-05    18s
  27   4.14413145e+00  1.43548606e+00  2.78e-01 5.68e-05  5.12e-05    18s
  28   3.52427056e+00  1.43765169e+00  2.13e-01 5.31e-05  4.00e-05    19s
  29   3.12977955e+00  1.44067780e+00  1.71e-01 4.88e-05  3.26e-05    19s
  30   2.89515455e+00  1.44949164e+00  1.47e-01 3.90e-05  2.72e-05    20s
  31   2.70161880e+00  1.45763264e+00  1.26e-01 3.11e-05  2.30e-05    20s
  32   2.32702133e+00  1.46903776e+00  8.57e-02 2.34e-05  1.60e-05    21s
  33   2.09740994e+00  1.48139537e+00  6.08e-02 1.81e-05  1.15e-05    21s
  34   1.91558271e+00  1.50473651e+00  4.10e-02 9.88e-06  6.83e-06    22s
  35   1.77066400e+00  1.52050923e+00  2.46e-02 6.90e-06  4.38e-06    23s
  36   1.67402862e+00  1.53325045e+00  1.37e-02 4.49e-06  2.60e-06    23s
  37   1.61147391e+00  1.53869494e+00  6.63e-03 3.20e-06  1.64e-06    24s
  38   1.60356390e+00  1.54323461e+00  5.76e-03 1.89e-06  1.18e-06    24s
  39   1.58525031e+00  1.54410901e+00  3.77e-03 1.60e-06  9.01e-07    25s
  40   1.57863554e+00  1.54523695e+00  3.07e-03 1.24e-06  7.25e-07    25s
  41   1.57186545e+00  1.54621130e+00  2.36e-03 8.69e-07  5.53e-07    26s
  42   1.57070094e+00  1.54663564e+00  2.24e-03 7.86e-07  5.02e-07    26s
  43   1.56465614e+00  1.54751486e+00  1.59e-03 4.81e-07  3.56e-07    27s
  44   1.55998333e+00  1.54846986e+00  1.10e-03 2.54e-07  2.20e-07    28s
  45   1.55358660e+00  1.54888004e+00  4.26e-04 1.26e-07  1.05e-07    29s
  46   1.55275023e+00  1.54904109e+00  3.40e-04 8.33e-08  7.94e-08    29s
  47   1.55164221e+00  1.54918656e+00  2.28e-04 3.76e-08  5.06e-08    30s
  48   1.55129729e+00  1.54925689e+00  1.93e-04 2.07e-08  3.94e-08    31s
  49   1.55078390e+00  1.54931198e+00  1.39e-04 1.51e-08  2.87e-08    32s
  50   1.55027850e+00  1.54933018e+00  8.76e-05 1.24e-08  1.97e-08    32s
  51   1.55007238e+00  1.54935127e+00  6.67e-05 9.26e-09  1.49e-08    33s
  52   1.54997862e+00  1.54938541e+00  5.72e-05 4.18e-09  1.08e-08    35s
  53   1.54982491e+00  1.54940573e+00  4.12e-05 2.08e-09  7.09e-09    36s
  54   1.54972865e+00  1.54941510e+00  3.13e-05 9.78e-10  5.03e-09    38s
  55   1.54953123e+00  1.54942107e+00  1.10e-05 3.43e-10  1.81e-09    38s
  56   1.54951403e+00  1.54942269e+00  9.18e-06 2.00e-10  1.44e-09    39s
  57   1.54946905e+00  1.54942394e+00  4.55e-06 8.31e-11  7.03e-10    40s
  58   1.54944276e+00  1.54942453e+00  1.84e-06 3.08e-11  2.84e-10    41s
  59   1.54944244e+00  1.54942468e+00  1.81e-06 1.74e-11  2.67e-10    41s
  60   1.54943555e+00  1.54942478e+00  1.10e-06 9.43e-12  1.61e-10    42s
  61   1.54943069e+00  1.54942485e+00  5.95e-07 4.88e-12  8.75e-11    43s
  62   1.54943043e+00  1.54942488e+00  5.69e-07 2.40e-12  8.12e-11    44s
  63   1.54943043e+00  1.54942490e+00  5.69e-07 1.17e-12  7.97e-11    45s
  64   1.54943041e+00  1.54942490e+00  5.67e-07 2.38e-12  7.88e-11    46s
  65   1.54943041e+00  1.54942491e+00  5.67e-07 1.80e-11  7.85e-11    47s
  66   1.54942814e+00  1.54942491e+00  3.35e-07 2.57e-12  4.60e-11    48s
  67   1.54942814e+00  1.54942491e+00  3.35e-07 1.41e-12  4.59e-11    49s
  68   1.54942812e+00  1.54942491e+00  3.33e-07 3.18e-11  4.56e-11    50s
  69   1.54942809e+00  1.54942491e+00  3.30e-07 4.16e-11  4.51e-11    50s
  70   1.54942807e+00  1.54942491e+00  3.28e-07 1.09e-11  4.48e-11    51s
  71   1.54942802e+00  1.54942491e+00  3.23e-07 8.23e-11  4.42e-11    52s
  72   1.54942789e+00  1.54942491e+00  3.09e-07 9.05e-11  4.22e-11    53s
  73   1.54942783e+00  1.54942491e+00  3.03e-07 1.08e-10  4.14e-11    54s
  74   1.54942778e+00  1.54942491e+00  2.98e-07 1.17e-10  4.07e-11    55s
  75   1.54942778e+00  1.54942491e+00  2.98e-07 8.92e-11  4.07e-11    56s
  76   1.54942777e+00  1.54942491e+00  2.97e-07 2.74e-11  4.05e-11    57s
  77   1.54942762e+00  1.54942491e+00  2.81e-07 1.28e-12  3.84e-11    58s
  78   1.54942745e+00  1.54942491e+00  2.64e-07 1.46e-12  3.60e-11    59s
  79   1.54942699e+00  1.54942491e+00  2.16e-07 4.23e-11  2.95e-11    59s
  80   1.54942684e+00  1.54942491e+00  2.00e-07 8.53e-11  2.73e-11    60s
  81   1.54942684e+00  1.54942491e+00  2.00e-07 8.24e-11  2.73e-11    61s
  82   1.54942588e+00  1.54942491e+00  1.00e-07 3.19e-11  1.37e-11    61s
  83   1.54942540e+00  1.54942491e+00  5.00e-08 1.14e-11  6.83e-12    62s
  84   1.54942540e+00  1.54942491e+00  5.00e-08 1.21e-11  6.83e-12    63s
  85   1.54942540e+00  1.54942491e+00  5.00e-08 1.21e-11  6.83e-12    63s
  86   1.54942540e+00  1.54942491e+00  5.00e-08 8.65e-10  6.83e-12    64s
  87   1.54942540e+00  1.54942491e+00  5.00e-08 8.65e-10  6.83e-12    65s
  88   1.54942540e+00  1.54942491e+00  5.00e-08 8.58e-10  6.83e-12    65s
  89   1.54942540e+00  1.54942491e+00  5.00e-08 8.04e-10  6.83e-12    66s
  90   1.54942540e+00  1.54942491e+00  5.00e-08 8.13e-10  6.85e-12    67s
  91   1.54942539e+00  1.54942491e+00  5.00e-08 2.19e-09  7.23e-12    68s
  92   1.54942527e+00  1.54942491e+00  3.71e-08 1.10e-09  5.28e-12    69s
  93   1.54942527e+00  1.54942491e+00  3.68e-08 5.62e-10  5.14e-12    69s
  94   1.54942509e+00  1.54942491e+00  1.84e-08 2.88e-10  2.57e-12    70s
  95   1.54942503e+00  1.54942491e+00  1.23e-08 1.47e-10  1.71e-12    71s
  96   1.54942497e+00  1.54942491e+00  6.15e-09 7.36e-11  8.55e-13    72s
  97   1.54942497e+00  1.54942491e+00  5.95e-09 3.69e-11  8.25e-13    72s
  98   1.54942494e+00  1.54942491e+00  2.98e-09 2.90e-11  4.13e-13    73s
  99   1.54942493e+00  1.54942491e+00  1.53e-09 4.21e-11  2.07e-13    73s

Barrier solved model in 99 iterations and 73.41 seconds (63.42 work units)
Optimal objective 1.54942493e+00

