Set parameter Username
Academic license - for non-commercial use only - expires 2027-02-09
Set parameter Threads to value 4
Set parameter Method to value 2
Set parameter BarOrder to value 1
Set parameter BarHomogeneous to value 1
Set parameter NumericFocus to value 2
Set parameter Crossover to value 0
Gurobi Optimizer version 9.5.1 build v9.5.1rc2 (linux64)
Thread count: 32 physical cores, 64 logical processors, using up to 4 threads
Optimize a model with 13401815 rows, 19583787 columns and 92360882 nonzeros
Model fingerprint: 0xb729112f
Coefficient statistics:
  Matrix range     [7e-05, 3e+00]
  Objective range  [1e+00, 1e+00]
  Bounds range     [0e+00, 0e+00]
  RHS range        [1e-03, 1e+00]
Presolve removed 268037 rows and 0 columns (presolve time = 8s) ...
Presolve removed 3177811 rows and 16705038 columns (presolve time = 10s) ...
Presolve removed 3177811 rows and 16905098 columns (presolve time = 15s) ...
Presolve removed 5557827 rows and 16905098 columns (presolve time = 20s) ...
Presolve removed 5658874 rows and 16910000 columns (presolve time = 31s) ...
Presolve removed 6049569 rows and 17300695 columns (presolve time = 36s) ...
Presolve removed 6049569 rows and 17300695 columns (presolve time = 55s) ...
Presolve removed 6049571 rows and 17300696 columns (presolve time = 55s) ...
Presolve removed 6049571 rows and 17300696 columns (presolve time = 61s) ...
Presolve removed 6828026 rows and 17300696 columns (presolve time = 65s) ...
Presolve removed 6828026 rows and 17300696 columns (presolve time = 71s) ...
Presolve removed 6828026 rows and 17300696 columns
Presolve time: 72.83s
Presolved: 6573789 rows, 2283091 columns, 42952987 nonzeros
Elapsed ordering time = 5s
Elapsed ordering time = 11s
Elapsed ordering time = 15s
Ordering time: 17.45s

Barrier statistics:
 Dense cols : 424
 AA' NZ     : 2.846e+08
 Factor NZ  : 4.302e+08 (roughly 7.0 GB of memory)
 Factor Ops : 4.869e+10 (roughly 1 second per iteration)
 Threads    : 4

                  Objective                Residual
Iter       Primal          Dual         Primal    Dual     Compl     Time
   0   3.77153554e+00  3.12500000e+01  1.00e+08 6.25e-02  1.00e+06  3529s
   1   1.85979556e+00  3.51163224e+05  7.19e+07 5.52e+02  6.84e+05  3546s
   2   2.45913329e+00  6.22342740e+05  6.67e+07 1.79e+02  4.93e+05  3569s
   3   1.63384573e+01  3.09220244e+06  4.39e+07 9.11e+01  3.25e+05  3596s
   4   2.69002589e+00  2.07642246e+05  1.08e+06 5.69e+00  6.02e+02  3624s
   5   2.09685881e+00  9.45167450e+04  1.03e+05 2.55e+00  3.35e+01  3644s
   6   1.98482843e+00  1.60521529e+04  1.41e+04 4.47e-01  1.93e+00  3671s
   7   1.97211307e+00  8.43699196e+03  3.94e+03 2.53e-01  5.61e-01  3690s
   8   1.96983344e+00  4.20638028e+03  1.69e+03 1.27e-01  2.44e-01  3715s
   9   1.96848694e+00  2.23813367e+03  6.17e+02 6.95e-02  1.03e-01  3742s
  10   1.96842310e+00  1.38813850e+03  3.32e+02 4.35e-02  5.95e-02  3767s
  11   1.96836649e+00  1.15126216e+03  2.52e+02 3.61e-02  4.74e-02  3787s
  12   1.96835584e+00  1.07995740e+03  2.22e+02 3.38e-02  4.35e-02  3814s
  13   1.96846719e+00  8.84605627e+02  2.06e+02 2.76e-02  3.80e-02  3849s
  14   1.96900609e+00  6.36508648e+02  1.59e+02 1.95e-02  2.90e-02  3890s
  15   1.96797303e+00  4.70541769e+02  1.44e+02 1.33e-02  2.58e-02  3931s
  16   1.96776851e+00  4.24110794e+02  1.42e+02 1.20e-02  2.78e-02  3959s
  17   1.96728498e+00  4.09342982e+02  1.41e+02 1.16e-02  2.89e-02  3997s
  18   1.96525145e+00  3.96996580e+02  1.39e+02 1.13e-02  2.89e-02  4039s
  19   1.96203751e+00  3.21803235e+02  1.37e+02 9.32e-03  3.45e-02  4080s
  20   1.94061436e+00  2.52571355e+02  1.27e+02 7.37e-03  3.40e-02  4115s
  21   1.91150994e+00  2.30624840e+02  1.13e+02 6.73e-03  3.00e-02  4158s
  22   1.87761269e+00  2.06026106e+02  9.66e+01 6.00e-03  2.52e-02  4200s
  23   1.84340710e+00  1.82830502e+02  8.06e+01 5.30e-03  2.06e-02  4242s
  24   1.80054923e+00  1.52144386e+02  6.05e+01 4.39e-03  1.51e-02  4284s
  25   1.76935086e+00  9.11310413e+01  4.59e+01 2.64e-03  9.61e-03  4329s
  26   1.70445149e+00  4.86519425e+01  1.67e+01 1.42e-03  3.34e-03  4372s
  27   1.68259094e+00  2.81568255e+01  7.32e+00 8.07e-04  1.50e-03  4418s
  28   1.67306964e+00  2.19836836e+01  4.51e+00 6.23e-04  9.97e-04  4458s
  29   1.66719498e+00  1.70344497e+01  3.58e+00 4.75e-04  7.79e-04  4493s
  30   1.65882429e+00  1.55696864e+01  2.90e+00 4.31e-04  6.82e-04  4521s
  31   1.64615515e+00  1.32153962e+01  2.24e+00 3.60e-04  5.76e-04  4547s
  32   1.62834084e+00  1.18299244e+01  1.88e+00 3.18e-04  5.39e-04  4573s
  33   1.62337738e+00  1.07880083e+01  1.83e+00 2.87e-04  5.20e-04  4607s
  34   1.60158946e+00  1.04201072e+01  1.52e+00 2.76e-04  5.24e-04  4649s
  35   1.58731934e+00  9.95756960e+00  1.38e+00 2.62e-04  5.31e-04  4693s
  36   1.55877311e+00  9.30323935e+00  1.21e+00 2.43e-04  5.08e-04  4748s
  37   1.54726566e+00  8.67467921e+00  1.15e+00 2.24e-04  4.86e-04  4865s
  38   1.52884528e+00  7.97386597e+00  1.04e+00 2.03e-04  4.62e-04  5007s
  39   1.51584606e+00  7.24294718e+00  9.40e-01 1.81e-04  4.16e-04  5176s
  40   1.49960049e+00  6.22775444e+00  7.93e-01 1.50e-04  3.39e-04  5370s
  41   1.48491367e+00  5.75863613e+00  6.73e-01 1.36e-04  3.03e-04  5443s
  42   1.47578317e+00  5.43431537e+00  6.04e-01 1.26e-04  2.80e-04  5522s
  43   1.45422506e+00  4.95177468e+00  4.44e-01 1.11e-04  2.40e-04  5682s
  44   1.44352928e+00  4.40622104e+00  3.15e-01 9.37e-05  1.91e-04  5836s
  45   1.43840104e+00  3.61491101e+00  2.32e-01 6.89e-05  1.33e-04  6127s
  46   1.43684580e+00  2.74100977e+00  1.97e-01 4.15e-05  7.76e-05  6650s
  47   1.43391443e+00  2.17859840e+00  1.09e-01 2.37e-05  4.04e-05  7148s
  48   1.44562298e+00  1.76176085e+00  2.82e-02 1.03e-05  1.45e-05  7465s
  49   1.45832953e+00  1.61263605e+00  1.43e-02 5.06e-06  6.52e-06  7720s
  50   1.45949658e+00  1.58181994e+00  1.35e-02 3.76e-06  4.84e-06  7795s
  51   1.46992057e+00  1.57597324e+00  7.81e-03 3.52e-06  4.18e-06  7894s
  52   1.47497313e+00  1.57003736e+00  5.76e-03 3.26e-06  3.73e-06  7949s
  53   1.47729785e+00  1.56696339e+00  4.96e-03 3.13e-06  3.51e-06  8026s
  54   1.47913816e+00  1.56352450e+00  4.32e-03 2.99e-06  3.30e-06  8101s
  55   1.48300863e+00  1.55020588e+00  3.08e-03 2.43e-06  2.59e-06  8162s
  56   1.48463799e+00  1.54532631e+00  2.71e-03 2.20e-06  2.32e-06  8208s
  57   1.48574240e+00  1.53919884e+00  2.51e-03 1.92e-06  2.01e-06  8257s
  58   1.48831387e+00  1.53159742e+00  2.08e-03 1.56e-06  1.60e-06  8338s
  59   1.49008995e+00  1.53059836e+00  1.80e-03 1.50e-06  1.50e-06  8387s
  60   1.49062072e+00  1.52493174e+00  1.74e-03 1.15e-06  1.16e-06  8457s
  61   1.49199817e+00  1.52282896e+00  1.59e-03 9.96e-07  9.98e-07  8555s
  62   1.49275607e+00  1.52044103e+00  1.50e-03 9.13e-07  9.06e-07  8590s
  63   1.49391658e+00  1.51960008e+00  1.42e-03 8.12e-07  7.99e-07  8627s
  64   1.49722753e+00  1.51919417e+00  1.13e-03 7.46e-07  7.07e-07  8692s
  65   1.50152333e+00  1.51859553e+00  8.66e-04 6.83e-07  6.12e-07  8768s
  66   1.50218119e+00  1.51883319e+00  8.25e-04 6.10e-07  5.48e-07  8826s
  67   1.50613616e+00  1.51859657e+00  6.39e-04 5.58e-07  4.73e-07  8890s
  68   1.50690633e+00  1.51864772e+00  6.08e-04 4.97e-07  4.21e-07  8941s
  69   1.50872832e+00  1.51893968e+00  5.41e-04 4.15e-07  3.48e-07  8994s
  70   1.51001704e+00  1.51966946e+00  4.91e-04 3.73e-07  3.11e-07  9035s
  71   1.51096324e+00  1.51985790e+00  4.58e-04 3.56e-07  2.94e-07  9091s
  72   1.51115835e+00  1.52004010e+00  4.52e-04 3.45e-07  2.85e-07  9128s
  73   1.51143892e+00  1.52028438e+00  4.45e-04 3.31e-07  2.74e-07  9179s
  74   1.51215166e+00  1.52058577e+00  4.24e-04 3.15e-07  2.59e-07  9227s
  75   1.51238236e+00  1.52079970e+00  4.17e-04 3.05e-07  2.51e-07  9272s
  76   1.51389644e+00  1.52166424e+00  3.86e-04 2.73e-07  2.25e-07  9323s
  77   1.51631061e+00  1.52373166e+00  3.42e-04 2.24e-07  1.89e-07  9404s
  78   1.51771825e+00  1.52468204e+00  3.23e-04 2.08e-07  1.77e-07  9467s
  79   1.51934808e+00  1.52690746e+00  3.07e-04 1.82e-07  1.63e-07  9542s
  80   1.52182784e+00  1.52927571e+00  2.84e-04 1.59e-07  1.49e-07  9669s
  81   1.52462134e+00  1.53146792e+00  2.53e-04 1.40e-07  1.35e-07  9752s
  82   1.52698027e+00  1.53406332e+00  2.29e-04 1.19e-07  1.22e-07  9863s
  83   1.52891458e+00  1.53574194e+00  2.09e-04 1.06e-07  1.13e-07  9931s
  84   1.52993589e+00  1.53604899e+00  1.98e-04 1.03e-07  1.09e-07  9986s
  85   1.53158784e+00  1.53869426e+00  1.82e-04 8.37e-08  9.75e-08  10101s
  86   1.53291993e+00  1.53974124e+00  1.68e-04 7.39e-08  8.85e-08  10186s
  87   1.53528133e+00  1.54088095e+00  1.44e-04 6.48e-08  7.73e-08  10257s
  88   1.53557146e+00  1.54171915e+00  1.40e-04 5.74e-08  7.27e-08  10313s
  89   1.53631120e+00  1.54305433e+00  1.32e-04 4.63e-08  6.50e-08  10379s
  90   1.53750212e+00  1.54406191e+00  1.19e-04 3.75e-08  5.70e-08  10468s
  91   1.53803834e+00  1.54493361e+00  1.13e-04 2.94e-08  5.08e-08  10542s
  92   1.54076573e+00  1.54557588e+00  8.16e-05 2.32e-08  3.83e-08  10622s
  93   1.54101357e+00  1.54600515e+00  7.85e-05 1.83e-08  3.45e-08  10693s
  94   1.54283255e+00  1.54611019e+00  5.66e-05 1.71e-08  2.75e-08  10764s
  95   1.54322732e+00  1.54620804e+00  5.18e-05 1.64e-08  2.58e-08  10820s
  96   1.54413814e+00  1.54655884e+00  4.17e-05 1.24e-08  2.01e-08  10873s
  97   1.54462507e+00  1.54688490e+00  3.58e-05 8.01e-09  1.55e-08  10945s
  98   1.54519527e+00  1.54707144e+00  2.84e-05 5.21e-09  1.15e-08  11003s
  99   1.54536666e+00  1.54716255e+00  2.60e-05 3.51e-09  9.58e-09  11052s
 100   1.54551177e+00  1.54717103e+00  2.39e-05 2.95e-09  8.57e-09  11106s
 101   1.54559841e+00  1.54717367e+00  2.26e-05 2.79e-09  8.11e-09  11149s
 102   1.54565221e+00  1.54717051e+00  2.18e-05 2.63e-09  7.03e-09  11196s
 103   1.54583598e+00  1.54714841e+00  1.91e-05 5.50e-09  5.91e-09  11252s
 104   1.54586336e+00  1.54713921e+00  1.86e-05 4.64e-09  5.59e-09  11310s
 105   1.54621679e+00  1.54713526e+00  1.32e-05 4.26e-09  4.25e-09  11350s
 106   1.54646062e+00  1.54713497e+00  9.61e-06 4.03e-09  3.32e-09  11424s
 107   1.54652661e+00  1.54713057e+00  8.66e-06 2.78e-09  2.78e-09  11498s
 108   1.54655070e+00  1.54712379e+00  8.29e-06 2.35e-09  2.47e-09  11552s
 109   1.54655344e+00  1.54711937e+00  8.25e-06 2.15e-09  2.35e-09  11611s
 110   1.54671443e+00  1.54711620e+00  5.82e-06 3.43e-09  1.71e-09  11701s
 111   1.54676261e+00  1.54711553e+00  5.09e-06 3.31e-09  1.53e-09  11778s
 112   1.54695697e+00  1.54711438e+00  2.18e-06 7.58e-09  7.51e-10  11880s
 113   1.54700686e+00  1.54711135e+00  1.49e-06 2.05e-09  5.00e-10  11992s
 114   1.54700863e+00  1.54710935e+00  1.45e-06 3.24e-09  4.53e-10  12062s
 115   1.54704488e+00  1.54710888e+00  8.62e-07 2.94e-09  3.13e-10  12148s
 116   1.54704688e+00  1.54710791e+00  8.12e-07 2.58e-08  2.86e-10  12191s
 117   1.54705043e+00  1.54710773e+00  7.48e-07 2.45e-08  2.70e-10  12272s
 118   1.54705044e+00  1.54710770e+00  7.49e-07 2.45e-08  2.70e-10  12312s
 119   1.54705608e+00  1.54710764e+00  6.62e-07 2.45e-08  2.48e-10  12365s
 120   1.54708297e+00  1.54710746e+00  3.22e-07 8.41e-09  1.49e-10  12455s
 121   1.54709163e+00  1.54710667e+00  2.08e-07 2.20e-08  1.01e-10  12514s
 122   1.54709306e+00  1.54710653e+00  2.20e-07 1.48e-08  9.25e-11  12590s
 123   1.54709313e+00  1.54710651e+00  2.32e-07 2.90e-08  9.19e-11  12635s
 124   1.54709321e+00  1.54710635e+00  2.27e-07 4.10e-08  8.96e-11  12690s
 125   1.54709338e+00  1.54710715e+00  7.78e-07 5.57e-07  8.92e-11  12742s
 126   1.54709347e+00  1.54710525e+00  7.58e-07 2.05e-07  5.67e-11  12788s
 127   1.54709354e+00  1.54710515e+00  7.51e-07 1.56e-08  5.48e-11  12851s
 128   1.54709810e+00  1.54710470e+00  6.66e-07 9.74e-09  3.26e-11  12921s
 129   1.54709867e+00  1.54710435e+00  5.99e-07 5.65e-09  2.61e-11  13019s
 130   1.54709867e+00  1.54710426e+00  5.99e-07 7.71e-09  2.56e-11  13060s
 131   1.54710145e+00  1.54710413e+00  2.75e-07 2.37e-09  1.25e-11  13184s
 132   1.54710209e+00  1.54710401e+00  2.05e-07 9.64e-10  8.50e-12  13312s
 133   1.54710284e+00  1.54710378e+00  4.71e-05 1.46e-08  4.22e-12  13381s
 134   1.54710284e+00  1.54710380e+00  4.70e-05 1.38e-08  4.11e-12  13422s
 135   1.54710284e+00  1.54710380e+00  4.70e-05 1.30e-08  4.10e-12  13486s
 136   1.54710296e+00  1.54710382e+00  3.94e-05 1.27e-08  3.62e-12  13534s
 137   1.54710241e+00  1.54710315e+00  3.87e-05 1.03e-07  3.49e-12  13579s
 138   1.54710283e+00  1.54710311e+00  2.12e-05 4.89e-07  1.36e-12  13629s
 139   1.54710289e+00  1.54710313e+00  1.99e-05 4.71e-07  1.28e-12  13736s
 140   1.54710300e+00  1.54710317e+00  1.74e-05 3.30e-07  1.15e-12  13803s
 141   1.54710307e+00  1.54710316e+00  1.43e-05 2.59e-07  6.68e-13  13860s
 142   1.54710363e+00  1.54710324e+00  4.73e-06 2.32e-07  3.67e-13  13893s
 143   1.54710379e+00  1.54710339e+00  2.30e-06 1.84e-07  2.50e-13  13949s
 144   1.54710393e+00  1.54710349e+00  1.94e-06 2.48e-07  2.24e-13  14018s
 145   1.54710394e+00  1.54710351e+00  1.92e-06 2.43e-07  2.21e-13  14068s
 146   1.54710399e+00  1.54710351e+00  1.90e-06 2.43e-07  2.20e-13  14110s
 147   1.54710396e+00  1.54710357e+00  1.22e-06 2.15e-07  2.04e-13  14177s
 148   1.54710397e+00  1.54710359e+00  1.16e-06 1.28e-07  1.90e-13  14246s
 149   1.54710400e+00  1.54710361e+00  7.83e-07 1.21e-07  1.65e-13  14292s
 150   1.54710397e+00  1.54710361e+00  7.44e-07 1.21e-07  1.62e-13  14335s
 151   1.54710389e+00  1.54710342e+00  6.45e-07 9.09e-08  7.55e-14  14379s
 152   1.54710390e+00  1.54710346e+00  3.82e-07 8.41e-08  5.92e-14  14421s
 153   1.54710390e+00  1.54710347e+00  3.44e-07 8.39e-08  5.67e-14  14518s
 154   1.54710395e+00  1.54710350e+00  1.28e-07 7.82e-08  4.39e-14  14617s
 155   1.54710393e+00  1.54710351e+00  8.74e-08 7.63e-08  4.03e-14  14701s
 156   1.54710393e+00  1.54710358e+00  2.57e-07 6.17e-08  3.27e-14  14739s
 157   1.54710392e+00  1.54710360e+00  2.00e-07 6.10e-07  3.13e-14  14792s
 158   1.54710392e+00  1.54710360e+00  1.96e-07 6.07e-07  3.12e-14  14834s
 159   1.54710392e+00  1.54710360e+00  2.18e-07 6.08e-07  3.12e-14  14910s
 160   1.54710392e+00  1.54710359e+00  2.53e-07 6.26e-08  3.12e-14  14998s
 161   1.54710380e+00  1.54710359e+00  2.30e-07 6.19e-08  3.09e-14  15044s

Barrier solved model in 161 iterations and 15043.68 seconds (10378.33 work units)
Optimal objective 1.54710380e+00

