Set parameter Username
Academic license - for non-commercial use only - expires 2027-02-09
Set parameter Threads to value 4
Set parameter Method to value 2
Set parameter BarOrder to value 1
Set parameter BarHomogeneous to value 1
Set parameter NumericFocus to value 2
Set parameter Crossover to value 0
Gurobi Optimizer version 9.5.1 build v9.5.1rc2 (linux64)
Thread count: 32 physical cores, 64 logical processors, using up to 4 threads
Optimize a model with 19678055 rows, 38519924 columns and 147000056 nonzeros
Model fingerprint: 0xcbbaa160
Coefficient statistics:
  Matrix range     [7e-05, 3e+00]
  Objective range  [1e+00, 1e+00]
  Bounds range     [0e+00, 0e+00]
  RHS range        [1e-03, 1e+00]
Presolve removed 0 rows and 0 columns (presolve time = 11s) ...
Presolve removed 5725275 rows and 32854054 columns (presolve time = 15s) ...
Presolve removed 5725275 rows and 33247569 columns (presolve time = 23s) ...
Presolve removed 5725275 rows and 33247660 columns (presolve time = 26s) ...
Presolve removed 7872970 rows and 33247660 columns (presolve time = 35s) ...
Presolve removed 7875310 rows and 33250000 columns (presolve time = 41s) ...
Presolve removed 7881251 rows and 33255941 columns (presolve time = 78s) ...
Presolve removed 7897813 rows and 33255942 columns (presolve time = 83s) ...
Presolve removed 7897813 rows and 33255942 columns (presolve time = 86s) ...
Presolve removed 7897813 rows and 33255942 columns (presolve time = 94s) ...
Presolve removed 7897813 rows and 33255942 columns
Presolve time: 96.51s
Presolved: 11780242 rows, 5263982 columns, 83940501 nonzeros
Elapsed ordering time = 7s
Elapsed ordering time = 10s
Elapsed ordering time = 16s
Ordering time: 18.52s

Barrier statistics:
 Dense cols : 425
 AA' NZ     : 3.120e+08
 Factor NZ  : 4.984e+08 (roughly 8.0 GB of memory)
 Factor Ops : 5.541e+10 (roughly 2 seconds per iteration)
 Threads    : 4

                  Objective                Residual
Iter       Primal          Dual         Primal    Dual     Compl     Time
   0   3.36746590e+00  3.12500000e+01  1.97e+08 6.25e-02  1.00e+06  3669s
   1   4.73353671e+00  5.69919541e+06  1.75e+08 6.19e+02  8.67e+05  3693s
   2   4.15146615e+00  9.17985801e+06  1.35e+08 2.44e+02  5.47e+05  3724s
   3   4.36706762e+01  6.67156799e+06  8.81e+07 2.26e+02  3.78e+05  3760s
   4   5.39535475e+00  2.95311195e+05  5.00e+06 1.05e+01  1.25e+03  3793s
   5   4.70041550e+00  9.63829102e+04  2.62e+06 2.96e+00  3.10e+02  3830s
   6   4.31577649e+00  6.17709720e+04  1.69e+06 1.70e+00  1.51e+02  3872s
   7   4.00403141e+00  3.25672871e+04  1.08e+06 8.35e-01  6.95e+01  3904s
   8   3.82838847e+00  1.95392794e+04  7.92e+05 4.84e-01  4.07e+01  3947s
   9   3.70954792e+00  1.16927805e+04  6.00e+05 2.83e-01  2.57e+01  3990s
  10   3.63423881e+00  6.87192848e+03  4.54e+05 1.59e-01  1.71e+01  4032s
  11   3.53048616e+00  3.90042830e+03  3.38e+05 8.86e-02  1.17e+01  4078s
  12   3.10088066e+00  2.47559926e+03  2.34e+05 5.61e-02  7.97e+00  4118s
  13   2.86017232e+00  1.59786758e+03  1.81e+05 3.62e-02  6.10e+00  4149s
  14   2.76066091e+00  1.29759294e+03  1.60e+05 2.94e-02  5.39e+00  4174s
  15   2.59134092e+00  1.03502434e+03  1.20e+05 2.36e-02  4.10e+00  4200s
  16   2.50663964e+00  9.32083374e+02  9.69e+04 2.13e-02  3.33e+00  4226s
  17   2.54532232e+00  7.64914092e+02  8.46e+04 1.77e-02  2.92e+00  4251s
  18   2.61985688e+00  4.94249437e+02  6.45e+04 1.15e-02  2.23e+00  4283s
  19   2.73098925e+00  3.19428674e+02  3.95e+04 7.45e-03  1.39e+00  4323s
  20   2.93693112e+00  1.56395889e+02  1.73e+04 3.55e-03  6.07e-01  4373s
  21   3.03250961e+00  9.46920909e+01  9.74e+03 2.09e-03  3.35e-01  4416s
  22   3.20905324e+00  6.46067439e+01  7.07e+03 1.37e-03  2.36e-01  4451s
  23   3.36225646e+00  5.02689511e+01  5.50e+03 1.01e-03  1.74e-01  4478s
  24   3.51535485e+00  3.69552718e+01  4.05e+03 6.70e-04  1.15e-01  4504s
  25   3.59767501e+00  3.56536979e+01  2.87e+03 6.38e-04  8.12e-02  4531s
  26   3.63627534e+00  2.50806791e+01  2.11e+03 3.81e-04  4.82e-02  4566s
  27   3.50809521e+00  2.18467081e+01  1.77e+03 3.18e-04  3.80e-02  4615s
  28   3.10865355e+00  1.36299783e+01  1.46e+03 1.72e-04  2.36e-02  4673s
  29   2.57742072e+00  9.26796251e+00  9.58e+02 9.75e-05  1.15e-02  4732s
  30   2.37133640e+00  5.71447918e+00  7.78e+02 4.45e-05  5.50e-03  4791s
  31   1.80768977e+00  3.88240131e+00  2.76e+02 2.24e-05  1.18e-03  4840s
  32   1.67323209e+00  2.63810074e+00  1.34e+02 1.02e-05  3.20e-04  4895s
  33   1.61327359e+00  2.23733222e+00  6.35e+01 6.32e-06  1.10e-04  4945s
  34   1.60781323e+00  2.02044678e+00  5.58e+01 4.26e-06  7.53e-05  5004s
  35   1.59701659e+00  1.94396554e+00  3.76e+01 3.48e-06  4.54e-05  5063s
  36   1.59488897e+00  1.85715880e+00  3.34e+01 2.65e-06  3.42e-05  5124s
  37   1.59440920e+00  1.82873502e+00  3.12e+01 2.36e-06  2.97e-05  5166s
  38   1.59341926e+00  1.80836487e+00  2.63e+01 2.12e-06  2.36e-05  5229s
  39   1.59910677e+00  1.75397653e+00  1.86e+01 1.52e-06  1.41e-05  5287s
  40   1.60701490e+00  1.72061994e+00  1.33e+01 1.05e-06  8.44e-06  5347s
  41   1.61689200e+00  1.70955282e+00  1.17e+01 8.26e-07  6.71e-06  5420s
  42   1.62563681e+00  1.70378979e+00  1.03e+01 6.61e-07  5.44e-06  5491s
  43   1.62831863e+00  1.70028032e+00  9.75e+00 5.56e-07  4.84e-06  5567s
  44   1.63863416e+00  1.69798451e+00  8.11e+00 4.58e-07  3.83e-06  5651s
  45   1.65041355e+00  1.69643095e+00  5.78e+00 4.07e-07  2.74e-06  5716s
  46   1.65572101e+00  1.69369359e+00  4.73e+00 2.96e-07  2.10e-06  5809s
  47   1.65734860e+00  1.69154007e+00  3.33e+00 2.71e-07  1.55e-06  5873s
  48   1.65752044e+00  1.68912528e+00  3.29e+00 2.40e-07  1.49e-06  5948s
  49   1.65968830e+00  1.68684844e+00  2.39e+00 2.13e-07  1.13e-06  6046s
  50   1.65969877e+00  1.68514159e+00  2.35e+00 2.01e-07  1.10e-06  6151s
  51   1.65967748e+00  1.68375370e+00  2.29e+00 1.94e-07  1.07e-06  6228s
  52   1.65959694e+00  1.68240569e+00  2.25e+00 1.80e-07  1.04e-06  6302s
  53   1.65880947e+00  1.68120059e+00  1.98e+00 1.72e-07  9.42e-07  6377s
  54   1.65873494e+00  1.68121048e+00  1.95e+00 1.69e-07  9.29e-07  6461s
  55   1.65778310e+00  1.67986567e+00  1.75e+00 1.62e-07  8.55e-07  6585s
  56   1.65758315e+00  1.67915845e+00  1.70e+00 1.59e-07  8.35e-07  6663s
  57   1.65742653e+00  1.67870076e+00  1.66e+00 1.57e-07  8.20e-07  6765s
  58   1.65669462e+00  1.67768852e+00  1.55e+00 1.52e-07  7.76e-07  6862s
  59   1.65648859e+00  1.67641235e+00  1.50e+00 1.45e-07  7.52e-07  6969s
  60   1.65590882e+00  1.67476074e+00  1.43e+00 1.36e-07  7.15e-07  7075s
  61   1.65344394e+00  1.67244990e+00  1.15e+00 1.24e-07  6.09e-07  7206s
  62   1.65293304e+00  1.66930978e+00  1.06e+00 1.09e-07  5.61e-07  7342s
  63   1.65205666e+00  1.66616968e+00  1.00e+00 9.25e-08  5.17e-07  7501s
  64   1.65193464e+00  1.66198638e+00  8.83e-01 6.92e-08  4.44e-07  7661s
  65   1.64976376e+00  1.66040209e+00  6.58e-01 6.10e-08  3.58e-07  7857s
  66   1.64904939e+00  1.65929199e+00  6.13e-01 5.64e-08  3.36e-07  8088s
  67   1.64895335e+00  1.65828629e+00  5.97e-01 5.36e-08  3.25e-07  8248s
  68   1.64893764e+00  1.65758835e+00  5.97e-01 5.16e-08  3.21e-07  8474s
  69   1.64894135e+00  1.65828834e+00  5.97e-01 6.72e-08  3.27e-07  8550s
  70   1.64893957e+00  1.65825978e+00  5.97e-01 6.69e-08  3.26e-07  8602s
  71   1.64893492e+00  1.65825266e+00  5.96e-01 6.69e-08  3.26e-07  8674s
  72   1.64888572e+00  1.65814691e+00  5.90e-01 6.65e-08  3.24e-07  8724s
  73   1.64885953e+00  1.65797473e+00  5.88e-01 6.62e-08  3.22e-07  8798s
  74   1.64885565e+00  1.65790962e+00  5.87e-01 6.57e-08  3.21e-07  8876s
  75   1.64885184e+00  1.65761418e+00  5.86e-01 8.96e-08  3.19e-07  9028s
  76   1.64884056e+00  1.65759896e+00  5.86e-01 8.95e-08  3.19e-07  9076s
  77   1.64882908e+00  1.65754592e+00  5.85e-01 9.00e-08  3.19e-07  9132s
  78   1.64877525e+00  1.65745930e+00  5.83e-01 8.92e-08  3.17e-07  9189s
  79   1.64843331e+00  1.65549211e+00  5.56e-01 8.77e-08  2.96e-07  9306s
  80   1.64842545e+00  1.65546007e+00  5.55e-01 8.75e-08  2.96e-07  9384s
  81   1.64843195e+00  1.65546624e+00  5.55e-01 8.75e-08  2.96e-07  9448s
  82   1.64843166e+00  1.65446329e+00  5.55e-01 9.11e-08  2.90e-07  9617s
  83   1.64821286e+00  1.65364043e+00  5.37e-01 8.39e-08  2.77e-07  9706s
  84   1.64806975e+00  1.65285341e+00  5.28e-01 8.30e-08  2.69e-07  9836s
  85   1.64805086e+00  1.65284727e+00  5.25e-01 8.29e-08  2.68e-07  9900s
  86   1.64803074e+00  1.65261423e+00  5.24e-01 8.02e-08  2.66e-07  9962s
  87   1.64801848e+00  1.65255631e+00  5.23e-01 7.98e-08  2.66e-07  10016s
  88   1.64802268e+00  1.65271110e+00  5.23e-01 8.35e-08  2.67e-07  10126s
  89   1.64801219e+00  1.65258747e+00  5.22e-01 8.16e-08  2.66e-07  10202s
  90   1.64801380e+00  1.65258834e+00  5.22e-01 8.16e-08  2.66e-07  10260s
  91   1.64694738e+00  1.65218107e+00  4.61e-01 7.72e-08  2.43e-07  10354s
  92   1.64687722e+00  1.65200863e+00  4.56e-01 7.65e-08  2.40e-07  10437s
  93   1.64686793e+00  1.65199566e+00  4.55e-01 7.62e-08  2.40e-07  10492s
  94   1.64683908e+00  1.65198658e+00  4.54e-01 7.61e-08  2.39e-07  10549s
  95   1.64680460e+00  1.65195272e+00  4.53e-01 7.63e-08  2.38e-07  10605s
  96   1.64680835e+00  1.65196971e+00  4.53e-01 7.66e-08  2.39e-07  10672s
  97   1.64680558e+00  1.65194420e+00  4.53e-01 7.65e-08  2.38e-07  10793s
  98   1.64531996e+00  1.64951604e+00  3.63e-01 6.44e-08  1.94e-07  10906s
  99   1.64523931e+00  1.64934087e+00  3.59e-01 6.31e-08  1.92e-07  10963s
 100   1.64523766e+00  1.64933317e+00  3.59e-01 6.31e-08  1.92e-07  11046s
 101   1.64494870e+00  1.64855340e+00  3.46e-01 5.82e-08  1.83e-07  11124s
 102   1.64495779e+00  1.64856018e+00  3.46e-01 5.83e-08  1.83e-07  11200s
 103   1.64494092e+00  1.64817979e+00  3.46e-01 5.74e-08  1.80e-07  11298s
 104   1.64492188e+00  1.64816999e+00  3.43e-01 5.69e-08  1.79e-07  11406s
 105   1.64490225e+00  1.64794559e+00  3.43e-01 5.66e-08  1.77e-07  11461s
 106   1.64488092e+00  1.64788992e+00  3.42e-01 5.61e-08  1.77e-07  11522s
 107   1.64462099e+00  1.64681258e+00  3.22e-01 5.06e-08  1.63e-07  11641s
 108   1.64462494e+00  1.64681433e+00  3.22e-01 5.05e-08  1.63e-07  11712s
 109   1.64461980e+00  1.64680011e+00  3.22e-01 5.03e-08  1.63e-07  11779s
 110   1.64460816e+00  1.64669936e+00  3.21e-01 5.08e-08  1.62e-07  11859s
 111   1.64458720e+00  1.64667035e+00  3.19e-01 5.07e-08  1.61e-07  11952s
 112   1.64457103e+00  1.64662560e+00  3.19e-01 5.02e-08  1.61e-07  12018s
 113   1.64448420e+00  1.64652001e+00  3.14e-01 4.87e-08  1.58e-07  12078s
 114   1.64437341e+00  1.64605589e+00  3.09e-01 5.00e-08  1.53e-07  12214s
 115   1.64411806e+00  1.64578935e+00  2.93e-01 4.79e-08  1.46e-07  12347s
 116   1.64409666e+00  1.64552124e+00  2.92e-01 4.42e-08  1.43e-07  12502s
 117   1.64375463e+00  1.64526817e+00  2.67e-01 4.32e-08  1.33e-07  12643s
 118   1.64373150e+00  1.64527084e+00  2.60e-01 4.20e-08  1.30e-07  12751s
 119   1.64372444e+00  1.64521849e+00  2.58e-01 4.12e-08  1.28e-07  12828s
 120   1.64373042e+00  1.64522021e+00  2.58e-01 4.14e-08  1.28e-07  12879s
 121   1.64373013e+00  1.64516501e+00  2.52e-01 4.08e-08  1.25e-07  12974s
 122   1.64373301e+00  1.64516455e+00  2.52e-01 4.08e-08  1.24e-07  13028s
 123   1.64373776e+00  1.64516688e+00  2.51e-01 4.12e-08  1.24e-07  13082s
 124   1.64373780e+00  1.64513270e+00  2.51e-01 4.02e-08  1.23e-07  13188s
 125   1.64373967e+00  1.64513275e+00  2.50e-01 4.00e-08  1.23e-07  13244s
 126   1.64373861e+00  1.64513223e+00  2.50e-01 4.00e-08  1.23e-07  13290s
 127   1.64373613e+00  1.64511776e+00  2.50e-01 3.99e-08  1.23e-07  13348s
 128   1.64373672e+00  1.64512193e+00  2.50e-01 4.00e-08  1.23e-07  13411s
 129   1.64373672e+00  1.64511482e+00  2.50e-01 3.98e-08  1.23e-07  13473s
 130   1.64386796e+00  1.64512223e+00  2.39e-01 3.80e-08  1.16e-07  13663s
 131   1.64386824e+00  1.64512090e+00  2.39e-01 3.69e-08  1.16e-07  13747s
 132   1.64390939e+00  1.64514489e+00  2.34e-01 3.74e-08  1.13e-07  13840s
 133   1.64395613e+00  1.64520694e+00  2.29e-01 3.48e-08  1.10e-07  13926s
 134   1.64395666e+00  1.64520668e+00  2.29e-01 3.48e-08  1.10e-07  14008s
 135   1.64401774e+00  1.64525225e+00  2.23e-01 3.35e-08  1.07e-07  14088s
 136   1.64418021e+00  1.64528545e+00  2.11e-01 3.31e-08  1.02e-07  14137s
 137   1.64418308e+00  1.64528585e+00  2.10e-01 3.31e-08  1.01e-07  14194s
 138   1.64424135e+00  1.64534127e+00  2.06e-01 2.96e-08  9.93e-08  14285s
 139   1.64424751e+00  1.64538575e+00  2.06e-01 2.83e-08  9.88e-08  14356s
 140   1.64425158e+00  1.64538628e+00  2.05e-01 2.83e-08  9.87e-08  14414s
 141   1.64425959e+00  1.64540111e+00  2.05e-01 2.82e-08  9.84e-08  14477s
 142   1.64427119e+00  1.64543694e+00  2.04e-01 2.77e-08  9.77e-08  14577s
 143   1.64435171e+00  1.64546107e+00  1.98e-01 2.66e-08  9.51e-08  14636s
 144   1.64435172e+00  1.64546050e+00  1.98e-01 2.71e-08  9.51e-08  14704s
 145   1.64435359e+00  1.64546103e+00  1.98e-01 2.70e-08  9.50e-08  14772s
 146   1.64443716e+00  1.64547732e+00  1.92e-01 2.70e-08  9.24e-08  14840s
 147   1.64446081e+00  1.64551690e+00  1.90e-01 2.60e-08  9.13e-08  14960s
 148   1.64457023e+00  1.64555547e+00  1.82e-01 2.52e-08  8.75e-08  15042s
 149   1.64457038e+00  1.64555561e+00  1.82e-01 2.56e-08  8.75e-08  15131s
 150   1.64457093e+00  1.64555603e+00  1.82e-01 2.51e-08  8.74e-08  15184s
 151   1.64457974e+00  1.64555988e+00  1.82e-01 2.34e-08  8.73e-08  15323s
 152   1.64460301e+00  1.64558655e+00  1.80e-01 2.30e-08  8.63e-08  15370s
 153   1.64461415e+00  1.64558847e+00  1.79e-01 2.30e-08  8.59e-08  15439s
 154   1.64465174e+00  1.64561491e+00  1.76e-01 2.27e-08  8.45e-08  15559s
 155   1.64465461e+00  1.64562367e+00  1.76e-01 2.25e-08  8.43e-08  15637s
 156   1.64469309e+00  1.64563293e+00  1.73e-01 2.24e-08  8.29e-08  15745s
 157   1.64469320e+00  1.64563310e+00  1.73e-01 2.23e-08  8.29e-08  15808s
 158   1.64469492e+00  1.64563709e+00  1.73e-01 2.26e-08  8.28e-08  15879s
 159   1.64470786e+00  1.64565529e+00  1.72e-01 2.20e-08  8.22e-08  15961s
 160   1.64472427e+00  1.64566810e+00  1.70e-01 2.16e-08  8.15e-08  16024s
 161   1.64473603e+00  1.64567010e+00  1.69e-01 2.16e-08  8.11e-08  16108s
 162   1.64475727e+00  1.64568359e+00  1.67e-01 2.12e-08  8.02e-08  16165s
 163   1.64492531e+00  1.64570829e+00  1.53e-01 2.08e-08  7.39e-08  16340s
 164   1.64494716e+00  1.64570958e+00  1.52e-01 2.08e-08  7.32e-08  16425s
 165   1.64494749e+00  1.64571085e+00  1.52e-01 2.04e-08  7.31e-08  16518s
 166   1.64505435e+00  1.64578863e+00  1.45e-01 1.81e-08  6.98e-08  16624s
 167   1.64514192e+00  1.64581925e+00  1.38e-01 1.89e-08  6.66e-08  16697s
 168   1.64517497e+00  1.64584295e+00  1.35e-01 2.32e-08  6.53e-08  16765s
 169   1.64517653e+00  1.64585644e+00  1.35e-01 2.64e-08  6.53e-08  16860s
 170   1.64517653e+00  1.64585645e+00  1.35e-01 2.64e-08  6.53e-08  16906s
 171   1.64517769e+00  1.64585889e+00  1.35e-01 2.72e-08  6.53e-08  17015s
 172   1.64522151e+00  1.64587527e+00  1.31e-01 2.63e-08  6.36e-08  17153s
 173   1.64526018e+00  1.64588188e+00  1.28e-01 2.64e-08  6.21e-08  17225s
 174   1.64529098e+00  1.64590348e+00  1.26e-01 2.55e-08  6.08e-08  17330s
 175   1.64529195e+00  1.64590623e+00  1.25e-01 2.23e-08  6.07e-08  17384s
 176   1.64529324e+00  1.64590772e+00  1.25e-01 2.23e-08  6.07e-08  17440s
 177   1.64539927e+00  1.64592670e+00  1.19e-01 2.16e-08  5.79e-08  17558s
 178   1.64539918e+00  1.64592563e+00  1.19e-01 2.19e-08  5.78e-08  17608s
 179   1.64551022e+00  1.64594080e+00  1.12e-01 2.47e-08  5.50e-08  17678s
 180   1.64555125e+00  1.64595589e+00  1.08e-01 2.37e-08  5.34e-08  17763s
 181   1.64555495e+00  1.64597212e+00  1.08e-01 2.33e-08  5.31e-08  17845s
 182   1.64557140e+00  1.64597303e+00  1.06e-01 2.32e-08  5.24e-08  17908s
 183   1.64557139e+00  1.64597291e+00  1.06e-01 2.32e-08  5.24e-08  17960s
 184   1.64557143e+00  1.64597858e+00  1.06e-01 2.22e-08  5.24e-08  18094s
 185   1.64557148e+00  1.64597779e+00  1.06e-01 2.25e-08  5.23e-08  18181s
 186   1.64557163e+00  1.64597784e+00  1.06e-01 2.25e-08  5.23e-08  18239s
 187   1.64557167e+00  1.64598361e+00  1.06e-01 2.22e-08  5.23e-08  18313s
 188   1.64558242e+00  1.64599287e+00  1.05e-01 2.20e-08  5.18e-08  18379s
 189   1.64558280e+00  1.64599412e+00  1.05e-01 2.19e-08  5.17e-08  18430s
 190   1.64564116e+00  1.64602574e+00  1.02e-01 2.05e-08  5.01e-08  18539s
 191   1.64568366e+00  1.64605982e+00  9.78e-02 1.93e-08  4.82e-08  18629s
 192   1.64568630e+00  1.64607969e+00  9.76e-02 1.88e-08  4.79e-08  18733s
 193   1.64572706e+00  1.64609532e+00  9.38e-02 1.84e-08  4.61e-08  18812s
 194   1.64572864e+00  1.64610058e+00  9.37e-02 1.83e-08  4.60e-08  18862s
 195   1.64572951e+00  1.64610130e+00  9.36e-02 1.90e-08  4.59e-08  18942s
 196   1.64573228e+00  1.64610797e+00  9.34e-02 1.91e-08  4.58e-08  18994s
 197   1.64575619e+00  1.64611024e+00  9.14e-02 1.90e-08  4.49e-08  19076s
 198   1.64577717e+00  1.64613022e+00  8.95e-02 1.89e-08  4.39e-08  19166s
 199   1.64578655e+00  1.64614297e+00  8.87e-02 1.86e-08  4.35e-08  19258s
 200   1.64578746e+00  1.64614311e+00  8.88e-02 1.86e-08  4.35e-08  19300s
 201   1.64584263e+00  1.64618665e+00  8.58e-02 1.73e-08  4.20e-08  19416s
 202   1.64585816e+00  1.64620260e+00  8.44e-02 1.74e-08  4.13e-08  19516s
 203   1.64586130e+00  1.64620506e+00  8.41e-02 1.74e-08  4.11e-08  19560s
 204   1.64586583e+00  1.64621155e+00  8.38e-02 1.75e-08  4.09e-08  19621s
 205   1.64586697e+00  1.64621318e+00  8.37e-02 1.75e-08  4.09e-08  19678s
 206   1.64588399e+00  1.64622688e+00  8.23e-02 1.76e-08  4.02e-08  19752s
 207   1.64588481e+00  1.64622851e+00  8.22e-02 1.76e-08  4.01e-08  19828s
 208   1.64590565e+00  1.64624077e+00  8.04e-02 1.74e-08  3.92e-08  19904s
 209   1.64590898e+00  1.64624319e+00  8.04e-02 1.73e-08  3.93e-08  19965s
 210   1.64590862e+00  1.64624288e+00  8.04e-02 1.72e-08  3.93e-08  20024s
 211   1.64591654e+00  1.64625969e+00  7.97e-02 1.71e-08  3.89e-08  20100s
 212   1.64591712e+00  1.64626159e+00  7.97e-02 1.71e-08  3.89e-08  20203s
 213   1.64593378e+00  1.64631713e+00  7.83e-02 1.73e-08  3.79e-08  20368s
 214   1.64593511e+00  1.64632667e+00  7.81e-02 1.73e-08  3.78e-08  20476s
 215   1.64595158e+00  1.64633450e+00  7.68e-02 1.78e-08  3.71e-08  20606s
 216   1.64595274e+00  1.64633555e+00  7.67e-02 1.78e-08  3.71e-08  20666s
 217   1.64595270e+00  1.64633506e+00  7.67e-02 1.75e-08  3.71e-08  20751s
 218   1.64595317e+00  1.64633555e+00  7.66e-02 1.73e-08  3.70e-08  20798s
 219   1.64596171e+00  1.64633884e+00  7.59e-02 1.74e-08  3.67e-08  20852s
 220   1.64597774e+00  1.64634193e+00  7.43e-02 1.78e-08  3.60e-08  20901s
 221   1.64599899e+00  1.64634882e+00  7.23e-02 1.82e-08  3.51e-08  20936s
 222   1.64600872e+00  1.64635589e+00  7.14e-02 1.87e-08  3.46e-08  21012s
 223   1.64601163e+00  1.64636530e+00  7.12e-02 1.79e-08  3.44e-08  21078s
 224   1.64601217e+00  1.64636606e+00  7.11e-02 1.81e-08  3.44e-08  21186s
 225   1.64601939e+00  1.64636817e+00  7.05e-02 1.74e-08  3.41e-08  21233s
 226   1.64602063e+00  1.64636862e+00  7.03e-02 1.75e-08  3.40e-08  21286s
 227   1.64602312e+00  1.64637767e+00  7.01e-02 1.78e-08  3.38e-08  21355s
 228   1.64602982e+00  1.64638041e+00  6.95e-02 1.73e-08  3.35e-08  21466s
 229   1.64603153e+00  1.64639502e+00  6.93e-02 1.82e-08  3.33e-08  21564s
 230   1.64603370e+00  1.64640597e+00  6.91e-02 1.76e-08  3.31e-08  21652s
 231   1.64603434e+00  1.64640668e+00  6.90e-02 1.76e-08  3.31e-08  21700s
 232   1.64603412e+00  1.64640584e+00  6.90e-02 1.65e-08  3.31e-08  21762s
 233   1.64605148e+00  1.64641512e+00  6.74e-02 1.58e-08  3.23e-08  21856s
 234   1.64608985e+00  1.64642093e+00  6.36e-02 1.53e-08  3.06e-08  21896s
 235   1.64611258e+00  1.64643571e+00  6.13e-02 1.45e-08  2.95e-08  21964s
 236   1.64611269e+00  1.64643600e+00  6.13e-02 1.45e-08  2.95e-08  22006s
 237   1.64611482e+00  1.64645283e+00  6.11e-02 1.41e-08  2.94e-08  22095s
 238   1.64611802e+00  1.64646365e+00  6.08e-02 1.33e-08  2.91e-08  22180s
 239   1.64612870e+00  1.64646602e+00  5.99e-02 1.35e-08  2.88e-08  22243s
 240   1.64612882e+00  1.64646610e+00  5.99e-02 1.33e-08  2.87e-08  22312s
 241   1.64612897e+00  1.64646613e+00  5.99e-02 1.33e-08  2.87e-08  22347s
 242   1.64613077e+00  1.64647139e+00  5.97e-02 1.32e-08  2.86e-08  22382s
 243   1.64614158e+00  1.64649335e+00  5.85e-02 1.14e-08  2.78e-08  22432s
 244   1.64614315e+00  1.64650999e+00  5.84e-02 1.03e-08  2.75e-08  22482s
 245   1.64614387e+00  1.64651179e+00  5.83e-02 1.01e-08  2.75e-08  22542s
 246   1.64614571e+00  1.64651407e+00  5.81e-02 9.81e-09  2.74e-08  22583s
 247   1.64618630e+00  1.64653826e+00  5.39e-02 8.61e-09  2.53e-08  22684s
 248   1.64622854e+00  1.64656245e+00  4.86e-02 7.35e-09  2.28e-08  22824s
 249   1.64623702e+00  1.64657087e+00  4.76e-02 6.65e-09  2.22e-08  22935s
 250   1.64626597e+00  1.64659042e+00  4.42e-02 5.22e-09  2.04e-08  23055s
 251   1.64626657e+00  1.64659084e+00  4.41e-02 4.98e-09  2.04e-08  23103s
 252   1.64630356e+00  1.64659235e+00  3.95e-02 5.00e-09  1.83e-08  23167s
 253   1.64630456e+00  1.64659247e+00  3.94e-02 4.73e-09  1.82e-08  23231s
 254   1.64631384e+00  1.64659292e+00  3.81e-02 4.83e-09  1.76e-08  23294s
 255   1.64631647e+00  1.64659438e+00  3.78e-02 3.91e-09  1.73e-08  23379s
 256   1.64631700e+00  1.64659366e+00  3.77e-02 4.19e-09  1.72e-08  23454s
 257   1.64631708e+00  1.64659337e+00  3.77e-02 5.04e-09  1.72e-08  23502s
 258   1.64634078e+00  1.64660646e+00  3.53e-02 6.25e-09  1.61e-08  23589s
 259   1.64634189e+00  1.64660527e+00  3.51e-02 7.36e-09  1.60e-08  23640s
 260   1.64634301e+00  1.64660357e+00  3.49e-02 8.38e-09  1.59e-08  23714s
 261   1.64641806e+00  1.64659507e+00  2.29e-02 6.45e-09  1.06e-08  23823s
 262   1.64641817e+00  1.64659382e+00  2.29e-02 1.13e-08  1.06e-08  23875s
 263   1.64642522e+00  1.64659157e+00  2.16e-02 1.16e-08  9.96e-09  23952s
 264   1.64642602e+00  1.64658540e+00  2.14e-02 9.55e-09  9.83e-09  24009s
 265   1.64642703e+00  1.64658456e+00  2.11e-02 1.04e-08  9.70e-09  24108s
 266   1.64642847e+00  1.64658000e+00  2.07e-02 1.04e-08  9.51e-09  24208s
 267   1.64643436e+00  1.64657333e+00  1.91e-02 9.59e-09  8.74e-09  24304s
 268   1.64643436e+00  1.64657328e+00  1.91e-02 9.53e-09  8.74e-09  24375s
 269   1.64643763e+00  1.64656697e+00  1.89e-02 8.54e-09  8.62e-09  24488s
 270   1.64643828e+00  1.64656087e+00  1.86e-02 8.19e-09  8.48e-09  24581s
 271   1.64643891e+00  1.64655223e+00  1.84e-02 7.31e-09  8.33e-09  24659s
 272   1.64644875e+00  1.64654103e+00  1.42e-02 7.81e-09  6.45e-09  24756s
 273   1.64644992e+00  1.64653889e+00  1.35e-02 9.24e-09  6.18e-09  24824s
 274   1.64645183e+00  1.64652930e+00  1.18e-02 9.30e-09  5.37e-09  24937s
 275   1.64645175e+00  1.64651331e+00  1.13e-02 7.27e-09  5.11e-09  25041s
 276   1.64645180e+00  1.64650272e+00  1.10e-02 6.75e-09  4.93e-09  25164s
 277   1.64645178e+00  1.64649923e+00  1.10e-02 6.49e-09  4.91e-09  25248s
 278   1.64645081e+00  1.64649737e+00  1.03e-02 6.35e-09  4.62e-09  25296s
 279   1.64645072e+00  1.64649463e+00  1.02e-02 6.78e-09  4.57e-09  25367s
 280   1.64644919e+00  1.64649084e+00  8.80e-03 6.37e-09  3.96e-09  25471s
 281   1.64644896e+00  1.64648562e+00  8.63e-03 5.98e-09  3.87e-09  25534s
 282   1.64644356e+00  1.64648042e+00  6.58e-03 5.30e-09  2.97e-09  25633s
 283   1.64644358e+00  1.64648048e+00  6.58e-03 5.36e-09  2.98e-09  25698s
 284   1.64644358e+00  1.64648044e+00  6.58e-03 5.28e-09  2.98e-09  25751s
 285   1.64644368e+00  1.64648047e+00  6.57e-03 5.28e-09  2.97e-09  25811s
 286   1.64644491e+00  1.64647672e+00  6.13e-03 4.98e-09  2.79e-09  25912s
 287   1.64644490e+00  1.64647669e+00  6.13e-03 4.84e-09  2.78e-09  25964s
 288   1.64644497e+00  1.64647536e+00  6.12e-03 5.82e-09  2.78e-09  26040s
 289   1.64644485e+00  1.64646885e+00  6.08e-03 5.12e-09  2.73e-09  26169s
 290   1.64644472e+00  1.64646789e+00  6.04e-03 5.13e-09  2.71e-09  26238s
 291   1.64644473e+00  1.64646790e+00  6.04e-03 5.20e-09  2.71e-09  26286s
 292   1.64644470e+00  1.64646551e+00  6.01e-03 5.61e-09  2.69e-09  26352s
 293   1.64644421e+00  1.64646535e+00  5.87e-03 5.72e-09  2.63e-09  26412s
 294   1.64644416e+00  1.64646266e+00  5.85e-03 5.40e-09  2.61e-09  26474s
 295   1.64644398e+00  1.64646142e+00  5.78e-03 6.51e-09  2.58e-09  26514s
 296   1.64644398e+00  1.64646114e+00  5.78e-03 6.47e-09  2.57e-09  26577s
 297   1.64644340e+00  1.64645998e+00  5.58e-03 6.59e-09  2.49e-09  26640s
 298   1.64644339e+00  1.64645983e+00  5.58e-03 6.58e-09  2.48e-09  26711s
 299   1.64644339e+00  1.64645982e+00  5.58e-03 6.58e-09  2.48e-09  26772s
 300   1.64644090e+00  1.64645908e+00  4.64e-03 5.60e-09  2.09e-09  26850s
 301   1.64644072e+00  1.64645341e+00  4.58e-03 4.85e-09  2.05e-09  26969s
 302   1.64644042e+00  1.64645122e+00  4.51e-03 4.45e-09  2.01e-09  27053s
 303   1.64643932e+00  1.64644587e+00  3.92e-03 4.90e-09  1.74e-09  27172s
 304   1.64643894e+00  1.64644444e+00  3.84e-03 4.93e-09  1.70e-09  27230s
 305   1.64643862e+00  1.64644224e+00  3.77e-03 7.37e-09  1.66e-09  27317s
 306   1.64643861e+00  1.64644224e+00  3.77e-03 7.37e-09  1.66e-09  27379s
 307   1.64643861e+00  1.64644224e+00  3.77e-03 7.37e-09  1.66e-09  27433s
 308   1.64643694e+00  1.64644153e+00  3.38e-03 7.77e-09  1.50e-09  27487s
 309   1.64643606e+00  1.64644116e+00  3.21e-03 7.51e-09  1.42e-09  27537s
 310   1.64643604e+00  1.64644109e+00  3.21e-03 7.14e-09  1.42e-09  27588s
 311   1.64643596e+00  1.64644104e+00  3.19e-03 6.34e-09  1.42e-09  27659s
 312   1.64643593e+00  1.64644040e+00  3.16e-03 4.69e-09  1.40e-09  27723s
 313   1.64643541e+00  1.64643631e+00  3.08e-03 5.00e-09  1.36e-09  27806s
 314   1.64643527e+00  1.64643621e+00  3.06e-03 4.91e-09  1.35e-09  27847s
 315   1.64643407e+00  1.64643265e+00  2.87e-03 4.50e-09  1.26e-09  27943s
 316   1.64643260e+00  1.64643168e+00  2.67e-03 4.27e-09  1.17e-09  27990s
 317   1.64643260e+00  1.64643168e+00  2.67e-03 4.27e-09  1.17e-09  28053s
 318   1.64643251e+00  1.64643151e+00  2.63e-03 4.43e-09  1.15e-09  28099s
 319   1.64643248e+00  1.64643143e+00  2.62e-03 4.50e-09  1.15e-09  28139s
 320   1.64643277e+00  1.64643210e+00  2.60e-03 3.66e-09  1.15e-09  28248s
 321   1.64643262e+00  1.64643181e+00  2.58e-03 3.23e-09  1.14e-09  28288s
 322   1.64643264e+00  1.64643181e+00  2.58e-03 3.23e-09  1.14e-09  28353s
 323   1.64643245e+00  1.64643169e+00  2.55e-03 2.93e-09  1.13e-09  28409s
 324   1.64643128e+00  1.64643082e+00  2.40e-03 2.62e-09  1.06e-09  28466s
 325   1.64643068e+00  1.64642921e+00  2.30e-03 2.35e-09  1.02e-09  28582s
 326   1.64643053e+00  1.64642882e+00  2.29e-03 2.30e-09  1.01e-09  28654s
 327   1.64643043e+00  1.64642875e+00  2.27e-03 2.35e-09  1.00e-09  28705s
 328   1.64643028e+00  1.64642847e+00  2.25e-03 2.50e-09  9.95e-10  28770s
 329   1.64643028e+00  1.64642848e+00  2.25e-03 2.50e-09  9.95e-10  28838s
 330   1.64643028e+00  1.64642847e+00  2.25e-03 2.50e-09  9.95e-10  28890s
 331   1.64643027e+00  1.64642847e+00  2.25e-03 2.50e-09  9.95e-10  28947s
 332   1.64643025e+00  1.64642843e+00  2.25e-03 2.53e-09  9.94e-10  29004s
 333   1.64643025e+00  1.64642843e+00  2.25e-03 2.54e-09  9.94e-10  29066s
 334   1.64643022e+00  1.64642822e+00  2.24e-03 2.62e-09  9.91e-10  29130s
 335   1.64643004e+00  1.64642817e+00  2.22e-03 2.73e-09  9.82e-10  29218s
 336   1.64642913e+00  1.64642740e+00  2.09e-03 2.58e-09  9.26e-10  29301s
 337   1.64642914e+00  1.64642746e+00  2.09e-03 3.04e-09  9.25e-10  29370s
 338   1.64642914e+00  1.64642746e+00  2.09e-03 3.16e-09  9.25e-10  29429s
 339   1.64642914e+00  1.64642748e+00  2.09e-03 3.11e-09  9.25e-10  29500s
 340   1.64642906e+00  1.64642667e+00  2.08e-03 2.99e-09  9.18e-10  29588s
 341   1.64642895e+00  1.64642616e+00  2.07e-03 4.54e-09  9.11e-10  29637s
 342   1.64642895e+00  1.64642614e+00  2.07e-03 4.54e-09  9.11e-10  29686s
 343   1.64642895e+00  1.64642573e+00  2.06e-03 7.02e-09  9.09e-10  29777s
 344   1.64642894e+00  1.64642571e+00  2.06e-03 7.12e-09  9.08e-10  29825s
 345   1.64642888e+00  1.64642538e+00  2.05e-03 6.41e-09  9.04e-10  29864s
 346   1.64642817e+00  1.64642452e+00  1.97e-03 4.74e-09  8.67e-10  29944s
 347   1.64642817e+00  1.64642452e+00  1.97e-03 4.74e-09  8.67e-10  30013s
 348   1.64642774e+00  1.64642432e+00  1.92e-03 4.52e-09  8.43e-10  30080s
 349   1.64642764e+00  1.64642384e+00  1.91e-03 6.60e-09  8.37e-10  30136s
 350   1.64642742e+00  1.64642322e+00  1.88e-03 6.29e-09  8.23e-10  30206s
 351   1.64642730e+00  1.64642285e+00  1.87e-03 7.21e-09  8.16e-10  30291s
 352   1.64642730e+00  1.64642284e+00  1.87e-03 7.21e-09  8.16e-10  30345s
 353   1.64642711e+00  1.64642225e+00  1.83e-03 5.16e-09  7.98e-10  30446s
 354   1.64642694e+00  1.64642197e+00  1.81e-03 5.00e-09  7.89e-10  30507s
 355   1.64642694e+00  1.64642197e+00  1.81e-03 5.00e-09  7.89e-10  30565s
 356   1.64642694e+00  1.64642197e+00  1.81e-03 4.98e-09  7.89e-10  30615s
 357   1.64642683e+00  1.64642177e+00  1.79e-03 5.85e-09  7.82e-10  30668s
 358   1.64642683e+00  1.64642178e+00  1.79e-03 5.80e-09  7.81e-10  30708s
 359   1.64642639e+00  1.64642174e+00  1.74e-03 5.80e-09  7.60e-10  30765s
 360   1.64642637e+00  1.64642162e+00  1.74e-03 5.54e-09  7.59e-10  30827s
 361   1.64642621e+00  1.64642102e+00  1.71e-03 5.20e-09  7.48e-10  30898s
 362   1.64642619e+00  1.64642086e+00  1.71e-03 7.67e-09  7.46e-10  30964s
 363   1.64642614e+00  1.64642075e+00  1.71e-03 7.72e-09  7.43e-10  31026s
 364   1.64642612e+00  1.64642073e+00  1.70e-03 7.97e-09  7.42e-10  31070s
 365   1.64642615e+00  1.64641991e+00  1.69e-03 6.96e-09  7.35e-10  31167s
 366   1.64642615e+00  1.64641991e+00  1.69e-03 6.68e-09  7.35e-10  31223s
 367   1.64642606e+00  1.64641972e+00  1.68e-03 6.14e-09  7.30e-10  31271s
 368   1.64642606e+00  1.64641969e+00  1.68e-03 6.39e-09  7.30e-10  31375s
 369   1.64642605e+00  1.64641965e+00  1.68e-03 6.41e-09  7.29e-10  31419s
 370   1.64642599e+00  1.64641973e+00  1.66e-03 5.47e-09  7.23e-10  31588s
 371   1.64642598e+00  1.64641968e+00  1.66e-03 5.50e-09  7.22e-10  31642s
 372   1.64642572e+00  1.64641943e+00  1.63e-03 5.56e-09  7.09e-10  31697s
 373   1.64642578e+00  1.64641949e+00  1.62e-03 7.10e-09  7.06e-10  31738s
 374   1.64642578e+00  1.64642018e+00  1.62e-03 6.70e-09  7.09e-10  31806s
 375   1.64642569e+00  1.64642016e+00  1.61e-03 7.40e-09  7.05e-10  31871s
 376   1.64642568e+00  1.64642009e+00  1.61e-03 8.14e-09  7.04e-10  31946s
 377   1.64642557e+00  1.64642007e+00  1.60e-03 8.18e-09  6.99e-10  31993s
 378   1.64642556e+00  1.64642004e+00  1.60e-03 8.13e-09  6.99e-10  32033s
 379   1.64642556e+00  1.64642003e+00  1.60e-03 7.94e-09  6.98e-10  32070s
 380   1.64642556e+00  1.64642001e+00  1.60e-03 8.02e-09  6.98e-10  32131s
 381   1.64642549e+00  1.64641998e+00  1.59e-03 8.51e-09  6.94e-10  32183s
 382   1.64642549e+00  1.64641998e+00  1.59e-03 8.54e-09  6.94e-10  32242s
 383   1.64642540e+00  1.64642047e+00  1.58e-03 8.06e-09  6.91e-10  32319s
 384   1.64642530e+00  1.64642030e+00  1.57e-03 7.49e-09  6.86e-10  32365s
 385   1.64642521e+00  1.64642024e+00  1.55e-03 8.63e-09  6.81e-10  32405s
 386   1.64642515e+00  1.64642002e+00  1.55e-03 8.27e-09  6.78e-10  32465s
 387   1.64642515e+00  1.64642002e+00  1.55e-03 8.21e-09  6.78e-10  32526s
 388   1.64642505e+00  1.64641998e+00  1.54e-03 8.17e-09  6.74e-10  32586s
 389   1.64642505e+00  1.64641993e+00  1.54e-03 8.19e-09  6.73e-10  32662s
 390   1.64642506e+00  1.64641995e+00  1.54e-03 8.08e-09  6.73e-10  32716s
 391   1.64642502e+00  1.64641989e+00  1.53e-03 8.07e-09  6.71e-10  32806s
 392   1.64642507e+00  1.64641998e+00  1.53e-03 8.04e-09  6.71e-10  32848s
 393   1.64642507e+00  1.64641995e+00  1.53e-03 6.66e-09  6.71e-10  32909s
 394   1.64642504e+00  1.64641993e+00  1.53e-03 3.86e-09  6.69e-10  32965s
 395   1.64642504e+00  1.64642004e+00  1.53e-03 4.43e-09  6.69e-10  33024s
 396   1.64642504e+00  1.64642004e+00  1.53e-03 4.42e-09  6.69e-10  33073s
 397   1.64642504e+00  1.64641997e+00  1.53e-03 9.11e-09  6.69e-10  33137s
 398   1.64642500e+00  1.64641979e+00  1.52e-03 1.03e-08  6.66e-10  33195s
 399   1.64642478e+00  1.64641956e+00  1.50e-03 1.02e-08  6.56e-10  33269s
 400   1.64642476e+00  1.64641920e+00  1.50e-03 9.29e-09  6.54e-10  33345s
 401   1.64642463e+00  1.64641915e+00  1.48e-03 9.20e-09  6.48e-10  33395s
 402   1.64642462e+00  1.64641911e+00  1.48e-03 8.45e-09  6.47e-10  33454s
 403   1.64642458e+00  1.64641904e+00  1.48e-03 8.18e-09  6.45e-10  33509s
 404   1.64642448e+00  1.64641903e+00  1.47e-03 9.69e-09  6.41e-10  33567s
 405   1.64642448e+00  1.64641901e+00  1.47e-03 9.75e-09  6.41e-10  33627s
 406   1.64642442e+00  1.64641868e+00  1.46e-03 8.84e-09  6.36e-10  33699s
 407   1.64642441e+00  1.64641868e+00  1.46e-03 8.84e-09  6.35e-10  33748s
 408   1.64642441e+00  1.64641867e+00  1.45e-03 8.84e-09  6.35e-10  33813s
 409   1.64642441e+00  1.64641881e+00  1.45e-03 9.26e-09  6.35e-10  33867s
 410   1.64642438e+00  1.64641877e+00  1.45e-03 9.57e-09  6.34e-10  33917s
 411   1.64642431e+00  1.64641867e+00  1.44e-03 1.02e-08  6.30e-10  33983s
 412   1.64642424e+00  1.64641844e+00  1.44e-03 9.43e-09  6.27e-10  34050s
 413   1.64642424e+00  1.64641842e+00  1.44e-03 9.64e-09  6.26e-10  34128s
 414   1.64642423e+00  1.64641888e+00  1.43e-03 6.54e-09  6.27e-10  34240s
 415   1.64642420e+00  1.64641876e+00  1.43e-03 7.30e-09  6.24e-10  34275s
 416   1.64642193e+00  1.64641821e+00  1.18e-03 5.75e-09  5.19e-10  34339s
 417   1.64642194e+00  1.64641830e+00  1.18e-03 5.76e-09  5.20e-10  34387s
 418   1.64642194e+00  1.64641831e+00  1.18e-03 5.73e-09  5.20e-10  34443s
 419   1.64642192e+00  1.64641830e+00  1.18e-03 5.67e-09  5.19e-10  34497s
 420   1.64642193e+00  1.64641833e+00  1.18e-03 5.68e-09  5.19e-10  34562s
 421   1.64642193e+00  1.64641834e+00  1.18e-03 5.63e-09  5.19e-10  34644s
 422   1.64642193e+00  1.64641836e+00  1.18e-03 5.81e-09  5.19e-10  34706s
 423   1.64642192e+00  1.64641832e+00  1.18e-03 5.78e-09  5.19e-10  34754s
 424   1.64642192e+00  1.64641839e+00  1.18e-03 5.81e-09  5.19e-10  34809s
 425   1.64642193e+00  1.64641845e+00  1.18e-03 5.83e-09  5.19e-10  34862s
 426   1.64642187e+00  1.64641859e+00  1.16e-03 7.27e-09  5.15e-10  34922s
 427   1.64642181e+00  1.64641834e+00  1.16e-03 6.65e-09  5.11e-10  35000s
 428   1.64642178e+00  1.64641824e+00  1.15e-03 6.79e-09  5.09e-10  35054s
 429   1.64642175e+00  1.64641820e+00  1.15e-03 6.38e-09  5.08e-10  35110s
 430   1.64642175e+00  1.64641819e+00  1.15e-03 6.40e-09  5.08e-10  35169s
 431   1.64642159e+00  1.64641779e+00  1.13e-03 6.43e-09  5.00e-10  35223s
 432   1.64642154e+00  1.64641756e+00  1.13e-03 6.13e-09  4.98e-10  35290s
 433   1.64642150e+00  1.64641752e+00  1.13e-03 5.83e-09  4.96e-10  35355s
 434   1.64642149e+00  1.64641743e+00  1.12e-03 5.79e-09  4.95e-10  35420s
 435   1.64642140e+00  1.64641729e+00  1.11e-03 7.20e-09  4.90e-10  35457s
 436   1.64642135e+00  1.64641705e+00  1.11e-03 6.17e-09  4.87e-10  35542s
 437   1.64642127e+00  1.64641675e+00  1.10e-03 6.23e-09  4.82e-10  35603s
 438   1.64642126e+00  1.64641679e+00  1.10e-03 6.04e-09  4.82e-10  35660s
 439   1.64642118e+00  1.64641670e+00  1.09e-03 8.09e-09  4.78e-10  35727s
 440   1.64642118e+00  1.64641668e+00  1.09e-03 8.21e-09  4.78e-10  35794s
 441   1.64642115e+00  1.64641662e+00  1.09e-03 9.91e-09  4.77e-10  35859s
 442   1.64642065e+00  1.64641627e+00  1.04e-03 9.34e-09  4.54e-10  35924s
 443   1.64642057e+00  1.64641618e+00  1.03e-03 1.11e-08  4.50e-10  35962s
 444   1.64642058e+00  1.64641620e+00  1.03e-03 1.06e-08  4.50e-10  36030s
 445   1.64642057e+00  1.64641620e+00  1.03e-03 1.03e-08  4.49e-10  36122s
 446   1.64642057e+00  1.64641618e+00  1.03e-03 1.03e-08  4.49e-10  36194s
 447   1.64642055e+00  1.64641615e+00  1.02e-03 1.02e-08  4.48e-10  36242s
 448   1.64642033e+00  1.64641606e+00  1.00e-03 9.47e-09  4.38e-10  36327s
 449   1.64642033e+00  1.64641593e+00  1.00e-03 1.07e-08  4.38e-10  36376s
 450   1.64642031e+00  1.64641587e+00  9.99e-04 1.05e-08  4.37e-10  36444s
 451   1.64642026e+00  1.64641589e+00  9.95e-04 1.07e-08  4.35e-10  36502s
 452   1.64642022e+00  1.64641580e+00  9.91e-04 1.08e-08  4.33e-10  36564s
 453   1.64642023e+00  1.64641596e+00  9.89e-04 1.11e-08  4.33e-10  36685s
 454   1.64642023e+00  1.64641596e+00  9.89e-04 1.11e-08  4.33e-10  36762s
 455   1.64642024e+00  1.64641597e+00  9.88e-04 1.10e-08  4.33e-10  36813s
 456   1.64642023e+00  1.64641604e+00  9.87e-04 1.15e-08  4.33e-10  36868s
 457   1.64642022e+00  1.64641602e+00  9.85e-04 1.16e-08  4.32e-10  36951s
 458   1.64642022e+00  1.64641609e+00  9.84e-04 1.16e-08  4.31e-10  37077s
 459   1.64642020e+00  1.64641605e+00  9.82e-04 1.37e-08  4.30e-10  37155s
 460   1.64642018e+00  1.64641600e+00  9.78e-04 1.44e-08  4.29e-10  37202s
 461   1.64642014e+00  1.64641595e+00  9.73e-04 1.87e-08  4.27e-10  37245s
 462   1.64642012e+00  1.64641594e+00  9.68e-04 1.86e-08  4.25e-10  37311s
 463   1.64642012e+00  1.64641594e+00  9.68e-04 1.86e-08  4.25e-10  37363s
 464   1.64642011e+00  1.64641593e+00  9.67e-04 1.85e-08  4.24e-10  37410s
 465   1.64642011e+00  1.64641594e+00  9.67e-04 1.85e-08  4.24e-10  37472s
 466   1.64642011e+00  1.64641592e+00  9.67e-04 2.25e-08  4.24e-10  37551s
 467   1.64642012e+00  1.64641594e+00  9.66e-04 2.24e-08  4.24e-10  37601s
 468   1.64642010e+00  1.64641585e+00  9.65e-04 2.16e-08  4.23e-10  37664s
 469   1.64642009e+00  1.64641583e+00  9.63e-04 2.28e-08  4.22e-10  37725s
 470   1.64642008e+00  1.64641582e+00  9.63e-04 2.28e-08  4.22e-10  37778s
 471   1.64642008e+00  1.64641582e+00  9.63e-04 2.28e-08  4.22e-10  37833s
 472   1.64642008e+00  1.64641578e+00  9.63e-04 2.28e-08  4.22e-10  37913s
 473   1.64642009e+00  1.64641580e+00  9.62e-04 2.28e-08  4.22e-10  37978s
 474   1.64642009e+00  1.64641581e+00  9.62e-04 2.27e-08  4.22e-10  38053s
 475   1.64642006e+00  1.64641580e+00  9.60e-04 2.26e-08  4.21e-10  38091s
 476   1.64642002e+00  1.64641565e+00  9.57e-04 2.24e-08  4.19e-10  38148s
 477   1.64642004e+00  1.64641570e+00  9.57e-04 2.25e-08  4.19e-10  38204s
 478   1.64642004e+00  1.64641574e+00  9.57e-04 2.29e-08  4.19e-10  38329s
 479   1.64642003e+00  1.64641590e+00  9.55e-04 2.35e-08  4.19e-10  38385s
 480   1.64641996e+00  1.64641619e+00  9.49e-04 2.29e-08  4.18e-10  38428s
 481   1.64641993e+00  1.64641610e+00  9.45e-04 2.35e-08  4.16e-10  38479s
 482   1.64641993e+00  1.64641609e+00  9.44e-04 2.34e-08  4.16e-10  38547s
 483   1.64641993e+00  1.64641630e+00  9.44e-04 1.98e-08  4.16e-10  38630s
 484   1.64641994e+00  1.64641627e+00  9.43e-04 1.61e-08  4.16e-10  38727s
 485   1.64641992e+00  1.64641623e+00  9.44e-04 1.83e-08  4.16e-10  38794s
 486   1.64641992e+00  1.64641626e+00  9.44e-04 1.83e-08  4.16e-10  38832s
 487   1.64641993e+00  1.64641631e+00  9.41e-04 2.02e-08  4.15e-10  38943s
 488   1.64641991e+00  1.64641627e+00  9.39e-04 1.99e-08  4.14e-10  39005s
 489   1.64641977e+00  1.64641581e+00  9.26e-04 1.79e-08  4.07e-10  39069s
 490   1.64641979e+00  1.64641592e+00  9.26e-04 1.92e-08  4.07e-10  39117s
 491   1.64641972e+00  1.64641549e+00  9.17e-04 1.88e-08  4.02e-10  39181s
 492   1.64641967e+00  1.64641541e+00  9.13e-04 2.04e-08  4.00e-10  39232s
 493   1.64641965e+00  1.64641526e+00  9.12e-04 1.97e-08  3.99e-10  39297s
 494   1.64641964e+00  1.64641523e+00  9.10e-04 1.77e-08  3.98e-10  39353s
 495   1.64641964e+00  1.64641524e+00  9.10e-04 1.76e-08  3.98e-10  39412s
 496   1.64641965e+00  1.64641525e+00  9.10e-04 1.77e-08  3.98e-10  39465s
 497   1.64641965e+00  1.64641523e+00  9.10e-04 1.81e-08  3.98e-10  39558s
 498   1.64641965e+00  1.64641510e+00  9.10e-04 1.80e-08  3.98e-10  39638s
 499   1.64641963e+00  1.64641500e+00  9.07e-04 1.43e-08  3.96e-10  39733s
 500   1.64641963e+00  1.64641523e+00  9.06e-04 1.35e-08  3.97e-10  39794s
 501   1.64641963e+00  1.64641535e+00  9.05e-04 8.78e-09  3.97e-10  39879s
 502   1.64641963e+00  1.64641536e+00  9.04e-04 1.05e-08  3.96e-10  39924s
 503   1.64641961e+00  1.64641532e+00  9.03e-04 1.16e-08  3.95e-10  39964s
 504   1.64641963e+00  1.64641532e+00  9.01e-04 1.10e-08  3.95e-10  40026s
 505   1.64641963e+00  1.64641532e+00  9.00e-04 1.03e-08  3.94e-10  40072s
 506   1.64641963e+00  1.64641537e+00  8.99e-04 9.74e-09  3.94e-10  40151s
 507   1.64641959e+00  1.64641543e+00  8.88e-04 1.29e-08  3.90e-10  40245s
 508   1.64641959e+00  1.64641547e+00  8.88e-04 1.31e-08  3.90e-10  40297s
 509   1.64641957e+00  1.64641542e+00  8.86e-04 1.48e-08  3.89e-10  40359s
 510   1.64641957e+00  1.64641542e+00  8.86e-04 1.49e-08  3.89e-10  40417s
 511   1.64641957e+00  1.64641520e+00  8.85e-04 1.38e-08  3.88e-10  40565s
 512   1.64641957e+00  1.64641516e+00  8.85e-04 1.38e-08  3.88e-10  40635s
 513   1.64641956e+00  1.64641514e+00  8.84e-04 1.20e-08  3.88e-10  40687s
 514   1.64641956e+00  1.64641519e+00  8.83e-04 1.33e-08  3.87e-10  40871s
 515   1.64641956e+00  1.64641519e+00  8.83e-04 1.34e-08  3.87e-10  40929s
 516   1.64641957e+00  1.64641520e+00  8.79e-04 1.26e-08  3.86e-10  41003s
 517   1.64641954e+00  1.64641521e+00  8.75e-04 1.10e-08  3.84e-10  41076s
 518   1.64641954e+00  1.64641524e+00  8.75e-04 1.09e-08  3.84e-10  41143s
 519   1.64641953e+00  1.64641530e+00  8.71e-04 1.04e-08  3.83e-10  41221s
 520   1.64641943e+00  1.64641518e+00  8.70e-04 1.06e-08  3.83e-10  41276s
 521   1.64641943e+00  1.64641518e+00  8.70e-04 1.06e-08  3.83e-10  41371s
 522   1.64641943e+00  1.64641527e+00  8.70e-04 1.01e-08  3.83e-10  41516s
 523   1.64641943e+00  1.64641521e+00  8.69e-04 1.24e-08  3.82e-10  41571s
 524   1.64641943e+00  1.64641532e+00  8.68e-04 1.31e-08  3.82e-10  41626s
 525   1.64641941e+00  1.64641524e+00  8.67e-04 9.91e-09  3.82e-10  41677s
 526   1.64641940e+00  1.64641517e+00  8.67e-04 1.01e-08  3.81e-10  41720s
 527   1.64641939e+00  1.64641520e+00  8.65e-04 1.04e-08  3.80e-10  41805s
 528   1.64641939e+00  1.64641522e+00  8.64e-04 1.04e-08  3.80e-10  41851s
 529   1.64641936e+00  1.64641509e+00  8.59e-04 1.02e-08  3.78e-10  41918s
 530   1.64641937e+00  1.64641526e+00  8.59e-04 1.03e-08  3.78e-10  41971s
 531   1.64641936e+00  1.64641517e+00  8.59e-04 1.07e-08  3.78e-10  42047s
 532   1.64641935e+00  1.64641519e+00  8.56e-04 8.54e-09  3.77e-10  42111s
 533   1.64641935e+00  1.64641515e+00  8.56e-04 9.11e-09  3.77e-10  42167s
 534   1.64641932e+00  1.64641529e+00  8.53e-04 7.86e-09  3.76e-10  42233s
 535   1.64641929e+00  1.64641509e+00  8.50e-04 7.76e-09  3.75e-10  42307s
 536   1.64641926e+00  1.64641512e+00  8.45e-04 7.96e-09  3.73e-10  42375s
 537   1.64641926e+00  1.64641508e+00  8.45e-04 1.05e-08  3.72e-10  42426s
 538   1.64641926e+00  1.64641510e+00  8.44e-04 1.04e-08  3.72e-10  42479s
 539   1.64641926e+00  1.64641509e+00  8.43e-04 1.01e-08  3.72e-10  42540s
 540   1.64641921e+00  1.64641510e+00  8.38e-04 9.96e-09  3.70e-10  42600s
 541   1.64641920e+00  1.64641512e+00  8.37e-04 8.27e-09  3.69e-10  42720s
 542   1.64641917e+00  1.64641551e+00  8.31e-04 8.49e-09  3.68e-10  42784s
 543   1.64641914e+00  1.64641550e+00  8.30e-04 1.24e-08  3.68e-10  42833s
 544   1.64641910e+00  1.64641542e+00  8.26e-04 1.18e-08  3.66e-10  42878s
 545   1.64641906e+00  1.64641528e+00  8.23e-04 1.55e-08  3.64e-10  42934s
 546   1.64641907e+00  1.64641531e+00  8.22e-04 1.54e-08  3.63e-10  42989s
 547   1.64641907e+00  1.64641533e+00  8.22e-04 1.59e-08  3.63e-10  43074s
 548   1.64641907e+00  1.64641537e+00  8.20e-04 1.62e-08  3.63e-10  43124s
 549   1.64641905e+00  1.64641536e+00  8.18e-04 1.63e-08  3.62e-10  43196s
 550   1.64641896e+00  1.64641535e+00  7.99e-04 1.87e-08  3.54e-10  43247s
 551   1.64641895e+00  1.64641510e+00  7.99e-04 1.81e-08  3.53e-10  43292s
 552   1.64641895e+00  1.64641513e+00  7.99e-04 1.80e-08  3.53e-10  43352s
 553   1.64641893e+00  1.64641511e+00  7.97e-04 1.97e-08  3.52e-10  43434s
 554   1.64641889e+00  1.64641490e+00  7.93e-04 1.67e-08  3.50e-10  43483s
 555   1.64641890e+00  1.64641500e+00  7.93e-04 1.66e-08  3.50e-10  43550s
 556   1.64641890e+00  1.64641500e+00  7.92e-04 1.74e-08  3.50e-10  43603s
 557   1.64641888e+00  1.64641497e+00  7.91e-04 1.84e-08  3.49e-10  43658s
 558   1.64641888e+00  1.64641502e+00  7.90e-04 1.81e-08  3.49e-10  43716s
 559   1.64641888e+00  1.64641503e+00  7.90e-04 1.80e-08  3.49e-10  43766s
 560   1.64641889e+00  1.64641523e+00  7.90e-04 1.87e-08  3.50e-10  43813s
 561   1.64641888e+00  1.64641523e+00  7.90e-04 1.87e-08  3.49e-10  43859s
 562   1.64641888e+00  1.64641523e+00  7.90e-04 1.88e-08  3.49e-10  43935s
 563   1.64641887e+00  1.64641506e+00  7.87e-04 1.66e-08  3.48e-10  43973s
 564   1.64641884e+00  1.64641501e+00  7.85e-04 1.91e-08  3.47e-10  44037s
 565   1.64641884e+00  1.64641500e+00  7.85e-04 1.91e-08  3.47e-10  44110s
 566   1.64641884e+00  1.64641499e+00  7.85e-04 1.90e-08  3.47e-10  44160s
 567   1.64641883e+00  1.64641497e+00  7.85e-04 1.97e-08  3.46e-10  44229s
 568   1.64641883e+00  1.64641497e+00  7.85e-04 1.96e-08  3.46e-10  44284s
 569   1.64641883e+00  1.64641505e+00  7.84e-04 2.06e-08  3.46e-10  44377s
 570   1.64641883e+00  1.64641507e+00  7.83e-04 2.10e-08  3.46e-10  44428s
 571   1.64641883e+00  1.64641510e+00  7.79e-04 1.86e-08  3.45e-10  44464s
 572   1.64641883e+00  1.64641510e+00  7.79e-04 1.85e-08  3.45e-10  44526s
 573   1.64641882e+00  1.64641510e+00  7.78e-04 1.73e-08  3.44e-10  44592s
 574   1.64641879e+00  1.64641490e+00  7.76e-04 1.65e-08  3.43e-10  44674s
 575   1.64641879e+00  1.64641489e+00  7.75e-04 1.60e-08  3.42e-10  44724s
 576   1.64641879e+00  1.64641488e+00  7.75e-04 1.64e-08  3.42e-10  44812s
 577   1.64641878e+00  1.64641494e+00  7.73e-04 1.81e-08  3.41e-10  44863s
 578   1.64641878e+00  1.64641494e+00  7.73e-04 1.80e-08  3.41e-10  45010s
 579   1.64641876e+00  1.64641491e+00  7.69e-04 1.66e-08  3.40e-10  45102s
 580   1.64641876e+00  1.64641496e+00  7.69e-04 1.68e-08  3.40e-10  45166s
 581   1.64641875e+00  1.64641496e+00  7.68e-04 1.59e-08  3.39e-10  45246s
 582   1.64641876e+00  1.64641500e+00  7.68e-04 1.59e-08  3.39e-10  45297s
 583   1.64641874e+00  1.64641497e+00  7.67e-04 1.51e-08  3.39e-10  45367s
 584   1.64641874e+00  1.64641497e+00  7.66e-04 1.51e-08  3.39e-10  45417s
 585   1.64641874e+00  1.64641508e+00  7.66e-04 1.54e-08  3.39e-10  45528s
 586   1.64641873e+00  1.64641509e+00  7.64e-04 1.53e-08  3.38e-10  45593s
 587   1.64641873e+00  1.64641501e+00  7.64e-04 1.30e-08  3.38e-10  45651s
 588   1.64641873e+00  1.64641507e+00  7.62e-04 1.21e-08  3.37e-10  45727s
 589   1.64641873e+00  1.64641507e+00  7.62e-04 1.21e-08  3.37e-10  45773s
 590   1.64641871e+00  1.64641482e+00  7.59e-04 1.06e-08  3.35e-10  45839s
 591   1.64641871e+00  1.64641482e+00  7.59e-04 1.06e-08  3.35e-10  45888s
 592   1.64641870e+00  1.64641481e+00  7.58e-04 1.04e-08  3.34e-10  45953s
 593   1.64641870e+00  1.64641484e+00  7.55e-04 1.16e-08  3.33e-10  46048s
 594   1.64641868e+00  1.64641477e+00  7.54e-04 1.28e-08  3.33e-10  46110s
 595   1.64641867e+00  1.64641472e+00  7.54e-04 1.02e-08  3.32e-10  46158s
 596   1.64641867e+00  1.64641472e+00  7.54e-04 1.02e-08  3.32e-10  46208s
 597   1.64641865e+00  1.64641469e+00  7.51e-04 1.01e-08  3.31e-10  46265s
 598   1.64641865e+00  1.64641469e+00  7.51e-04 9.53e-09  3.31e-10  46316s
 599   1.64641865e+00  1.64641474e+00  7.49e-04 9.54e-09  3.31e-10  46401s
 600   1.64641864e+00  1.64641457e+00  7.48e-04 8.94e-09  3.30e-10  46510s
 601   1.64641863e+00  1.64641445e+00  7.47e-04 9.62e-09  3.29e-10  46563s
 602   1.64641862e+00  1.64641442e+00  7.46e-04 8.26e-09  3.28e-10  46632s
 603   1.64641860e+00  1.64641439e+00  7.44e-04 7.90e-09  3.27e-10  46689s
 604   1.64641860e+00  1.64641439e+00  7.44e-04 7.67e-09  3.27e-10  46748s
 605   1.64641858e+00  1.64641438e+00  7.42e-04 8.83e-09  3.26e-10  46795s
 606   1.64641858e+00  1.64641438e+00  7.42e-04 8.83e-09  3.26e-10  46864s
 607   1.64641858e+00  1.64641438e+00  7.42e-04 9.08e-09  3.26e-10  46938s
 608   1.64641858e+00  1.64641438e+00  7.41e-04 7.23e-09  3.26e-10  47009s
 609   1.64641858e+00  1.64641438e+00  7.41e-04 7.24e-09  3.26e-10  47059s
 610   1.64641858e+00  1.64641439e+00  7.41e-04 7.23e-09  3.26e-10  47118s
 611   1.64641855e+00  1.64641440e+00  7.39e-04 8.56e-09  3.25e-10  47166s
 612   1.64641855e+00  1.64641440e+00  7.38e-04 9.16e-09  3.24e-10  47240s
 613   1.64641855e+00  1.64641441e+00  7.38e-04 9.17e-09  3.24e-10  47291s
 614   1.64641854e+00  1.64641446e+00  7.35e-04 1.06e-08  3.23e-10  47353s
 615   1.64641851e+00  1.64641432e+00  7.33e-04 1.46e-08  3.22e-10  47429s
 616   1.64641850e+00  1.64641441e+00  7.32e-04 1.38e-08  3.22e-10  47514s
 617   1.64641845e+00  1.64641453e+00  7.29e-04 1.73e-08  3.21e-10  47571s
 618   1.64641845e+00  1.64641451e+00  7.28e-04 1.72e-08  3.20e-10  47624s
 619   1.64641844e+00  1.64641451e+00  7.27e-04 1.70e-08  3.20e-10  47671s
 620   1.64641844e+00  1.64641452e+00  7.27e-04 1.69e-08  3.20e-10  47723s
 621   1.64641844e+00  1.64641458e+00  7.27e-04 1.69e-08  3.20e-10  47765s
 622   1.64641844e+00  1.64641459e+00  7.26e-04 1.68e-08  3.20e-10  47871s
 623   1.64641844e+00  1.64641455e+00  7.25e-04 1.48e-08  3.19e-10  47958s
 624   1.64641842e+00  1.64641449e+00  7.24e-04 1.66e-08  3.18e-10  47993s
 625   1.64641841e+00  1.64641449e+00  7.22e-04 1.51e-08  3.17e-10  48160s
 626   1.64641840e+00  1.64641449e+00  7.20e-04 1.47e-08  3.16e-10  48215s
 627   1.64641839e+00  1.64641439e+00  7.19e-04 1.35e-08  3.16e-10  48290s
 628   1.64641839e+00  1.64641439e+00  7.19e-04 1.35e-08  3.16e-10  48351s
 629   1.64641839e+00  1.64641439e+00  7.19e-04 1.35e-08  3.16e-10  48431s
 630   1.64641838e+00  1.64641438e+00  7.18e-04 1.35e-08  3.15e-10  48468s
 631   1.64641838e+00  1.64641447e+00  7.18e-04 1.24e-08  3.15e-10  48523s
 632   1.64641838e+00  1.64641447e+00  7.18e-04 1.24e-08  3.15e-10  48590s
 633   1.64641837e+00  1.64641471e+00  7.16e-04 1.47e-08  3.16e-10  48654s
 634   1.64641837e+00  1.64641474e+00  7.16e-04 1.48e-08  3.16e-10  48711s
 635   1.64641837e+00  1.64641483e+00  7.14e-04 1.17e-08  3.16e-10  48814s
 636   1.64641835e+00  1.64641469e+00  7.13e-04 1.46e-08  3.15e-10  48864s
 637   1.64641835e+00  1.64641464e+00  7.12e-04 1.72e-08  3.14e-10  48917s
 638   1.64641835e+00  1.64641464e+00  7.12e-04 1.73e-08  3.14e-10  49027s
 639   1.64641835e+00  1.64641535e+00  7.11e-04 1.39e-08  3.16e-10  49076s
 640   1.64641835e+00  1.64641541e+00  7.09e-04 9.66e-09  3.16e-10  49178s
 641   1.64641834e+00  1.64641539e+00  7.07e-04 9.31e-09  3.15e-10  49302s
 642   1.64641833e+00  1.64641551e+00  7.04e-04 9.10e-09  3.13e-10  49413s
 643   1.64641830e+00  1.64641551e+00  7.00e-04 9.64e-09  3.12e-10  49479s
 644   1.64641830e+00  1.64641556e+00  7.00e-04 9.54e-09  3.12e-10  49530s
 645   1.64641829e+00  1.64641512e+00  6.99e-04 9.43e-09  3.10e-10  49576s
 646   1.64641824e+00  1.64641473e+00  6.94e-04 9.01e-09  3.07e-10  49622s
 647   1.64641822e+00  1.64641473e+00  6.91e-04 9.32e-09  3.06e-10  49707s
 648   1.64641822e+00  1.64641474e+00  6.90e-04 1.08e-08  3.05e-10  49765s
 649   1.64641830e+00  1.64641482e+00  6.89e-04 1.09e-08  3.05e-10  49818s
 650   1.64641826e+00  1.64641475e+00  6.84e-04 1.04e-08  3.03e-10  49867s
 651   1.64641823e+00  1.64641436e+00  6.82e-04 9.64e-09  3.01e-10  49967s
 652   1.64641824e+00  1.64641444e+00  6.82e-04 9.82e-09  3.01e-10  50064s
 653   1.64641822e+00  1.64641443e+00  6.80e-04 9.66e-09  3.00e-10  50105s
 654   1.64641822e+00  1.64641450e+00  6.77e-04 9.66e-09  2.99e-10  50183s
 655   1.64641821e+00  1.64641455e+00  6.75e-04 1.09e-08  2.98e-10  50237s
 656   1.64641821e+00  1.64641454e+00  6.75e-04 1.09e-08  2.98e-10  50282s
 657   1.64641822e+00  1.64641433e+00  6.75e-04 1.29e-08  2.98e-10  50389s
 658   1.64641822e+00  1.64641435e+00  6.74e-04 1.29e-08  2.98e-10  50449s
 659   1.64641821e+00  1.64641435e+00  6.72e-04 1.26e-08  2.97e-10  50531s
 660   1.64641817e+00  1.64641446e+00  6.66e-04 1.36e-08  2.95e-10  50586s
 661   1.64641816e+00  1.64641452e+00  6.65e-04 1.32e-08  2.94e-10  50643s
 662   1.64641816e+00  1.64641440e+00  6.65e-04 1.16e-08  2.94e-10  50687s
 663   1.64641813e+00  1.64641427e+00  6.61e-04 1.08e-08  2.93e-10  50752s
 664   1.64641812e+00  1.64641423e+00  6.61e-04 1.03e-08  2.92e-10  50826s
 665   1.64641811e+00  1.64641427e+00  6.59e-04 1.05e-08  2.92e-10  50889s
 666   1.64641810e+00  1.64641428e+00  6.57e-04 1.07e-08  2.91e-10  50940s
 667   1.64641809e+00  1.64641404e+00  6.56e-04 9.92e-09  2.90e-10  51014s
 668   1.64641807e+00  1.64641405e+00  6.53e-04 1.16e-08  2.88e-10  51074s
 669   1.64641807e+00  1.64641404e+00  6.53e-04 1.16e-08  2.88e-10  51130s
 670   1.64641804e+00  1.64641403e+00  6.50e-04 9.69e-09  2.87e-10  51182s
 671   1.64641804e+00  1.64641401e+00  6.50e-04 9.70e-09  2.87e-10  51235s
 672   1.64641804e+00  1.64641401e+00  6.50e-04 1.01e-08  2.87e-10  51296s
 673   1.64641804e+00  1.64641402e+00  6.50e-04 1.00e-08  2.87e-10  51362s
 674   1.64641805e+00  1.64641415e+00  6.50e-04 1.12e-08  2.87e-10  51421s
 675   1.64641805e+00  1.64641419e+00  6.48e-04 9.54e-09  2.86e-10  51469s
 676   1.64641805e+00  1.64641420e+00  6.48e-04 9.55e-09  2.86e-10  51510s
 677   1.64641804e+00  1.64641427e+00  6.46e-04 9.55e-09  2.85e-10  51555s
 678   1.64641804e+00  1.64641426e+00  6.45e-04 9.40e-09  2.85e-10  51616s
 679   1.64641804e+00  1.64641429e+00  6.43e-04 9.48e-09  2.84e-10  51666s
 680   1.64641803e+00  1.64641430e+00  6.40e-04 9.39e-09  2.83e-10  51723s
 681   1.64641803e+00  1.64641442e+00  6.39e-04 1.05e-08  2.83e-10  51788s
 682   1.64641800e+00  1.64641427e+00  6.37e-04 1.15e-08  2.82e-10  51848s
 683   1.64641799e+00  1.64641430e+00  6.36e-04 1.09e-08  2.81e-10  51936s
 684   1.64641799e+00  1.64641435e+00  6.34e-04 1.08e-08  2.80e-10  52006s
 685   1.64641799e+00  1.64641434e+00  6.34e-04 9.69e-09  2.80e-10  52081s
 686   1.64641795e+00  1.64641408e+00  6.30e-04 8.70e-09  2.78e-10  52155s
 687   1.64641794e+00  1.64641409e+00  6.28e-04 8.65e-09  2.77e-10  52196s
 688   1.64641793e+00  1.64641412e+00  6.28e-04 8.62e-09  2.77e-10  52244s
 689   1.64641793e+00  1.64641425e+00  6.27e-04 9.47e-09  2.77e-10  52327s
 690   1.64641792e+00  1.64641435e+00  6.26e-04 9.22e-09  2.77e-10  52473s
 691   1.64641790e+00  1.64641436e+00  6.24e-04 8.72e-09  2.76e-10  52522s
 692   1.64641791e+00  1.64641445e+00  6.24e-04 8.76e-09  2.76e-10  52574s
 693   1.64641790e+00  1.64641492e+00  6.22e-04 8.47e-09  2.77e-10  52632s
 694   1.64641790e+00  1.64641494e+00  6.21e-04 8.37e-09  2.76e-10  52712s
 695   1.64641790e+00  1.64641502e+00  6.19e-04 9.71e-09  2.76e-10  52783s
 696   1.64641791e+00  1.64641546e+00  6.18e-04 9.64e-09  2.76e-10  52825s
 697   1.64641791e+00  1.64641546e+00  6.17e-04 9.39e-09  2.76e-10  52863s
 698   1.64641791e+00  1.64641549e+00  6.16e-04 9.07e-09  2.75e-10  52906s
 699   1.64641790e+00  1.64641540e+00  6.16e-04 1.00e-08  2.75e-10  52963s
 700   1.64641790e+00  1.64641540e+00  6.15e-04 9.91e-09  2.75e-10  53042s
 701   1.64641790e+00  1.64641538e+00  6.15e-04 9.92e-09  2.75e-10  53092s
 702   1.64641790e+00  1.64641548e+00  6.14e-04 1.13e-08  2.75e-10  53168s
 703   1.64641789e+00  1.64641555e+00  6.13e-04 1.40e-08  2.74e-10  53228s
 704   1.64641788e+00  1.64641548e+00  6.12e-04 1.42e-08  2.74e-10  53292s
 705   1.64641788e+00  1.64641544e+00  6.12e-04 1.42e-08  2.74e-10  53344s
 706   1.64641787e+00  1.64641537e+00  6.12e-04 1.40e-08  2.73e-10  53428s
 707   1.64641732e+00  1.64641417e+00  6.03e-04 2.94e-08  2.66e-10  53492s
 708   1.64641729e+00  1.64641416e+00  5.99e-04 2.92e-08  2.64e-10  53541s
 709   1.64641728e+00  1.64641408e+00  5.98e-04 3.08e-08  2.63e-10  53629s
 710   1.64641728e+00  1.64641392e+00  5.98e-04 3.37e-08  2.63e-10  53704s
 711   1.64641728e+00  1.64641475e+00  5.95e-04 2.86e-08  2.64e-10  53795s
 712   1.64641726e+00  1.64641469e+00  5.93e-04 2.71e-08  2.64e-10  53834s
 713   1.64641726e+00  1.64641464e+00  5.93e-04 2.87e-08  2.63e-10  53884s
 714   1.64641724e+00  1.64641460e+00  5.91e-04 2.64e-08  2.62e-10  53931s

Barrier solved model in 714 iterations and 53930.67 seconds (41209.06 work units)
Optimal objective 1.64641788e+00

