Set parameter Username
Academic license - for non-commercial use only - expires 2027-02-09
Set parameter Threads to value 4
Set parameter Method to value 2
Set parameter BarOrder to value 1
Set parameter BarHomogeneous to value 1
Set parameter NumericFocus to value 2
Set parameter Crossover to value 0
Gurobi Optimizer version 9.5.1 build v9.5.1rc2 (linux64)
Thread count: 32 physical cores, 64 logical processors, using up to 4 threads
Optimize a model with 8330731 rows, 9771935 columns and 59192659 nonzeros
Model fingerprint: 0x00229158
Coefficient statistics:
  Matrix range     [7e-05, 3e+00]
  Objective range  [1e+00, 1e+00]
  Bounds range     [0e+00, 0e+00]
  RHS range        [1e-03, 1e+00]
Presolve removed 158115 rows and 0 columns (presolve time = 5s) ...
Presolve removed 1870248 rows and 8366354 columns (presolve time = 11s) ...
Presolve removed 3617931 rows and 8366354 columns (presolve time = 16s) ...
Presolve removed 3761577 rows and 8510000 columns (presolve time = 20s) ...
Presolve removed 3850565 rows and 8598988 columns (presolve time = 33s) ...
Presolve removed 3850567 rows and 8598989 columns (presolve time = 36s) ...
Presolve removed 4306906 rows and 8598989 columns (presolve time = 40s) ...
Presolve removed 4306906 rows and 8598989 columns
Presolve time: 44.27s
Presolved: 4023825 rows, 1172946 columns, 28229233 nonzeros
Elapsed ordering time = 6s
Ordering time: 6.96s

Barrier statistics:
 Dense cols : 355
 AA' NZ     : 1.331e+08
 Factor NZ  : 1.978e+08 (roughly 4.0 GB of memory)
 Factor Ops : 1.836e+10 (roughly 1 second per iteration)
 Threads    : 4

                  Objective                Residual
Iter       Primal          Dual         Primal    Dual     Compl     Time
   0   3.34497028e+00  1.25000000e+02  5.89e+07 6.25e-02  1.00e+06  2255s
   1   7.71133269e+00  4.03352624e+06  5.10e+07 6.14e+02  8.48e+05  2266s
   2   6.67588819e+00  5.91159436e+06  3.97e+07 2.94e+02  5.39e+05  2279s
   3   3.53068696e+01  5.85012823e+06  2.72e+07 1.94e+02  3.74e+05  2297s
   4   7.66072226e+00  4.74418623e+05  2.34e+06 1.59e+01  3.72e+03  2315s
   5   5.26227385e+00  1.07734675e+05  7.46e+05 3.63e+00  4.30e+02  2329s
   6   4.67821754e+00  4.83090661e+04  5.14e+05 1.67e+00  1.80e+02  2347s
   7   4.13707803e+00  2.08585061e+04  3.14e+05 6.75e-01  6.84e+01  2364s
   8   3.88319109e+00  1.03674696e+04  2.21e+05 3.27e-01  3.48e+01  2378s
   9   3.67726962e+00  5.91392956e+03  1.43e+05 1.84e-01  1.88e+01  2390s
  10   3.53574688e+00  3.00256807e+03  1.07e+05 9.27e-02  1.20e+01  2403s
  11   3.08175120e+00  1.67519243e+03  7.04e+04 5.22e-02  7.66e+00  2420s
  12   2.81088407e+00  1.20297783e+03  5.14e+04 3.82e-02  5.52e+00  2434s
  13   2.70167690e+00  1.02812694e+03  3.99e+04 3.40e-02  4.33e+00  2445s
  14   2.66774797e+00  8.04371198e+02  3.41e+04 2.58e-02  3.63e+00  2455s
  15   2.72329924e+00  5.07226177e+02  2.56e+04 1.64e-02  2.67e+00  2471s
  16   2.79551880e+00  3.42569646e+02  1.79e+04 1.11e-02  1.87e+00  2487s
  17   2.87409576e+00  1.90163547e+02  1.26e+04 6.11e-03  1.29e+00  2512s
  18   3.15702891e+00  1.00725063e+02  5.60e+03 3.14e-03  5.73e-01  2534s
  19   3.20381152e+00  6.26725272e+01  3.47e+03 1.87e-03  3.38e-01  2551s
  20   3.23922293e+00  5.24358402e+01  2.80e+03 1.52e-03  2.62e-01  2565s
  21   3.42176332e+00  4.08281765e+01  1.86e+03 1.13e-03  1.63e-01  2579s
  22   3.52949908e+00  3.44760510e+01  8.92e+02 9.16e-04  7.57e-02  2593s
  23   3.31807725e+00  2.31121567e+01  6.09e+02 5.62e-04  3.94e-02  2612s
  24   3.26565668e+00  2.15586126e+01  5.40e+02 5.17e-04  3.35e-02  2638s
  25   3.10410074e+00  2.01349372e+01  4.78e+02 4.83e-04  2.94e-02  2668s
  26   2.77669578e+00  1.27929050e+01  3.82e+02 2.86e-04  1.79e-02  2696s
  27   2.02604511e+00  5.85398205e+00  1.54e+02 9.97e-05  3.90e-03  2725s
  28   1.67980422e+00  3.00953460e+00  3.65e+01 3.40e-05  4.79e-04  2749s
  29   1.62923590e+00  2.34751404e+00  2.00e+01 1.86e-05  1.86e-04  2772s
  30   1.60075671e+00  2.07459819e+00  1.07e+01 1.20e-05  8.14e-05  2793s
  31   1.59242108e+00  1.99381747e+00  8.46e+00 1.01e-05  6.06e-05  2811s
  32   1.58962010e+00  1.95585354e+00  7.62e+00 9.24e-06  5.30e-05  2825s
  33   1.58196086e+00  1.87330044e+00  5.38e+00 7.28e-06  3.51e-05  2843s
  34   1.57760037e+00  1.79931113e+00  3.44e+00 5.50e-06  2.18e-05  2866s
  35   1.57010130e+00  1.74732629e+00  1.81e+00 4.30e-06  1.33e-05  2895s
  36   1.56469415e+00  1.72444911e+00  1.49e+00 3.81e-06  1.16e-05  2923s
  37   1.56043548e+00  1.69786905e+00  1.24e+00 3.25e-06  9.86e-06  2954s
  38   1.55767302e+00  1.67211897e+00  1.03e+00 2.71e-06  8.27e-06  2986s
  39   1.55917845e+00  1.64853190e+00  8.64e-01 2.15e-06  6.71e-06  3022s
  40   1.55886734e+00  1.62816275e+00  8.04e-01 1.69e-06  5.58e-06  3054s
  41   1.56120530e+00  1.62047569e+00  6.34e-01 1.45e-06  4.58e-06  3095s
  42   1.56218719e+00  1.61837546e+00  6.10e-01 1.36e-06  4.33e-06  3136s
  43   1.56446645e+00  1.61625568e+00  5.50e-01 1.26e-06  3.96e-06  3185s
  44   1.56823021e+00  1.61501564e+00  4.79e-01 1.15e-06  3.53e-06  3236s
  45   1.56919838e+00  1.61447674e+00  4.63e-01 1.00e-06  3.19e-06  3288s
  46   1.57217915e+00  1.61472759e+00  4.20e-01 9.68e-07  3.00e-06  3340s
  47   1.57732546e+00  1.61428857e+00  3.57e-01 8.77e-07  2.64e-06  3393s
  48   1.57986718e+00  1.61482655e+00  3.30e-01 8.46e-07  2.50e-06  3449s
  49   1.58199856e+00  1.61601633e+00  3.11e-01 7.36e-07  2.24e-06  3497s
  50   1.58721863e+00  1.61680278e+00  2.61e-01 7.02e-07  2.02e-06  3554s
  51   1.59367068e+00  1.61773971e+00  2.18e-01 6.43e-07  1.77e-06  3618s
  52   1.59468574e+00  1.61824657e+00  2.08e-01 6.17e-07  1.69e-06  3687s
  53   1.59688660e+00  1.61899053e+00  1.92e-01 5.79e-07  1.57e-06  3751s
  54   1.60155022e+00  1.61952459e+00  1.56e-01 5.34e-07  1.37e-06  3818s
  55   1.60216145e+00  1.62005200e+00  1.48e-01 5.09e-07  1.30e-06  3876s
  56   1.60278627e+00  1.62012383e+00  1.33e-01 4.85e-07  1.22e-06  3959s
  57   1.60732960e+00  1.62084076e+00  1.04e-01 4.56e-07  1.08e-06  4040s
  58   1.60869226e+00  1.62204378e+00  8.89e-02 4.08e-07  9.59e-07  4151s
  59   1.60969588e+00  1.62227053e+00  8.46e-02 3.98e-07  9.31e-07  4225s
  60   1.60995619e+00  1.62269942e+00  7.80e-02 3.82e-07  8.83e-07  4339s
  61   1.61180413e+00  1.62518364e+00  7.25e-02 3.21e-07  7.72e-07  4457s
  62   1.61341844e+00  1.62544389e+00  6.54e-02 3.13e-07  7.37e-07  4624s
  63   1.61352247e+00  1.62598428e+00  6.51e-02 3.01e-07  7.12e-07  4739s
  64   1.61553652e+00  1.62629464e+00  5.72e-02 2.90e-07  6.70e-07  4842s
  65   1.61572806e+00  1.62688617e+00  5.67e-02 2.76e-07  6.42e-07  4893s
  66   1.61610964e+00  1.62705561e+00  5.56e-02 2.71e-07  6.30e-07  4940s
  67   1.61706088e+00  1.62714524e+00  5.23e-02 2.68e-07  6.14e-07  5013s
  68   1.61706154e+00  1.62740015e+00  5.23e-02 2.67e-07  6.02e-07  5108s
  69   1.61708648e+00  1.62742253e+00  5.22e-02 2.67e-07  6.01e-07  5142s
  70   1.61711110e+00  1.62779087e+00  5.22e-02 2.58e-07  5.86e-07  5204s
  71   1.61734475e+00  1.62792678e+00  5.15e-02 2.53e-07  5.70e-07  5239s
  72   1.61904997e+00  1.62815191e+00  4.67e-02 2.46e-07  5.41e-07  5298s
  73   1.61906948e+00  1.62819251e+00  4.66e-02 2.44e-07  5.39e-07  5352s
  74   1.62109284e+00  1.62878478e+00  4.08e-02 2.32e-07  4.99e-07  5445s
  75   1.62116784e+00  1.62918466e+00  4.06e-02 2.20e-07  4.82e-07  5501s
  76   1.62136625e+00  1.62941099e+00  4.01e-02 2.16e-07  4.73e-07  5532s
  77   1.62328343e+00  1.62970957e+00  3.53e-02 2.08e-07  4.44e-07  5586s
  78   1.62365596e+00  1.63008215e+00  3.43e-02 1.99e-07  4.28e-07  5643s
  79   1.62435138e+00  1.63045911e+00  3.27e-02 1.92e-07  4.08e-07  5689s
  80   1.62435408e+00  1.63046669e+00  3.27e-02 1.92e-07  4.08e-07  5720s
  81   1.62436299e+00  1.63048901e+00  3.27e-02 1.92e-07  4.07e-07  5746s
  82   1.62449102e+00  1.63052620e+00  3.24e-02 1.91e-07  4.05e-07  5781s
  83   1.62565510e+00  1.63166701e+00  3.04e-02 1.72e-07  3.66e-07  5853s
  84   1.62565613e+00  1.63167624e+00  3.04e-02 1.72e-07  3.66e-07  5893s
  85   1.62592195e+00  1.63220671e+00  2.99e-02 1.65e-07  3.53e-07  5940s
  86   1.62594080e+00  1.63222829e+00  2.99e-02 1.64e-07  3.53e-07  5973s
  87   1.62645258e+00  1.63333129e+00  2.90e-02 1.49e-07  3.28e-07  6049s
  88   1.62811230e+00  1.63433851e+00  2.63e-02 1.46e-07  3.00e-07  6126s
  89   1.62811422e+00  1.63434264e+00  2.63e-02 1.46e-07  3.00e-07  6163s
  90   1.62845731e+00  1.63454157e+00  2.58e-02 1.45e-07  2.94e-07  6195s
  91   1.62953671e+00  1.63520414e+00  2.42e-02 1.33e-07  2.75e-07  6246s
  92   1.62999215e+00  1.63587758e+00  2.35e-02 1.36e-07  2.62e-07  6301s
  93   1.63027729e+00  1.63613743e+00  2.31e-02 1.40e-07  2.56e-07  6333s
  94   1.63290081e+00  1.63812854e+00  1.92e-02 1.11e-07  2.10e-07  6419s
  95   1.63319106e+00  1.63863230e+00  1.88e-02 1.16e-07  2.02e-07  6462s
  96   1.63322575e+00  1.63868039e+00  1.87e-02 1.16e-07  2.01e-07  6494s
  97   1.63324194e+00  1.63880297e+00  1.87e-02 1.16e-07  2.00e-07  6537s
  98   1.63338695e+00  1.63889556e+00  1.85e-02 1.14e-07  1.98e-07  6566s
  99   1.63342421e+00  1.63891313e+00  1.84e-02 1.14e-07  1.97e-07  6589s
 100   1.63397608e+00  1.63954445e+00  1.76e-02 1.01e-07  1.84e-07  6654s
 101   1.63494415e+00  1.64028138e+00  1.62e-02 1.10e-07  1.67e-07  6708s
 102   1.63530980e+00  1.64107203e+00  1.56e-02 1.05e-07  1.51e-07  6768s
 103   1.63532901e+00  1.64108071e+00  1.56e-02 1.04e-07  1.51e-07  6808s
 104   1.63536106e+00  1.64139542e+00  1.56e-02 9.96e-08  1.48e-07  6840s
 105   1.63544307e+00  1.64149402e+00  1.54e-02 9.77e-08  1.46e-07  6890s
 106   1.63547749e+00  1.64169508e+00  1.54e-02 9.39e-08  1.44e-07  6940s
 107   1.63568569e+00  1.64194301e+00  1.51e-02 8.68e-08  1.40e-07  6997s
 108   1.63580888e+00  1.64222095e+00  1.49e-02 8.50e-08  1.38e-07  7044s
 109   1.63605349e+00  1.64261135e+00  1.46e-02 7.71e-08  1.31e-07  7104s
 110   1.63695073e+00  1.64283165e+00  1.35e-02 7.24e-08  1.22e-07  7144s
 111   1.63696193e+00  1.64299221e+00  1.35e-02 7.18e-08  1.20e-07  7194s
 112   1.63704104e+00  1.64319160e+00  1.34e-02 6.84e-08  1.18e-07  7230s
 113   1.63716575e+00  1.64324717e+00  1.32e-02 7.23e-08  1.17e-07  7260s
 114   1.63717600e+00  1.64343367e+00  1.32e-02 6.62e-08  1.15e-07  7299s
 115   1.63734845e+00  1.64371074e+00  1.30e-02 6.22e-08  1.11e-07  7340s
 116   1.63744712e+00  1.64423870e+00  1.29e-02 5.31e-08  1.07e-07  7406s
 117   1.63747855e+00  1.64426133e+00  1.28e-02 5.27e-08  1.06e-07  7431s
 118   1.63748910e+00  1.64426479e+00  1.28e-02 5.27e-08  1.06e-07  7467s
 119   1.63749153e+00  1.64426572e+00  1.28e-02 5.23e-08  1.06e-07  7502s
 120   1.63774440e+00  1.64473591e+00  1.25e-02 4.50e-08  9.96e-08  7610s
 121   1.63788445e+00  1.64481815e+00  1.23e-02 4.51e-08  9.78e-08  7645s
 122   1.63789639e+00  1.64482660e+00  1.23e-02 4.49e-08  9.76e-08  7680s
 123   1.63798577e+00  1.64510058e+00  1.21e-02 4.00e-08  9.56e-08  7742s
 124   1.63802545e+00  1.64520882e+00  1.21e-02 4.16e-08  9.45e-08  7786s
 125   1.63811482e+00  1.64535882e+00  1.20e-02 4.01e-08  9.24e-08  7815s
 126   1.63825502e+00  1.64541472e+00  1.18e-02 3.89e-08  9.07e-08  7844s
 127   1.63825703e+00  1.64542098e+00  1.18e-02 3.92e-08  9.07e-08  7872s
 128   1.63841073e+00  1.64548358e+00  1.16e-02 3.90e-08  8.91e-08  7929s
 129   1.63844912e+00  1.64551421e+00  1.16e-02 3.46e-08  8.85e-08  7958s
 130   1.63851667e+00  1.64561578e+00  1.15e-02 3.45e-08  8.72e-08  8011s
 131   1.63866426e+00  1.64566765e+00  1.13e-02 3.96e-08  8.55e-08  8045s
 132   1.63870868e+00  1.64573333e+00  1.12e-02 3.53e-08  8.46e-08  8083s
 133   1.63873152e+00  1.64576549e+00  1.12e-02 3.50e-08  8.41e-08  8126s
 134   1.63878852e+00  1.64580206e+00  1.11e-02 3.38e-08  8.34e-08  8173s
 135   1.63880814e+00  1.64583365e+00  1.11e-02 3.34e-08  8.29e-08  8205s
 136   1.63881882e+00  1.64589396e+00  1.11e-02 3.21e-08  8.24e-08  8251s
 137   1.63883448e+00  1.64591029e+00  1.11e-02 3.14e-08  8.21e-08  8289s
 138   1.63886247e+00  1.64598746e+00  1.10e-02 2.74e-08  8.13e-08  8389s
 139   1.63888382e+00  1.64601661e+00  1.10e-02 2.99e-08  8.08e-08  8436s
 140   1.63891586e+00  1.64604183e+00  1.09e-02 2.95e-08  8.04e-08  8468s
 141   1.63901341e+00  1.64611169e+00  1.08e-02 2.78e-08  7.90e-08  8515s
 142   1.63903254e+00  1.64617550e+00  1.08e-02 2.99e-08  7.83e-08  8560s
 143   1.63903261e+00  1.64617550e+00  1.08e-02 2.99e-08  7.83e-08  8601s
 144   1.63904441e+00  1.64618735e+00  1.08e-02 3.03e-08  7.81e-08  8641s
 145   1.63923204e+00  1.64620328e+00  1.05e-02 2.81e-08  7.64e-08  8697s
 146   1.63925317e+00  1.64621906e+00  1.05e-02 2.91e-08  7.61e-08  8754s
 147   1.63930765e+00  1.64623380e+00  1.04e-02 2.95e-08  7.55e-08  8785s
 148   1.63947757e+00  1.64625583e+00  1.02e-02 2.87e-08  7.39e-08  8829s
 149   1.63951867e+00  1.64626946e+00  1.02e-02 2.96e-08  7.34e-08  8870s
 150   1.63961035e+00  1.64635183e+00  1.00e-02 2.81e-08  7.18e-08  8935s
 151   1.63982667e+00  1.64636722e+00  9.75e-03 2.40e-08  6.99e-08  8971s
 152   1.63996192e+00  1.64640353e+00  9.57e-03 2.17e-08  6.84e-08  9067s
 153   1.64002359e+00  1.64645734e+00  9.49e-03 1.98e-08  6.72e-08  9126s
 154   1.64002410e+00  1.64645766e+00  9.49e-03 1.98e-08  6.72e-08  9174s
 155   1.64004316e+00  1.64647112e+00  9.46e-03 1.96e-08  6.70e-08  9225s
 156   1.64006257e+00  1.64647865e+00  9.44e-03 1.82e-08  6.67e-08  9263s
 157   1.64046998e+00  1.64656396e+00  8.91e-03 1.63e-08  6.28e-08  9302s
 158   1.64049647e+00  1.64657273e+00  8.87e-03 1.60e-08  6.25e-08  9342s
 159   1.64049925e+00  1.64657729e+00  8.87e-03 1.56e-08  6.24e-08  9383s
 160   1.64060411e+00  1.64662259e+00  8.73e-03 1.52e-08  6.10e-08  9456s
 161   1.64061065e+00  1.64668642e+00  8.72e-03 1.25e-08  6.00e-08  9528s
 162   1.64063134e+00  1.64669175e+00  8.69e-03 1.26e-08  5.97e-08  9568s
 163   1.64063515e+00  1.64669595e+00  8.69e-03 1.30e-08  5.96e-08  9626s
 164   1.64063521e+00  1.64669572e+00  8.69e-03 1.37e-08  5.96e-08  9666s
 165   1.64063831e+00  1.64669893e+00  8.68e-03 1.37e-08  5.95e-08  9700s
 166   1.64063917e+00  1.64670019e+00  8.68e-03 1.36e-08  5.95e-08  9731s
 167   1.64069396e+00  1.64671839e+00  8.61e-03 1.25e-08  5.90e-08  9781s
 168   1.64069695e+00  1.64671914e+00  8.60e-03 1.24e-08  5.89e-08  9825s
 169   1.64103012e+00  1.64674232e+00  8.16e-03 1.24e-08  5.60e-08  9863s
 170   1.64106872e+00  1.64674469e+00  8.11e-03 1.27e-08  5.56e-08  9923s
 171   1.64107105e+00  1.64674533e+00  8.10e-03 1.25e-08  5.56e-08  9954s
 172   1.64107398e+00  1.64674642e+00  8.10e-03 1.24e-08  5.56e-08  9989s
 173   1.64109047e+00  1.64675150e+00  8.08e-03 1.15e-08  5.54e-08  10046s
 174   1.64109544e+00  1.64675228e+00  8.07e-03 1.15e-08  5.53e-08  10099s
 175   1.64113894e+00  1.64675450e+00  8.01e-03 1.18e-08  5.49e-08  10127s
 176   1.64118291e+00  1.64675622e+00  7.95e-03 1.17e-08  5.45e-08  10159s
 177   1.64124634e+00  1.64675728e+00  7.86e-03 1.16e-08  5.39e-08  10228s
 178   1.64127139e+00  1.64676100e+00  7.83e-03 1.12e-08  5.37e-08  10260s
 179   1.64127218e+00  1.64676569e+00  7.83e-03 1.90e-08  5.37e-08  10310s
 180   1.64132283e+00  1.64676874e+00  7.77e-03 2.02e-08  5.33e-08  10350s
 181   1.64142123e+00  1.64677279e+00  7.63e-03 2.23e-08  5.24e-08  10385s
 182   1.64142830e+00  1.64677634e+00  7.62e-03 2.45e-08  5.23e-08  10438s
 183   1.64142834e+00  1.64677572e+00  7.62e-03 2.35e-08  5.23e-08  10487s
 184   1.64143489e+00  1.64677844e+00  7.61e-03 2.42e-08  5.22e-08  10543s
 185   1.64144250e+00  1.64678188e+00  7.60e-03 2.38e-08  5.20e-08  10599s
 186   1.64145099e+00  1.64678590e+00  7.59e-03 2.53e-08  5.19e-08  10651s
 187   1.64145154e+00  1.64678668e+00  7.59e-03 2.53e-08  5.19e-08  10690s
 188   1.64145157e+00  1.64678668e+00  7.59e-03 2.53e-08  5.19e-08  10717s
 189   1.64145486e+00  1.64679053e+00  7.59e-03 2.80e-08  5.18e-08  10779s
 190   1.64145487e+00  1.64679010e+00  7.59e-03 2.74e-08  5.18e-08  10817s
 191   1.64150856e+00  1.64679572e+00  7.52e-03 2.72e-08  5.13e-08  10857s
 192   1.64152030e+00  1.64679916e+00  7.50e-03 2.78e-08  5.12e-08  10891s
 193   1.64152866e+00  1.64680124e+00  7.49e-03 3.03e-08  5.11e-08  10921s
 194   1.64158137e+00  1.64680493e+00  7.42e-03 3.09e-08  5.06e-08  10979s
 195   1.64163936e+00  1.64680726e+00  7.34e-03 3.17e-08  5.00e-08  11012s
 196   1.64164003e+00  1.64680828e+00  7.34e-03 3.20e-08  5.00e-08  11038s
 197   1.64181842e+00  1.64681564e+00  7.10e-03 3.28e-08  4.84e-08  11077s
 198   1.64183843e+00  1.64682116e+00  7.07e-03 3.37e-08  4.81e-08  11134s
 199   1.64183923e+00  1.64682639e+00  7.07e-03 3.34e-08  4.79e-08  11201s
 200   1.64187413e+00  1.64682951e+00  7.02e-03 3.19e-08  4.75e-08  11246s
 201   1.64190268e+00  1.64683367e+00  6.98e-03 3.16e-08  4.72e-08  11273s
 202   1.64190630e+00  1.64683744e+00  6.98e-03 3.01e-08  4.69e-08  11313s
 203   1.64192837e+00  1.64683938e+00  6.95e-03 3.00e-08  4.67e-08  11343s
 204   1.64193603e+00  1.64684047e+00  6.93e-03 2.86e-08  4.64e-08  11409s
 205   1.64193634e+00  1.64684101e+00  6.93e-03 2.84e-08  4.64e-08  11472s
 206   1.64199303e+00  1.64684512e+00  6.86e-03 2.74e-08  4.58e-08  11522s
 207   1.64203356e+00  1.64684623e+00  6.80e-03 2.69e-08  4.53e-08  11555s
 208   1.64203505e+00  1.64684746e+00  6.80e-03 2.56e-08  4.51e-08  11607s
 209   1.64204299e+00  1.64684898e+00  6.79e-03 2.46e-08  4.49e-08  11640s
 210   1.64206532e+00  1.64684863e+00  6.75e-03 2.42e-08  4.47e-08  11695s
 211   1.64206582e+00  1.64684870e+00  6.75e-03 2.42e-08  4.47e-08  11773s
 212   1.64209089e+00  1.64685242e+00  6.72e-03 2.36e-08  4.44e-08  11833s
 213   1.64210635e+00  1.64685232e+00  6.70e-03 2.32e-08  4.43e-08  11872s
 214   1.64212195e+00  1.64685236e+00  6.68e-03 2.27e-08  4.41e-08  11931s
 215   1.64212399e+00  1.64686293e+00  6.67e-03 2.17e-08  4.41e-08  11972s
 216   1.64214664e+00  1.64686479e+00  6.64e-03 2.04e-08  4.38e-08  12000s
 217   1.64214673e+00  1.64686421e+00  6.64e-03 1.96e-08  4.38e-08  12038s
 218   1.64226107e+00  1.64686462e+00  6.48e-03 2.00e-08  4.28e-08  12068s
 219   1.64227856e+00  1.64686457e+00  6.46e-03 1.96e-08  4.26e-08  12163s
 220   1.64228187e+00  1.64686472e+00  6.45e-03 2.00e-08  4.25e-08  12214s
 221   1.64228232e+00  1.64686591e+00  6.45e-03 1.98e-08  4.25e-08  12281s
 222   1.64228999e+00  1.64686702e+00  6.44e-03 1.95e-08  4.24e-08  12359s
 223   1.64229520e+00  1.64686650e+00  6.43e-03 1.85e-08  4.23e-08  12402s
 224   1.64229538e+00  1.64686597e+00  6.43e-03 1.78e-08  4.23e-08  12438s
 225   1.64234285e+00  1.64688048e+00  6.37e-03 1.53e-08  4.15e-08  12488s
 226   1.64234725e+00  1.64687881e+00  6.36e-03 1.44e-08  4.14e-08  12518s
 227   1.64236115e+00  1.64687407e+00  6.34e-03 1.34e-08  4.11e-08  12598s
 228   1.64236498e+00  1.64687306e+00  6.34e-03 1.33e-08  4.10e-08  12631s
 229   1.64248373e+00  1.64687616e+00  6.17e-03 1.24e-08  3.99e-08  12680s
 230   1.64248377e+00  1.64687533e+00  6.17e-03 1.22e-08  3.99e-08  12729s
 231   1.64251967e+00  1.64687388e+00  6.12e-03 1.11e-08  3.93e-08  12768s
 232   1.64263942e+00  1.64685179e+00  5.95e-03 7.71e-09  3.76e-08  12844s
 233   1.64271676e+00  1.64685078e+00  5.84e-03 7.66e-09  3.70e-08  12891s
 234   1.64287174e+00  1.64682570e+00  5.62e-03 4.89e-09  3.51e-08  12939s
 235   1.64287667e+00  1.64682041e+00  5.61e-03 4.47e-09  3.49e-08  12987s
 236   1.64287802e+00  1.64681439e+00  5.61e-03 3.96e-09  3.48e-08  13042s
 237   1.64289449e+00  1.64681227e+00  5.58e-03 4.11e-09  3.46e-08  13099s
 238   1.64290229e+00  1.64681096e+00  5.57e-03 4.24e-09  3.46e-08  13172s
 239   1.64290373e+00  1.64678252e+00  5.57e-03 8.71e-09  3.42e-08  13240s
 240   1.64297628e+00  1.64676530e+00  5.46e-03 6.72e-09  3.33e-08  13295s
 241   1.64297672e+00  1.64676431e+00  5.46e-03 6.62e-09  3.33e-08  13323s
 242   1.64299285e+00  1.64676779e+00  5.44e-03 6.54e-09  3.32e-08  13362s
 243   1.64299607e+00  1.64676413e+00  5.44e-03 6.25e-09  3.31e-08  13401s
 244   1.64302001e+00  1.64675986e+00  5.40e-03 5.60e-09  3.28e-08  13433s
 245   1.64302196e+00  1.64675933e+00  5.40e-03 5.67e-09  3.28e-08  13466s
 246   1.64302696e+00  1.64677740e+00  5.39e-03 4.93e-09  3.29e-08  13535s
 247   1.64310027e+00  1.64677660e+00  5.28e-03 5.34e-09  3.22e-08  13564s
 248   1.64312168e+00  1.64677273e+00  5.25e-03 6.30e-09  3.20e-08  13613s
 249   1.64339910e+00  1.64676901e+00  4.85e-03 6.21e-09  2.96e-08  13650s
 250   1.64340043e+00  1.64676884e+00  4.84e-03 7.32e-09  2.96e-08  13686s
 251   1.64341181e+00  1.64677220e+00  4.83e-03 7.30e-09  2.95e-08  13727s
 252   1.64343303e+00  1.64677130e+00  4.80e-03 8.37e-09  2.93e-08  13763s
 253   1.64345714e+00  1.64676848e+00  4.76e-03 8.56e-09  2.91e-08  13823s
 254   1.64347419e+00  1.64674864e+00  4.74e-03 6.76e-09  2.88e-08  13874s
 255   1.64352291e+00  1.64674266e+00  4.67e-03 5.87e-09  2.83e-08  13919s
 256   1.64367281e+00  1.64674214e+00  4.44e-03 7.07e-09  2.70e-08  13967s
 257   1.64370490e+00  1.64674122e+00  4.40e-03 7.74e-09  2.67e-08  13994s
 258   1.64372413e+00  1.64674009e+00  4.37e-03 9.49e-09  2.65e-08  14031s
 259   1.64373164e+00  1.64673759e+00  4.36e-03 1.08e-08  2.64e-08  14062s
 260   1.64387784e+00  1.64673691e+00  4.14e-03 1.28e-08  2.52e-08  14091s
 261   1.64387865e+00  1.64673353e+00  4.14e-03 1.12e-08  2.52e-08  14134s
 262   1.64387923e+00  1.64673580e+00  4.14e-03 1.07e-08  2.52e-08  14184s
 263   1.64388606e+00  1.64675918e+00  4.13e-03 8.16e-09  2.53e-08  14245s
 264   1.64388974e+00  1.64675906e+00  4.12e-03 9.07e-09  2.52e-08  14296s
 265   1.64390265e+00  1.64675889e+00  4.11e-03 1.40e-08  2.51e-08  14333s
 266   1.64390809e+00  1.64676147e+00  4.10e-03 1.42e-08  2.51e-08  14393s
 267   1.64393561e+00  1.64673454e+00  4.06e-03 9.84e-09  2.47e-08  14448s
 268   1.64393639e+00  1.64673431e+00  4.06e-03 9.88e-09  2.46e-08  14482s
 269   1.64393813e+00  1.64673348e+00  4.05e-03 1.02e-08  2.46e-08  14532s
 270   1.64395668e+00  1.64673352e+00  4.03e-03 1.12e-08  2.45e-08  14552s
 271   1.64395478e+00  1.64673370e+00  4.03e-03 1.07e-08  2.46e-08  14590s
 272   1.64395849e+00  1.64675997e+00  4.02e-03 9.98e-09  2.47e-08  14682s
 273   1.64409432e+00  1.64674606e+00  3.82e-03 8.12e-09  2.34e-08  14740s
 274   1.64418146e+00  1.64673525e+00  3.69e-03 7.24e-09  2.26e-08  14811s
 275   1.64422401e+00  1.64672366e+00  3.63e-03 6.13e-09  2.21e-08  14895s
 276   1.64423124e+00  1.64672342e+00  3.62e-03 6.37e-09  2.21e-08  14920s
 277   1.64423231e+00  1.64672320e+00  3.62e-03 6.42e-09  2.20e-08  14955s
 278   1.64423250e+00  1.64672314e+00  3.62e-03 6.62e-09  2.20e-08  14985s
 279   1.64423282e+00  1.64672305e+00  3.62e-03 6.67e-09  2.20e-08  15014s
 280   1.64424125e+00  1.64672101e+00  3.60e-03 5.80e-09  2.20e-08  15072s
 281   1.64430308e+00  1.64671109e+00  3.51e-03 4.50e-09  2.13e-08  15141s
 282   1.64430416e+00  1.64670575e+00  3.51e-03 3.98e-09  2.13e-08  15235s
 283   1.64442787e+00  1.64670371e+00  3.32e-03 3.88e-09  2.02e-08  15265s
 284   1.64443659e+00  1.64670086e+00  3.31e-03 5.60e-09  2.01e-08  15307s
 285   1.64444065e+00  1.64669578e+00  3.30e-03 6.47e-09  2.00e-08  15344s
 286   1.64444696e+00  1.64669411e+00  3.29e-03 7.34e-09  1.99e-08  15371s
 287   1.64445302e+00  1.64669297e+00  3.29e-03 7.67e-09  1.99e-08  15405s
 288   1.64457426e+00  1.64668538e+00  3.10e-03 6.73e-09  1.88e-08  15453s
 289   1.64471238e+00  1.64668425e+00  2.90e-03 6.78e-09  1.76e-08  15478s
 290   1.64472303e+00  1.64668294e+00  2.88e-03 8.38e-09  1.75e-08  15515s
 291   1.64495225e+00  1.64667679e+00  2.54e-03 7.72e-09  1.54e-08  15552s
 292   1.64495248e+00  1.64667612e+00  2.54e-03 8.52e-09  1.54e-08  15602s
 293   1.64495370e+00  1.64667594e+00  2.54e-03 8.93e-09  1.54e-08  15649s
 294   1.64496837e+00  1.64667828e+00  2.51e-03 8.06e-09  1.53e-08  15688s
 295   1.64496956e+00  1.64667822e+00  2.51e-03 8.05e-09  1.53e-08  15723s
 296   1.64497000e+00  1.64667791e+00  2.51e-03 8.26e-09  1.53e-08  15752s
 297   1.64496994e+00  1.64667799e+00  2.51e-03 8.24e-09  1.53e-08  15788s
 298   1.64497655e+00  1.64669048e+00  2.50e-03 8.92e-09  1.53e-08  15861s
 299   1.64497820e+00  1.64668916e+00  2.50e-03 8.69e-09  1.53e-08  15897s
 300   1.64498007e+00  1.64669236e+00  2.50e-03 9.48e-09  1.53e-08  16006s
 301   1.64498400e+00  1.64669172e+00  2.49e-03 1.03e-08  1.52e-08  16041s
 302   1.64500538e+00  1.64669259e+00  2.46e-03 1.04e-08  1.51e-08  16096s
 303   1.64500896e+00  1.64668466e+00  2.45e-03 1.12e-08  1.50e-08  16136s
 304   1.64500971e+00  1.64668008e+00  2.45e-03 9.19e-09  1.49e-08  16178s
 305   1.64508706e+00  1.64667809e+00  2.34e-03 8.98e-09  1.43e-08  16211s
 306   1.64508709e+00  1.64667801e+00  2.34e-03 8.92e-09  1.43e-08  16244s
 307   1.64509746e+00  1.64667608e+00  2.32e-03 9.69e-09  1.42e-08  16281s
 308   1.64511467e+00  1.64667498e+00  2.30e-03 9.48e-09  1.40e-08  16310s
 309   1.64511849e+00  1.64666669e+00  2.29e-03 8.18e-09  1.40e-08  16349s
 310   1.64511876e+00  1.64666665e+00  2.29e-03 8.18e-09  1.39e-08  16392s
 311   1.64513350e+00  1.64666677e+00  2.27e-03 8.13e-09  1.38e-08  16429s
 312   1.64514788e+00  1.64665284e+00  2.25e-03 4.63e-09  1.36e-08  16490s
 313   1.64516416e+00  1.64665016e+00  2.22e-03 4.89e-09  1.34e-08  16522s
 314   1.64516588e+00  1.64664969e+00  2.22e-03 5.55e-09  1.34e-08  16565s
 315   1.64516709e+00  1.64664561e+00  2.22e-03 5.62e-09  1.34e-08  16609s
 316   1.64517156e+00  1.64664527e+00  2.21e-03 5.74e-09  1.33e-08  16633s
 317   1.64517185e+00  1.64664349e+00  2.21e-03 5.51e-09  1.33e-08  16662s
 318   1.64517185e+00  1.64664348e+00  2.21e-03 5.56e-09  1.33e-08  16717s
 319   1.64517436e+00  1.64664230e+00  2.21e-03 6.49e-09  1.33e-08  16749s
 320   1.64517474e+00  1.64664042e+00  2.21e-03 7.41e-09  1.33e-08  16789s
 321   1.64519366e+00  1.64663998e+00  2.18e-03 6.93e-09  1.31e-08  16819s
 322   1.64519591e+00  1.64663823e+00  2.17e-03 6.65e-09  1.31e-08  16855s
 323   1.64525077e+00  1.64663341e+00  2.09e-03 5.57e-09  1.26e-08  16889s
 324   1.64525994e+00  1.64663164e+00  2.07e-03 6.49e-09  1.25e-08  16916s
 325   1.64526168e+00  1.64663079e+00  2.07e-03 6.46e-09  1.24e-08  16947s
 326   1.64526169e+00  1.64663065e+00  2.07e-03 6.44e-09  1.24e-08  16978s
 327   1.64526173e+00  1.64663062e+00  2.07e-03 6.43e-09  1.24e-08  17019s
 328   1.64526174e+00  1.64663062e+00  2.07e-03 6.43e-09  1.24e-08  17044s
 329   1.64526174e+00  1.64663041e+00  2.07e-03 6.44e-09  1.24e-08  17084s
 330   1.64527168e+00  1.64663369e+00  2.06e-03 5.44e-09  1.24e-08  17124s
 331   1.64530440e+00  1.64663012e+00  2.01e-03 4.61e-09  1.21e-08  17156s
 332   1.64533105e+00  1.64663053e+00  1.97e-03 5.27e-09  1.18e-08  17189s
 333   1.64533203e+00  1.64663018e+00  1.96e-03 6.40e-09  1.18e-08  17231s
 334   1.64534504e+00  1.64662906e+00  1.95e-03 6.04e-09  1.17e-08  17264s
 335   1.64534535e+00  1.64662675e+00  1.95e-03 5.11e-09  1.17e-08  17309s
 336   1.64534695e+00  1.64662658e+00  1.94e-03 7.06e-09  1.17e-08  17357s
 337   1.64534695e+00  1.64662657e+00  1.94e-03 7.04e-09  1.17e-08  17394s
 338   1.64534717e+00  1.64662647e+00  1.94e-03 7.02e-09  1.17e-08  17436s
 339   1.64534717e+00  1.64662648e+00  1.94e-03 7.09e-09  1.17e-08  17482s
 340   1.64535015e+00  1.64662654e+00  1.94e-03 7.35e-09  1.16e-08  17520s
 341   1.64535065e+00  1.64662652e+00  1.94e-03 8.94e-09  1.16e-08  17563s
 342   1.64535135e+00  1.64662595e+00  1.94e-03 8.76e-09  1.16e-08  17595s
 343   1.64536052e+00  1.64662568e+00  1.92e-03 8.75e-09  1.15e-08  17636s
 344   1.64536587e+00  1.64662542e+00  1.91e-03 8.77e-09  1.15e-08  17673s
 345   1.64538081e+00  1.64662235e+00  1.89e-03 7.66e-09  1.13e-08  17715s
 346   1.64538238e+00  1.64662165e+00  1.89e-03 7.74e-09  1.13e-08  17783s
 347   1.64538556e+00  1.64661551e+00  1.88e-03 5.81e-09  1.12e-08  17869s
 348   1.64539343e+00  1.64661152e+00  1.87e-03 3.86e-09  1.12e-08  17915s
 349   1.64542648e+00  1.64661003e+00  1.82e-03 3.50e-09  1.08e-08  17947s
 350   1.64543105e+00  1.64660807e+00  1.81e-03 3.33e-09  1.08e-08  17975s
 351   1.64543348e+00  1.64660818e+00  1.81e-03 3.16e-09  1.08e-08  18011s
 352   1.64544985e+00  1.64660780e+00  1.78e-03 3.10e-09  1.06e-08  18044s
 353   1.64545014e+00  1.64660779e+00  1.78e-03 3.09e-09  1.06e-08  18085s
 354   1.64545033e+00  1.64660769e+00  1.78e-03 3.08e-09  1.06e-08  18123s
 355   1.64546088e+00  1.64660926e+00  1.77e-03 3.48e-09  1.05e-08  18168s
 356   1.64546179e+00  1.64660857e+00  1.77e-03 3.68e-09  1.05e-08  18238s
 357   1.64559623e+00  1.64660681e+00  1.56e-03 3.07e-09  9.31e-09  18299s
 358   1.64560289e+00  1.64660616e+00  1.55e-03 3.00e-09  9.24e-09  18335s
 359   1.64560664e+00  1.64660533e+00  1.54e-03 3.03e-09  9.20e-09  18361s
 360   1.64560843e+00  1.64660503e+00  1.54e-03 3.02e-09  9.18e-09  18388s
 361   1.64560847e+00  1.64660504e+00  1.54e-03 3.02e-09  9.18e-09  18419s
 362   1.64561199e+00  1.64661913e+00  1.53e-03 4.28e-09  9.24e-09  18482s
 363   1.64561585e+00  1.64661705e+00  1.53e-03 4.88e-09  9.19e-09  18515s
 364   1.64566120e+00  1.64661544e+00  1.46e-03 5.17e-09  8.78e-09  18551s
 365   1.64566686e+00  1.64661395e+00  1.45e-03 5.58e-09  8.71e-09  18588s
 366   1.64566697e+00  1.64661367e+00  1.45e-03 5.78e-09  8.71e-09  18632s
 367   1.64567586e+00  1.64661157e+00  1.43e-03 4.63e-09  8.62e-09  18673s
 368   1.64570823e+00  1.64661057e+00  1.38e-03 4.22e-09  8.31e-09  18703s
 369   1.64570874e+00  1.64660765e+00  1.38e-03 3.48e-09  8.29e-09  18762s
 370   1.64570874e+00  1.64660765e+00  1.38e-03 3.48e-09  8.29e-09  18797s
 371   1.64572727e+00  1.64660993e+00  1.35e-03 3.05e-09  8.14e-09  18833s
 372   1.64580871e+00  1.64660822e+00  1.23e-03 3.08e-09  7.38e-09  18874s
 373   1.64581589e+00  1.64660626e+00  1.21e-03 3.84e-09  7.30e-09  18932s
 374   1.64582266e+00  1.64660358e+00  1.20e-03 3.16e-09  7.21e-09  18996s
 375   1.64583119e+00  1.64660327e+00  1.19e-03 3.24e-09  7.13e-09  19035s
 376   1.64583133e+00  1.64660325e+00  1.19e-03 3.24e-09  7.13e-09  19074s
 377   1.64583311e+00  1.64660797e+00  1.19e-03 3.74e-09  7.14e-09  19115s
 378   1.64583657e+00  1.64660722e+00  1.18e-03 4.14e-09  7.11e-09  19141s
 379   1.64583753e+00  1.64660670e+00  1.18e-03 4.26e-09  7.09e-09  19176s
 380   1.64585408e+00  1.64660613e+00  1.15e-03 4.71e-09  6.94e-09  19203s
 381   1.64586852e+00  1.64660428e+00  1.13e-03 4.41e-09  6.79e-09  19239s
 382   1.64589476e+00  1.64660352e+00  1.09e-03 4.23e-09  6.54e-09  19273s
 383   1.64589691e+00  1.64660344e+00  1.09e-03 4.20e-09  6.52e-09  19303s
 384   1.64589787e+00  1.64660301e+00  1.08e-03 4.12e-09  6.51e-09  19340s
 385   1.64589799e+00  1.64660301e+00  1.08e-03 4.13e-09  6.51e-09  19377s
 386   1.64590310e+00  1.64660241e+00  1.08e-03 4.03e-09  6.46e-09  19417s
 387   1.64590427e+00  1.64660162e+00  1.07e-03 3.83e-09  6.44e-09  19465s
 388   1.64590431e+00  1.64660161e+00  1.07e-03 3.84e-09  6.44e-09  19493s
 389   1.64590491e+00  1.64660161e+00  1.07e-03 3.83e-09  6.44e-09  19520s
 390   1.64590512e+00  1.64660133e+00  1.07e-03 3.93e-09  6.43e-09  19554s
 391   1.64590546e+00  1.64660111e+00  1.07e-03 3.88e-09  6.43e-09  19581s
 392   1.64590577e+00  1.64660201e+00  1.07e-03 3.80e-09  6.43e-09  19640s
 393   1.64590782e+00  1.64660180e+00  1.07e-03 3.81e-09  6.41e-09  19676s
 394   1.64590895e+00  1.64660038e+00  1.07e-03 3.74e-09  6.39e-09  19716s
 395   1.64591117e+00  1.64659883e+00  1.06e-03 3.67e-09  6.36e-09  19767s
 396   1.64591147e+00  1.64659690e+00  1.06e-03 3.31e-09  6.35e-09  19856s
 397   1.64591147e+00  1.64659694e+00  1.06e-03 3.30e-09  6.35e-09  19890s
 398   1.64591284e+00  1.64659663e+00  1.06e-03 4.61e-09  6.33e-09  19914s
 399   1.64591285e+00  1.64659624e+00  1.06e-03 4.59e-09  6.33e-09  19942s
 400   1.64591416e+00  1.64659861e+00  1.06e-03 3.59e-09  6.33e-09  19996s
 401   1.64591609e+00  1.64659760e+00  1.06e-03 3.34e-09  6.31e-09  20043s
 402   1.64591677e+00  1.64659730e+00  1.06e-03 3.32e-09  6.30e-09  20074s
 403   1.64591702e+00  1.64659693e+00  1.05e-03 3.25e-09  6.30e-09  20100s
 404   1.64591760e+00  1.64659687e+00  1.05e-03 3.26e-09  6.29e-09  20126s
 405   1.64591977e+00  1.64659659e+00  1.05e-03 3.25e-09  6.27e-09  20171s
 406   1.64591978e+00  1.64659654e+00  1.05e-03 3.27e-09  6.27e-09  20203s
 407   1.64592203e+00  1.64659646e+00  1.05e-03 3.27e-09  6.25e-09  20233s
 408   1.64592682e+00  1.64659633e+00  1.04e-03 3.24e-09  6.20e-09  20265s
 409   1.64592683e+00  1.64659637e+00  1.04e-03 3.24e-09  6.20e-09  20299s
 410   1.64592687e+00  1.64659639e+00  1.04e-03 3.24e-09  6.20e-09  20342s
 411   1.64592724e+00  1.64659619e+00  1.04e-03 3.17e-09  6.20e-09  20389s
 412   1.64592734e+00  1.64659598e+00  1.04e-03 3.17e-09  6.20e-09  20450s
 413   1.64592739e+00  1.64659579e+00  1.04e-03 3.47e-09  6.19e-09  20492s
 414   1.64592875e+00  1.64659552e+00  1.04e-03 4.57e-09  6.18e-09  20524s
 415   1.64593543e+00  1.64659486e+00  1.03e-03 4.42e-09  6.11e-09  20595s
 416   1.64593545e+00  1.64659485e+00  1.03e-03 4.42e-09  6.11e-09  20637s
 417   1.64593703e+00  1.64659460e+00  1.02e-03 4.57e-09  6.10e-09  20688s
 418   1.64594860e+00  1.64659283e+00  1.00e-03 3.60e-09  5.98e-09  20734s
 419   1.64594876e+00  1.64659259e+00  1.00e-03 3.56e-09  5.98e-09  20788s
 420   1.64594976e+00  1.64659238e+00  1.00e-03 3.58e-09  5.96e-09  20815s
 421   1.64594982e+00  1.64659222e+00  1.00e-03 3.55e-09  5.96e-09  20852s
 422   1.64595008e+00  1.64659222e+00  1.00e-03 3.54e-09  5.96e-09  20892s
 423   1.64595123e+00  1.64659216e+00  1.00e-03 3.52e-09  5.95e-09  20929s
 424   1.64595179e+00  1.64659209e+00  1.00e-03 3.78e-09  5.94e-09  21035s
 425   1.64595185e+00  1.64659212e+00  9.99e-04 3.77e-09  5.94e-09  21081s
 426   1.64595201e+00  1.64659188e+00  9.99e-04 3.72e-09  5.94e-09  21105s
 427   1.64595228e+00  1.64659308e+00  9.99e-04 3.59e-09  5.94e-09  21150s
 428   1.64595256e+00  1.64659685e+00  9.98e-04 3.47e-09  5.96e-09  21205s
 429   1.64595353e+00  1.64659640e+00  9.97e-04 4.73e-09  5.95e-09  21246s
 430   1.64595441e+00  1.64659551e+00  9.95e-04 4.23e-09  5.94e-09  21310s
 431   1.64595470e+00  1.64659544e+00  9.95e-04 4.20e-09  5.93e-09  21338s
 432   1.64595640e+00  1.64659484e+00  9.93e-04 4.31e-09  5.92e-09  21387s
 433   1.64595761e+00  1.64659443e+00  9.91e-04 4.25e-09  5.91e-09  21410s
 434   1.64596585e+00  1.64659313e+00  9.78e-04 4.23e-09  5.82e-09  21441s
 435   1.64596596e+00  1.64659297e+00  9.78e-04 4.21e-09  5.82e-09  21475s
 436   1.64596596e+00  1.64659295e+00  9.78e-04 4.21e-09  5.82e-09  21504s
 437   1.64596905e+00  1.64659282e+00  9.73e-04 4.17e-09  5.79e-09  21532s
 438   1.64596908e+00  1.64659276e+00  9.73e-04 4.19e-09  5.79e-09  21564s
 439   1.64597016e+00  1.64659271e+00  9.71e-04 4.15e-09  5.78e-09  21597s
 440   1.64597330e+00  1.64659219e+00  9.66e-04 4.01e-09  5.75e-09  21625s
 441   1.64597777e+00  1.64659203e+00  9.59e-04 5.53e-09  5.71e-09  21661s
 442   1.64598030e+00  1.64659133e+00  9.55e-04 5.18e-09  5.68e-09  21694s
 443   1.64598031e+00  1.64659136e+00  9.55e-04 5.18e-09  5.68e-09  21743s
 444   1.64598147e+00  1.64660033e+00  9.53e-04 4.60e-09  5.73e-09  21818s
 445   1.64598247e+00  1.64659982e+00  9.52e-04 4.52e-09  5.71e-09  21907s
 446   1.64598403e+00  1.64659921e+00  9.49e-04 4.38e-09  5.69e-09  21945s
 447   1.64598461e+00  1.64659354e+00  9.48e-04 4.48e-09  5.65e-09  22014s
 448   1.64598482e+00  1.64659341e+00  9.48e-04 4.46e-09  5.65e-09  22062s
 449   1.64598568e+00  1.64659283e+00  9.47e-04 4.75e-09  5.64e-09  22093s
 450   1.64598586e+00  1.64659282e+00  9.46e-04 4.73e-09  5.64e-09  22136s
 451   1.64598591e+00  1.64659293e+00  9.46e-04 4.72e-09  5.64e-09  22176s
 452   1.64598596e+00  1.64659389e+00  9.46e-04 4.79e-09  5.64e-09  22226s
 453   1.64598791e+00  1.64659369e+00  9.43e-04 4.84e-09  5.62e-09  22264s
 454   1.64598875e+00  1.64659190e+00  9.42e-04 4.26e-09  5.60e-09  22380s
 455   1.64599048e+00  1.64659152e+00  9.39e-04 4.18e-09  5.59e-09  22424s
 456   1.64599418e+00  1.64659125e+00  9.33e-04 4.17e-09  5.55e-09  22465s
 457   1.64599456e+00  1.64659037e+00  9.33e-04 3.90e-09  5.54e-09  22529s
 458   1.64602015e+00  1.64658957e+00  8.92e-04 3.45e-09  5.30e-09  22586s
 459   1.64602177e+00  1.64658938e+00  8.89e-04 3.43e-09  5.28e-09  22630s
 460   1.64602601e+00  1.64658818e+00  8.82e-04 3.06e-09  5.23e-09  22681s
 461   1.64602768e+00  1.64658793e+00  8.80e-04 2.91e-09  5.22e-09  22727s
 462   1.64602804e+00  1.64658753e+00  8.79e-04 2.86e-09  5.21e-09  22765s
 463   1.64603355e+00  1.64658691e+00  8.70e-04 2.70e-09  5.16e-09  22801s
 464   1.64607257e+00  1.64658646e+00  8.09e-04 2.66e-09  4.80e-09  22834s
 465   1.64607376e+00  1.64658612e+00  8.07e-04 2.63e-09  4.79e-09  22886s
 466   1.64607482e+00  1.64658590e+00  8.05e-04 2.72e-09  4.77e-09  22928s
 467   1.64607576e+00  1.64658569e+00  8.03e-04 2.63e-09  4.76e-09  22972s
 468   1.64607896e+00  1.64658570e+00  7.98e-04 2.74e-09  4.73e-09  23006s
 469   1.64607958e+00  1.64658569e+00  7.97e-04 2.85e-09  4.73e-09  23100s
 470   1.64608084e+00  1.64658521e+00  7.95e-04 2.93e-09  4.71e-09  23134s
 471   1.64608468e+00  1.64658516e+00  7.89e-04 2.78e-09  4.68e-09  23164s
 472   1.64608553e+00  1.64658494e+00  7.88e-04 2.76e-09  4.67e-09  23201s
 473   1.64611788e+00  1.64658438e+00  7.36e-04 2.58e-09  4.36e-09  23249s
 474   1.64611812e+00  1.64658394e+00  7.35e-04 2.98e-09  4.36e-09  23298s
 475   1.64611817e+00  1.64658399e+00  7.35e-04 3.00e-09  4.36e-09  23333s
 476   1.64611871e+00  1.64658708e+00  7.34e-04 2.44e-09  4.37e-09  23382s
 477   1.64611889e+00  1.64658684e+00  7.34e-04 2.33e-09  4.37e-09  23407s
 478   1.64611903e+00  1.64658715e+00  7.34e-04 3.38e-09  4.37e-09  23450s
 479   1.64611909e+00  1.64658795e+00  7.34e-04 3.33e-09  4.37e-09  23485s
 480   1.64611913e+00  1.64658796e+00  7.34e-04 2.92e-09  4.37e-09  23538s
 481   1.64612064e+00  1.64658875e+00  7.31e-04 3.00e-09  4.37e-09  23592s
 482   1.64612068e+00  1.64658866e+00  7.31e-04 3.44e-09  4.36e-09  23627s
 483   1.64612205e+00  1.64658891e+00  7.29e-04 3.44e-09  4.35e-09  23695s
 484   1.64612246e+00  1.64658864e+00  7.29e-04 3.64e-09  4.35e-09  23739s
 485   1.64612389e+00  1.64658829e+00  7.26e-04 3.53e-09  4.33e-09  23771s
 486   1.64612826e+00  1.64658635e+00  7.20e-04 2.54e-09  4.28e-09  23819s
 487   1.64613019e+00  1.64658513e+00  7.16e-04 2.12e-09  4.26e-09  23872s
 488   1.64613257e+00  1.64658458e+00  7.13e-04 2.13e-09  4.23e-09  23922s
 489   1.64613295e+00  1.64658337e+00  7.12e-04 1.86e-09  4.22e-09  23989s
 490   1.64613395e+00  1.64658327e+00  7.10e-04 1.93e-09  4.21e-09  24017s
 491   1.64613396e+00  1.64658328e+00  7.10e-04 1.93e-09  4.21e-09  24044s
 492   1.64613398e+00  1.64658328e+00  7.10e-04 1.93e-09  4.21e-09  24072s
 493   1.64613399e+00  1.64658328e+00  7.10e-04 2.01e-09  4.21e-09  24113s
 494   1.64613438e+00  1.64658375e+00  7.10e-04 3.09e-09  4.21e-09  24163s
 495   1.64613494e+00  1.64658315e+00  7.09e-04 2.93e-09  4.20e-09  24185s
 496   1.64613549e+00  1.64658270e+00  7.08e-04 2.62e-09  4.19e-09  24223s
 497   1.64613558e+00  1.64658232e+00  7.08e-04 2.51e-09  4.19e-09  24285s
 498   1.64613561e+00  1.64658229e+00  7.08e-04 2.46e-09  4.19e-09  24320s
 499   1.64613678e+00  1.64658220e+00  7.06e-04 2.37e-09  4.18e-09  24374s
 500   1.64613712e+00  1.64658231e+00  7.05e-04 2.44e-09  4.17e-09  24402s
 501   1.64613744e+00  1.64658308e+00  7.05e-04 2.08e-09  4.18e-09  24455s
 502   1.64613873e+00  1.64658289e+00  7.03e-04 2.01e-09  4.16e-09  24483s
 503   1.64613913e+00  1.64658271e+00  7.02e-04 1.96e-09  4.16e-09  24527s
 504   1.64613915e+00  1.64658265e+00  7.02e-04 1.78e-09  4.16e-09  24566s
 505   1.64614169e+00  1.64658252e+00  6.98e-04 1.76e-09  4.13e-09  24603s
 506   1.64614169e+00  1.64658252e+00  6.98e-04 1.03e-08  4.13e-09  24641s
 507   1.64614194e+00  1.64658249e+00  6.98e-04 1.02e-08  4.13e-09  24677s
 508   1.64615013e+00  1.64658224e+00  6.84e-04 1.00e-08  4.05e-09  24705s
 509   1.64615025e+00  1.64658225e+00  6.84e-04 9.99e-09  4.05e-09  24733s
 510   1.64615235e+00  1.64658243e+00  6.81e-04 9.98e-09  4.03e-09  24772s
 511   1.64615239e+00  1.64658240e+00  6.81e-04 9.96e-09  4.03e-09  24809s
 512   1.64615241e+00  1.64658239e+00  6.81e-04 9.95e-09  4.03e-09  24838s
 513   1.64615292e+00  1.64658236e+00  6.80e-04 9.70e-09  4.03e-09  24875s
 514   1.64615341e+00  1.64658229e+00  6.79e-04 9.59e-09  4.02e-09  24902s
 515   1.64615381e+00  1.64658224e+00  6.79e-04 9.58e-09  4.02e-09  24931s
 516   1.64615552e+00  1.64658215e+00  6.76e-04 9.30e-09  4.00e-09  24959s
 517   1.64615553e+00  1.64658209e+00  6.76e-04 8.87e-09  4.00e-09  24994s
 518   1.64615608e+00  1.64658210e+00  6.75e-04 8.01e-09  4.00e-09  25051s
 519   1.64615865e+00  1.64658114e+00  6.71e-04 6.87e-09  3.97e-09  25105s
 520   1.64615865e+00  1.64658114e+00  6.71e-04 6.87e-09  3.97e-09  25131s
 521   1.64615899e+00  1.64658114e+00  6.70e-04 6.79e-09  3.96e-09  25160s
 522   1.64615957e+00  1.64658111e+00  6.69e-04 6.69e-09  3.96e-09  25189s
 523   1.64616056e+00  1.64658109e+00  6.68e-04 6.66e-09  3.95e-09  25218s
 524   1.64616064e+00  1.64658169e+00  6.68e-04 7.29e-09  3.95e-09  25280s
 525   1.64616106e+00  1.64658156e+00  6.67e-04 7.26e-09  3.95e-09  25308s
 526   1.64616116e+00  1.64658115e+00  6.67e-04 6.71e-09  3.94e-09  25350s
 527   1.64616227e+00  1.64658103e+00  6.65e-04 6.47e-09  3.93e-09  25380s
 528   1.64616456e+00  1.64658115e+00  6.61e-04 6.10e-09  3.91e-09  25441s
 529   1.64616456e+00  1.64658116e+00  6.61e-04 6.10e-09  3.91e-09  25469s
 530   1.64616541e+00  1.64658093e+00  6.60e-04 6.17e-09  3.90e-09  25510s
 531   1.64616565e+00  1.64658051e+00  6.60e-04 6.42e-09  3.90e-09  25559s
 532   1.64616910e+00  1.64658012e+00  6.54e-04 6.68e-09  3.86e-09  25599s
 533   1.64616935e+00  1.64657996e+00  6.54e-04 6.77e-09  3.86e-09  25634s
 534   1.64616938e+00  1.64657996e+00  6.54e-04 6.73e-09  3.86e-09  25669s
 535   1.64616938e+00  1.64657995e+00  6.54e-04 6.73e-09  3.86e-09  25702s
 536   1.64617300e+00  1.64658017e+00  6.48e-04 6.53e-09  3.83e-09  25741s
 537   1.64617303e+00  1.64658018e+00  6.48e-04 6.54e-09  3.83e-09  25761s
 538   1.64617402e+00  1.64658111e+00  6.46e-04 6.22e-09  3.82e-09  25799s
 539   1.64617490e+00  1.64658020e+00  6.45e-04 6.86e-09  3.81e-09  25836s
 540   1.64617492e+00  1.64658020e+00  6.45e-04 6.86e-09  3.81e-09  25862s
 541   1.64617497e+00  1.64658012e+00  6.45e-04 6.98e-09  3.81e-09  25899s
 542   1.64617590e+00  1.64658007e+00  6.43e-04 6.82e-09  3.80e-09  25933s
 543   1.64617590e+00  1.64658006e+00  6.43e-04 6.83e-09  3.80e-09  25963s
 544   1.64617645e+00  1.64657994e+00  6.42e-04 6.70e-09  3.79e-09  25999s
 545   1.64617645e+00  1.64657983e+00  6.42e-04 7.31e-09  3.79e-09  26023s
 546   1.64617760e+00  1.64658089e+00  6.40e-04 7.81e-09  3.79e-09  26069s
 547   1.64617764e+00  1.64658094e+00  6.40e-04 7.73e-09  3.79e-09  26116s
 548   1.64617765e+00  1.64658095e+00  6.40e-04 7.74e-09  3.79e-09  26154s
 549   1.64618237e+00  1.64658860e+00  6.33e-04 6.52e-09  3.80e-09  26206s
 550   1.64618246e+00  1.64658708e+00  6.33e-04 6.58e-09  3.79e-09  26271s
 551   1.64618269e+00  1.64658692e+00  6.33e-04 6.30e-09  3.78e-09  26301s
 552   1.64618260e+00  1.64658692e+00  6.33e-04 6.30e-09  3.79e-09  26336s
 553   1.64618533e+00  1.64658735e+00  6.29e-04 5.47e-09  3.77e-09  26382s
 554   1.64618544e+00  1.64658691e+00  6.29e-04 6.23e-09  3.76e-09  26425s
 555   1.64618552e+00  1.64658681e+00  6.28e-04 6.18e-09  3.76e-09  26463s
 556   1.64619630e+00  1.64659413e+00  6.11e-04 5.78e-09  3.71e-09  26507s
 557   1.64619643e+00  1.64659305e+00  6.11e-04 6.29e-09  3.70e-09  26542s
 558   1.64619681e+00  1.64659250e+00  6.10e-04 6.11e-09  3.69e-09  26576s
 559   1.64619990e+00  1.64659217e+00  6.05e-04 6.11e-09  3.66e-09  26611s
 560   1.64620235e+00  1.64659199e+00  6.01e-04 6.06e-09  3.64e-09  26646s
 561   1.64620316e+00  1.64658961e+00  6.00e-04 6.35e-09  3.61e-09  26733s
 562   1.64620317e+00  1.64658961e+00  6.00e-04 6.37e-09  3.61e-09  26771s
 563   1.64620318e+00  1.64658921e+00  6.00e-04 6.47e-09  3.61e-09  26805s
 564   1.64620434e+00  1.64659019e+00  5.98e-04 6.18e-09  3.61e-09  26834s
 565   1.64620572e+00  1.64658932e+00  5.96e-04 6.69e-09  3.59e-09  26862s
 566   1.64620703e+00  1.64658490e+00  5.94e-04 4.17e-09  3.55e-09  26922s
 567   1.64620857e+00  1.64658424e+00  5.91e-04 4.41e-09  3.53e-09  26958s
 568   1.64620994e+00  1.64658418e+00  5.89e-04 4.70e-09  3.52e-09  27013s
 569   1.64621030e+00  1.64658460e+00  5.89e-04 5.51e-09  3.52e-09  27067s
 570   1.64621030e+00  1.64658458e+00  5.89e-04 5.51e-09  3.52e-09  27108s
 571   1.64623649e+00  1.64659707e+00  5.47e-04 5.25e-09  3.36e-09  27168s
 572   1.64623673e+00  1.64659670e+00  5.47e-04 5.24e-09  3.35e-09  27201s
 573   1.64623692e+00  1.64659701e+00  5.46e-04 5.20e-09  3.35e-09  27273s
 574   1.64623712e+00  1.64659674e+00  5.46e-04 5.22e-09  3.35e-09  27307s
 575   1.64623735e+00  1.64659534e+00  5.46e-04 5.28e-09  3.34e-09  27339s
 576   1.64623845e+00  1.64659503e+00  5.44e-04 5.23e-09  3.33e-09  27369s
 577   1.64623846e+00  1.64659337e+00  5.44e-04 5.08e-09  3.32e-09  27398s
 578   1.64624031e+00  1.64659270e+00  5.41e-04 4.99e-09  3.30e-09  27426s
 579   1.64624192e+00  1.64658947e+00  5.38e-04 6.15e-09  3.26e-09  27470s
 580   1.64624192e+00  1.64658911e+00  5.38e-04 6.00e-09  3.26e-09  27535s
 581   1.64624257e+00  1.64658905e+00  5.37e-04 6.14e-09  3.25e-09  27576s
 582   1.64624264e+00  1.64658891e+00  5.37e-04 6.09e-09  3.25e-09  27638s
 583   1.64624266e+00  1.64658892e+00  5.37e-04 6.10e-09  3.25e-09  27674s
 584   1.64624319e+00  1.64658882e+00  5.36e-04 6.15e-09  3.25e-09  27706s
 585   1.64624390e+00  1.64658978e+00  5.35e-04 5.39e-09  3.25e-09  27732s
 586   1.64624423e+00  1.64658901e+00  5.35e-04 5.59e-09  3.24e-09  27771s
 587   1.64624487e+00  1.64658734e+00  5.34e-04 5.23e-09  3.22e-09  27818s
 588   1.64624526e+00  1.64658585e+00  5.33e-04 4.94e-09  3.21e-09  27854s
 589   1.64624545e+00  1.64658568e+00  5.33e-04 5.05e-09  3.21e-09  27895s
 590   1.64624548e+00  1.64658561e+00  5.33e-04 5.07e-09  3.21e-09  27930s
 591   1.64624578e+00  1.64658507e+00  5.32e-04 4.88e-09  3.20e-09  27954s
 592   1.64624580e+00  1.64658505e+00  5.32e-04 4.87e-09  3.20e-09  27977s
 593   1.64624580e+00  1.64658505e+00  5.32e-04 4.87e-09  3.20e-09  28003s
 594   1.64624581e+00  1.64658505e+00  5.32e-04 4.87e-09  3.20e-09  28036s
 595   1.64624632e+00  1.64658466e+00  5.31e-04 4.71e-09  3.19e-09  28078s
 596   1.64624709e+00  1.64658449e+00  5.30e-04 4.68e-09  3.18e-09  28106s
 597   1.64624709e+00  1.64658449e+00  5.30e-04 4.68e-09  3.18e-09  28136s
 598   1.64624714e+00  1.64658475e+00  5.30e-04 9.22e-09  3.19e-09  28180s
 599   1.64624747e+00  1.64658479e+00  5.29e-04 9.06e-09  3.18e-09  28222s
 600   1.64624876e+00  1.64658407e+00  5.27e-04 8.50e-09  3.17e-09  28287s
 601   1.64624876e+00  1.64658402e+00  5.27e-04 8.38e-09  3.17e-09  28344s
 602   1.64624878e+00  1.64658402e+00  5.27e-04 8.38e-09  3.17e-09  28371s
 603   1.64624884e+00  1.64658462e+00  5.27e-04 8.95e-09  3.17e-09  28463s
 604   1.64625251e+00  1.64659460e+00  5.22e-04 8.45e-09  3.20e-09  28498s
 605   1.64625261e+00  1.64659295e+00  5.21e-04 7.97e-09  3.19e-09  28582s
 606   1.64625277e+00  1.64659244e+00  5.21e-04 7.26e-09  3.18e-09  28619s
 607   1.64625507e+00  1.64659262e+00  5.17e-04 1.05e-08  3.16e-09  28688s
 608   1.64625747e+00  1.64658893e+00  5.14e-04 9.48e-09  3.12e-09  28724s
 609   1.64625796e+00  1.64658750e+00  5.13e-04 9.02e-09  3.10e-09  28791s
 610   1.64625893e+00  1.64658663e+00  5.11e-04 8.42e-09  3.09e-09  28826s
 611   1.64625931e+00  1.64658603e+00  5.11e-04 8.38e-09  3.08e-09  28868s
 612   1.64626018e+00  1.64658554e+00  5.09e-04 8.00e-09  3.07e-09  28917s
 613   1.64626082e+00  1.64658553e+00  5.08e-04 7.56e-09  3.06e-09  28951s
 614   1.64626146e+00  1.64658523e+00  5.07e-04 6.61e-09  3.05e-09  29004s
 615   1.64626229e+00  1.64658361e+00  5.06e-04 9.56e-09  3.03e-09  29047s
 616   1.64626230e+00  1.64658359e+00  5.06e-04 9.56e-09  3.03e-09  29075s
 617   1.64626240e+00  1.64658352e+00  5.06e-04 9.43e-09  3.03e-09  29104s
 618   1.64626318e+00  1.64658321e+00  5.04e-04 9.40e-09  3.02e-09  29156s
 619   1.64626319e+00  1.64658306e+00  5.04e-04 9.86e-09  3.02e-09  29199s
 620   1.64626346e+00  1.64658294e+00  5.04e-04 9.75e-09  3.02e-09  29232s
 621   1.64626349e+00  1.64658277e+00  5.04e-04 1.14e-08  3.02e-09  29260s
 622   1.64626371e+00  1.64658280e+00  5.04e-04 1.12e-08  3.01e-09  29301s
 623   1.64626426e+00  1.64658269e+00  5.03e-04 1.10e-08  3.01e-09  29328s
 624   1.64626466e+00  1.64658267e+00  5.02e-04 1.10e-08  3.00e-09  29354s
 625   1.64626466e+00  1.64658265e+00  5.02e-04 1.10e-08  3.00e-09  29382s
 626   1.64626469e+00  1.64658264e+00  5.02e-04 1.10e-08  3.00e-09  29408s
 627   1.64626601e+00  1.64658232e+00  5.00e-04 1.06e-08  2.99e-09  29449s
 628   1.64626900e+00  1.64658042e+00  4.95e-04 8.05e-09  2.95e-09  29510s
 629   1.64626904e+00  1.64658025e+00  4.95e-04 7.43e-09  2.95e-09  29547s
 630   1.64626906e+00  1.64658044e+00  4.95e-04 7.44e-09  2.95e-09  29571s
 631   1.64627018e+00  1.64658006e+00  4.93e-04 7.16e-09  2.94e-09  29594s
 632   1.64627060e+00  1.64657964e+00  4.93e-04 6.87e-09  2.93e-09  29620s
 633   1.64629861e+00  1.64657933e+00  4.47e-04 6.52e-09  2.66e-09  29648s
 634   1.64629894e+00  1.64657920e+00  4.46e-04 6.39e-09  2.66e-09  29681s
 635   1.64629894e+00  1.64657921e+00  4.46e-04 6.36e-09  2.66e-09  29708s
 636   1.64630185e+00  1.64658093e+00  4.41e-04 5.80e-09  2.65e-09  29749s
 637   1.64630190e+00  1.64658067e+00  4.41e-04 5.70e-09  2.64e-09  29791s
 638   1.64630210e+00  1.64658061e+00  4.41e-04 5.65e-09  2.64e-09  29815s
 639   1.64630223e+00  1.64658081e+00  4.41e-04 5.61e-09  2.64e-09  29839s
 640   1.64630234e+00  1.64658069e+00  4.41e-04 5.71e-09  2.64e-09  29866s
 641   1.64630235e+00  1.64658067e+00  4.41e-04 5.70e-09  2.64e-09  29908s
 642   1.64630304e+00  1.64658335e+00  4.40e-04 6.34e-09  2.65e-09  29967s
 643   1.64630490e+00  1.64658310e+00  4.36e-04 5.85e-09  2.63e-09  29998s
 644   1.64630493e+00  1.64658273e+00  4.36e-04 5.73e-09  2.63e-09  30060s
 645   1.64630573e+00  1.64658263e+00  4.35e-04 5.66e-09  2.62e-09  30085s
 646   1.64630573e+00  1.64658271e+00  4.35e-04 5.66e-09  2.62e-09  30111s
 647   1.64630573e+00  1.64658274e+00  4.35e-04 5.63e-09  2.62e-09  30138s
 648   1.64630675e+00  1.64658327e+00  4.34e-04 5.50e-09  2.61e-09  30181s
 649   1.64630676e+00  1.64658325e+00  4.34e-04 5.52e-09  2.61e-09  30202s
 650   1.64630714e+00  1.64658364e+00  4.33e-04 6.13e-09  2.61e-09  30240s
 651   1.64630720e+00  1.64658257e+00  4.33e-04 5.00e-09  2.60e-09  30292s
 652   1.64630769e+00  1.64658417e+00  4.32e-04 5.69e-09  2.61e-09  30323s
 653   1.64630773e+00  1.64658413e+00  4.32e-04 5.70e-09  2.61e-09  30349s
 654   1.64630841e+00  1.64658369e+00  4.31e-04 5.40e-09  2.60e-09  30371s
 655   1.64630933e+00  1.64658295e+00  4.29e-04 5.96e-09  2.59e-09  30414s
 656   1.64630940e+00  1.64658178e+00  4.29e-04 6.73e-09  2.58e-09  30463s
 657   1.64630943e+00  1.64658152e+00  4.29e-04 6.88e-09  2.58e-09  30513s
 658   1.64630972e+00  1.64658139e+00  4.29e-04 6.72e-09  2.57e-09  30552s
 659   1.64631014e+00  1.64658109e+00  4.28e-04 7.81e-09  2.57e-09  30584s
 660   1.64631203e+00  1.64657971e+00  4.25e-04 7.17e-09  2.54e-09  30625s
 661   1.64631221e+00  1.64657951e+00  4.25e-04 7.01e-09  2.54e-09  30658s
 662   1.64632906e+00  1.64657910e+00  3.97e-04 6.39e-09  2.38e-09  30690s
 663   1.64632913e+00  1.64657907e+00  3.97e-04 6.39e-09  2.38e-09  30716s
 664   1.64632999e+00  1.64658587e+00  3.96e-04 5.30e-09  2.41e-09  30753s
 665   1.64633051e+00  1.64658560e+00  3.95e-04 5.67e-09  2.41e-09  30785s
 666   1.64633092e+00  1.64658488e+00  3.94e-04 6.99e-09  2.40e-09  30833s
 667   1.64633138e+00  1.64658316e+00  3.94e-04 6.70e-09  2.38e-09  30859s
 668   1.64633148e+00  1.64658254e+00  3.93e-04 6.02e-09  2.38e-09  30888s
 669   1.64633199e+00  1.64658185e+00  3.93e-04 5.13e-09  2.37e-09  30916s
 670   1.64633279e+00  1.64658110e+00  3.91e-04 5.41e-09  2.36e-09  30943s
 671   1.64633305e+00  1.64658043e+00  3.91e-04 3.85e-09  2.35e-09  30992s
 672   1.64633353e+00  1.64658018e+00  3.90e-04 3.95e-09  2.34e-09  31024s
 673   1.64633375e+00  1.64657937e+00  3.90e-04 5.07e-09  2.33e-09  31074s
 674   1.64633379e+00  1.64657893e+00  3.90e-04 5.11e-09  2.33e-09  31103s
 675   1.64633380e+00  1.64657887e+00  3.90e-04 5.71e-09  2.33e-09  31170s
 676   1.64633425e+00  1.64658205e+00  3.89e-04 5.55e-09  2.35e-09  31216s
 677   1.64633425e+00  1.64658218e+00  3.89e-04 5.54e-09  2.35e-09  31248s
 678   1.64633440e+00  1.64658241e+00  3.89e-04 6.07e-09  2.35e-09  31290s
 679   1.64633513e+00  1.64658095e+00  3.87e-04 5.42e-09  2.33e-09  31322s
 680   1.64633566e+00  1.64658084e+00  3.87e-04 5.19e-09  2.33e-09  31351s
 681   1.64633568e+00  1.64658083e+00  3.86e-04 5.16e-09  2.33e-09  31379s
 682   1.64633568e+00  1.64658088e+00  3.86e-04 5.23e-09  2.33e-09  31410s
 683   1.64633588e+00  1.64658143e+00  3.86e-04 6.00e-09  2.33e-09  31469s
 684   1.64633607e+00  1.64658037e+00  3.86e-04 7.66e-09  2.32e-09  31515s
 685   1.64633659e+00  1.64657930e+00  3.85e-04 7.42e-09  2.31e-09  31550s
 686   1.64633669e+00  1.64657922e+00  3.85e-04 7.64e-09  2.31e-09  31588s
 687   1.64633728e+00  1.64657854e+00  3.84e-04 6.98e-09  2.30e-09  31638s
 688   1.64633738e+00  1.64657844e+00  3.84e-04 7.26e-09  2.30e-09  31667s
 689   1.64633795e+00  1.64658082e+00  3.83e-04 6.71e-09  2.31e-09  31689s
 690   1.64633801e+00  1.64658036e+00  3.83e-04 7.56e-09  2.30e-09  31726s
 691   1.64633802e+00  1.64658034e+00  3.83e-04 7.63e-09  2.30e-09  31749s
 692   1.64633823e+00  1.64658629e+00  3.82e-04 6.54e-09  2.34e-09  31800s
 693   1.64633862e+00  1.64658518e+00  3.82e-04 6.00e-09  2.33e-09  31831s
 694   1.64633959e+00  1.64658467e+00  3.80e-04 5.89e-09  2.31e-09  31863s
 695   1.64633959e+00  1.64658496e+00  3.80e-04 5.82e-09  2.32e-09  31901s
 696   1.64634040e+00  1.64658366e+00  3.79e-04 5.96e-09  2.30e-09  31925s
 697   1.64634048e+00  1.64658278e+00  3.79e-04 5.51e-09  2.29e-09  31993s
 698   1.64634085e+00  1.64658270e+00  3.78e-04 5.19e-09  2.29e-09  32024s
 699   1.64634102e+00  1.64658194e+00  3.78e-04 5.15e-09  2.28e-09  32063s
 700   1.64634104e+00  1.64658189e+00  3.78e-04 5.14e-09  2.28e-09  32096s
 701   1.64634139e+00  1.64658180e+00  3.77e-04 5.14e-09  2.28e-09  32122s
 702   1.64634196e+00  1.64658332e+00  3.76e-04 5.06e-09  2.28e-09  32203s
 703   1.64634196e+00  1.64658332e+00  3.76e-04 5.06e-09  2.28e-09  32233s
 704   1.64634196e+00  1.64658324e+00  3.76e-04 5.03e-09  2.28e-09  32266s
 705   1.64634200e+00  1.64658317e+00  3.76e-04 4.94e-09  2.28e-09  32288s
 706   1.64634203e+00  1.64658264e+00  3.76e-04 5.11e-09  2.28e-09  32326s
 707   1.64634203e+00  1.64658182e+00  3.76e-04 5.35e-09  2.27e-09  32376s
 708   1.64634233e+00  1.64658122e+00  3.76e-04 4.22e-09  2.27e-09  32411s
 709   1.64634470e+00  1.64658044e+00  3.72e-04 5.51e-09  2.24e-09  32431s
 710   1.64634470e+00  1.64658049e+00  3.72e-04 6.33e-09  2.24e-09  32466s
 711   1.64634476e+00  1.64658038e+00  3.72e-04 6.19e-09  2.24e-09  32493s
 712   1.64634476e+00  1.64658034e+00  3.72e-04 6.17e-09  2.24e-09  32534s
 713   1.64634534e+00  1.64658005e+00  3.71e-04 5.62e-09  2.23e-09  32568s
 714   1.64634534e+00  1.64658008e+00  3.71e-04 5.64e-09  2.23e-09  32596s
 715   1.64634552e+00  1.64658053e+00  3.70e-04 4.79e-09  2.23e-09  32624s
 716   1.64634556e+00  1.64658079e+00  3.70e-04 5.04e-09  2.23e-09  32663s
 717   1.64634603e+00  1.64658064e+00  3.70e-04 5.00e-09  2.23e-09  32695s
 718   1.64634621e+00  1.64658296e+00  3.69e-04 4.89e-09  2.24e-09  32724s
 719   1.64634625e+00  1.64658271e+00  3.69e-04 4.87e-09  2.24e-09  32753s
 720   1.64634665e+00  1.64658231e+00  3.69e-04 4.81e-09  2.24e-09  32786s
 721   1.64634681e+00  1.64658071e+00  3.68e-04 4.66e-09  2.22e-09  32848s
 722   1.64634683e+00  1.64658070e+00  3.68e-04 4.65e-09  2.22e-09  32881s
 723   1.64634709e+00  1.64658338e+00  3.68e-04 5.75e-09  2.24e-09  32923s
 724   1.64634709e+00  1.64658342e+00  3.68e-04 5.75e-09  2.24e-09  32950s
 725   1.64634770e+00  1.64659456e+00  3.67e-04 4.55e-09  2.30e-09  32973s
 726   1.64634826e+00  1.64659389e+00  3.66e-04 4.38e-09  2.29e-09  33014s
 727   1.64634923e+00  1.64659199e+00  3.64e-04 4.31e-09  2.27e-09  33043s
 728   1.64634923e+00  1.64659198e+00  3.64e-04 4.33e-09  2.27e-09  33069s
 729   1.64634923e+00  1.64659199e+00  3.64e-04 4.33e-09  2.27e-09  33103s
 730   1.64634923e+00  1.64659197e+00  3.64e-04 4.33e-09  2.27e-09  33129s
 731   1.64634929e+00  1.64659191e+00  3.64e-04 4.33e-09  2.27e-09  33154s
 732   1.64634929e+00  1.64659196e+00  3.64e-04 8.27e-09  2.27e-09  33180s
 733   1.64634930e+00  1.64659187e+00  3.64e-04 8.23e-09  2.27e-09  33214s
 734   1.64634946e+00  1.64659175e+00  3.64e-04 8.18e-09  2.27e-09  33248s
 735   1.64634951e+00  1.64658953e+00  3.64e-04 9.21e-09  2.25e-09  33332s
 736   1.64635015e+00  1.64658767e+00  3.63e-04 7.86e-09  2.24e-09  33357s
 737   1.64635114e+00  1.64658512e+00  3.61e-04 6.89e-09  2.21e-09  33391s
 738   1.64635138e+00  1.64658510e+00  3.61e-04 6.90e-09  2.21e-09  33417s
 739   1.64635156e+00  1.64658471e+00  3.60e-04 6.91e-09  2.20e-09  33446s
 740   1.64635186e+00  1.64658424e+00  3.60e-04 7.11e-09  2.20e-09  33481s
 741   1.64635186e+00  1.64658425e+00  3.60e-04 7.12e-09  2.20e-09  33518s
 742   1.64635206e+00  1.64658407e+00  3.60e-04 7.01e-09  2.19e-09  33557s
 743   1.64635269e+00  1.64659172e+00  3.59e-04 5.80e-09  2.24e-09  33594s
 744   1.64635270e+00  1.64659171e+00  3.59e-04 5.79e-09  2.24e-09  33627s
 745   1.64635288e+00  1.64659194e+00  3.58e-04 4.86e-09  2.24e-09  33718s
 746   1.64635292e+00  1.64658900e+00  3.58e-04 5.52e-09  2.22e-09  33764s
 747   1.64635479e+00  1.64658681e+00  3.56e-04 4.85e-09  2.19e-09  33800s
 748   1.64635521e+00  1.64658514e+00  3.55e-04 5.17e-09  2.17e-09  33831s
 749   1.64635570e+00  1.64658289e+00  3.54e-04 3.47e-09  2.16e-09  33865s
 750   1.64635575e+00  1.64658203e+00  3.54e-04 5.57e-09  2.15e-09  33909s
 751   1.64635576e+00  1.64658217e+00  3.54e-04 5.42e-09  2.15e-09  33938s
 752   1.64635636e+00  1.64658292e+00  3.53e-04 3.86e-09  2.15e-09  33978s
 753   1.64635651e+00  1.64658257e+00  3.53e-04 3.94e-09  2.15e-09  34009s
 754   1.64635682e+00  1.64658271e+00  3.52e-04 3.95e-09  2.15e-09  34046s
 755   1.64635710e+00  1.64658201e+00  3.52e-04 4.04e-09  2.14e-09  34069s
 756   1.64635712e+00  1.64658201e+00  3.52e-04 4.04e-09  2.14e-09  34109s
 757   1.64635744e+00  1.64658171e+00  3.51e-04 3.53e-09  2.13e-09  34138s
 758   1.64635744e+00  1.64658170e+00  3.51e-04 3.42e-09  2.13e-09  34162s
 759   1.64635791e+00  1.64658129e+00  3.50e-04 3.16e-09  2.13e-09  34185s
 760   1.64635791e+00  1.64658129e+00  3.50e-04 3.16e-09  2.13e-09  34217s
 761   1.64635791e+00  1.64658127e+00  3.50e-04 3.16e-09  2.13e-09  34246s
 762   1.64635818e+00  1.64658166e+00  3.50e-04 4.00e-09  2.13e-09  34317s
 763   1.64635831e+00  1.64658166e+00  3.50e-04 4.07e-09  2.12e-09  34345s
 764   1.64635868e+00  1.64658204e+00  3.49e-04 4.28e-09  2.12e-09  34376s
 765   1.64635969e+00  1.64658170e+00  3.48e-04 4.21e-09  2.11e-09  34404s
 766   1.64635979e+00  1.64658171e+00  3.47e-04 4.09e-09  2.11e-09  34431s
 767   1.64636003e+00  1.64658005e+00  3.47e-04 3.79e-09  2.10e-09  34463s
 768   1.64636043e+00  1.64657962e+00  3.46e-04 3.78e-09  2.09e-09  34487s
 769   1.64636062e+00  1.64657948e+00  3.46e-04 3.75e-09  2.09e-09  34509s
 770   1.64636089e+00  1.64658151e+00  3.46e-04 6.04e-09  2.10e-09  34552s
 771   1.64636115e+00  1.64658118e+00  3.45e-04 6.13e-09  2.10e-09  34579s
 772   1.64636124e+00  1.64658091e+00  3.45e-04 6.68e-09  2.09e-09  34612s
 773   1.64636142e+00  1.64658091e+00  3.45e-04 6.79e-09  2.09e-09  34637s
 774   1.64636142e+00  1.64658088e+00  3.45e-04 6.81e-09  2.09e-09  34671s
 775   1.64636197e+00  1.64658068e+00  3.44e-04 6.80e-09  2.08e-09  34704s
 776   1.64636373e+00  1.64658010e+00  3.41e-04 6.29e-09  2.06e-09  34743s
 777   1.64636810e+00  1.64658000e+00  3.34e-04 6.44e-09  2.02e-09  34768s
 778   1.64636818e+00  1.64657999e+00  3.34e-04 6.41e-09  2.02e-09  34793s
 779   1.64636830e+00  1.64658047e+00  3.33e-04 7.89e-09  2.02e-09  34821s
 780   1.64636831e+00  1.64658051e+00  3.33e-04 7.99e-09  2.02e-09  34856s
 781   1.64636885e+00  1.64658046e+00  3.32e-04 7.73e-09  2.02e-09  34883s
 782   1.64636892e+00  1.64658046e+00  3.32e-04 7.76e-09  2.02e-09  34907s
 783   1.64636907e+00  1.64657942e+00  3.32e-04 7.15e-09  2.01e-09  34959s
 784   1.64636919e+00  1.64657918e+00  3.32e-04 8.11e-09  2.01e-09  34981s
 785   1.64636927e+00  1.64657879e+00  3.32e-04 8.10e-09  2.00e-09  35022s
 786   1.64636928e+00  1.64657871e+00  3.32e-04 8.92e-09  2.00e-09  35055s
 787   1.64636939e+00  1.64657852e+00  3.32e-04 8.92e-09  2.00e-09  35087s
 788   1.64636946e+00  1.64657856e+00  3.31e-04 8.71e-09  2.00e-09  35146s
 789   1.64636956e+00  1.64657878e+00  3.31e-04 9.05e-09  2.00e-09  35191s
 790   1.64636960e+00  1.64657878e+00  3.31e-04 9.17e-09  2.00e-09  35228s
 791   1.64636970e+00  1.64657855e+00  3.31e-04 8.90e-09  2.00e-09  35275s
 792   1.64636973e+00  1.64657829e+00  3.31e-04 9.10e-09  1.99e-09  35308s
 793   1.64636978e+00  1.64657829e+00  3.31e-04 8.98e-09  1.99e-09  35342s

Barrier solved model in 793 iterations and 35341.94 seconds (20978.34 work units)
Optimal objective 1.64636907e+00

