Set parameter Username
Academic license - for non-commercial use only - expires 2027-02-09
Set parameter Threads to value 4
Set parameter Method to value 2
Set parameter BarOrder to value 1
Set parameter BarHomogeneous to value 1
Set parameter NumericFocus to value 2
Set parameter Crossover to value 0
Gurobi Optimizer version 9.5.1 build v9.5.1rc2 (linux64)
Thread count: 32 physical cores, 64 logical processors, using up to 4 threads
Optimize a model with 8171052 rows, 9771933 columns and 54786681 nonzeros
Model fingerprint: 0xf7b13d80
Coefficient statistics:
  Matrix range     [7e-05, 3e+00]
  Objective range  [1e+00, 1e+00]
  Bounds range     [0e+00, 0e+00]
  RHS range        [1e-03, 1e+00]
Presolve removed 1870247 rows and 8248432 columns (presolve time = 6s) ...
Presolve removed 1870247 rows and 8366353 columns (presolve time = 10s) ...
Presolve removed 3561805 rows and 8366353 columns (presolve time = 15s) ...
Presolve removed 3794439 rows and 8598987 columns (presolve time = 21s) ...
Presolve removed 3794439 rows and 8598987 columns (presolve time = 32s) ...
Presolve removed 3794441 rows and 8598988 columns (presolve time = 35s) ...
Presolve removed 4250780 rows and 8598988 columns (presolve time = 41s) ...
Presolve removed 4250780 rows and 8598988 columns
Presolve time: 41.80s
Presolved: 3920272 rows, 1172945 columns, 25672699 nonzeros
Elapsed ordering time = 6s
Ordering time: 6.91s

Barrier statistics:
 Dense cols : 354
 AA' NZ     : 1.305e+08
 Factor NZ  : 1.951e+08 (roughly 4.0 GB of memory)
 Factor Ops : 1.833e+10 (roughly 1 second per iteration)
 Threads    : 4

                  Objective                Residual
Iter       Primal          Dual         Primal    Dual     Compl     Time
   0   3.76303435e+00  3.12500000e+01  5.89e+07 6.25e-02  1.00e+06  1982s
   1   1.86645664e+00  2.22345106e+05  4.23e+07 5.08e+02  6.77e+05  1992s
   2   6.49552803e+00  7.06492529e+05  3.37e+07 2.04e+02  4.54e+05  2005s
   3   1.04634372e+01  2.24614483e+06  2.83e+07 1.34e+02  3.77e+05  2016s
   4   2.02960447e+00  2.51173396e+05  5.42e+04 1.48e+01  1.07e+02  2032s
   5   1.95032884e+00  2.16961551e+04  5.41e+03 1.30e+00  4.12e+00  2055s
   6   1.94327752e+00  9.84955238e+03  1.03e+03 6.34e-01  1.05e+00  2075s
   7   1.94227402e+00  5.01861932e+03  4.04e+02 3.26e-01  4.73e-01  2093s
   8   1.94193942e+00  3.18831407e+03  2.05e+02 2.08e-01  2.77e-01  2106s
   9   1.94189909e+00  2.66261488e+03  1.72e+02 1.74e-01  2.31e-01  2116s
  10   1.94188128e+00  2.43241336e+03  1.56e+02 1.59e-01  2.10e-01  2126s
  11   1.94186722e+00  2.28036850e+03  1.47e+02 1.49e-01  1.98e-01  2138s
  12   1.94174688e+00  2.00715663e+03  1.31e+02 1.30e-01  1.77e-01  2155s
  13   1.94139472e+00  1.70831190e+03  1.01e+02 1.13e-01  1.49e-01  2173s
  14   1.93985764e+00  1.25187676e+03  9.07e+01 7.96e-02  1.30e-01  2205s
  15   1.93936406e+00  1.13238965e+03  8.95e+01 7.23e-02  1.36e-01  2222s
  16   1.93821557e+00  1.08247123e+03  8.86e+01 6.80e-02  1.42e-01  2239s
  17   1.93425045e+00  9.45254612e+02  8.67e+01 6.40e-02  1.27e-01  2263s
  18   1.90884433e+00  6.22555075e+02  7.80e+01 3.80e-02  1.04e-01  2287s
  19   1.86816334e+00  5.45609209e+02  6.40e+01 3.33e-02  8.76e-02  2312s
  20   1.83124574e+00  4.01077173e+02  5.16e+01 2.45e-02  6.47e-02  2338s
  21   1.79399733e+00  1.82040819e+02  3.97e+01 1.12e-02  3.47e-02  2363s
  22   1.72465994e+00  1.10998254e+02  1.75e+01 6.85e-03  1.51e-02  2389s
  23   1.69356295e+00  7.76175429e+01  7.91e+00 4.92e-03  7.83e-03  2414s
  24   1.68062797e+00  5.35094670e+01  4.70e+00 3.44e-03  5.07e-03  2436s
  25   1.67119276e+00  4.54391811e+01  3.48e+00 2.95e-03  4.17e-03  2452s
  26   1.66054867e+00  3.97425524e+01  2.69e+00 2.59e-03  3.65e-03  2465s
  27   1.64808408e+00  3.52491570e+01  2.18e+00 2.30e-03  3.38e-03  2478s
  28   1.64211275e+00  3.29304727e+01  1.97e+00 2.14e-03  3.30e-03  2495s
  29   1.61766056e+00  3.10737209e+01  1.66e+00 2.02e-03  3.49e-03  2516s
  30   1.58985966e+00  2.92631075e+01  1.39e+00 1.91e-03  3.73e-03  2542s
  31   1.55557589e+00  2.81598867e+01  1.23e+00 1.83e-03  3.50e-03  2569s
  32   1.53467133e+00  2.69222118e+01  1.15e+00 1.75e-03  3.47e-03  2594s
  33   1.52069943e+00  2.57107678e+01  1.10e+00 1.67e-03  3.47e-03  2623s
  34   1.46870076e+00  2.30613788e+01  9.23e-01 1.50e-03  3.46e-03  2650s
  35   1.42651491e+00  2.00988243e+01  7.65e-01 1.30e-03  3.22e-03  2707s
  36   1.38704508e+00  1.58103630e+01  5.96e-01 1.01e-03  2.63e-03  2772s
  37   1.37077589e+00  1.46440095e+01  5.01e-01 9.26e-04  2.42e-03  2898s
  38   1.36260646e+00  1.19825798e+01  3.91e-01 7.44e-04  1.87e-03  3060s
  39   1.36632573e+00  6.85167867e+00  1.86e-01 3.86e-04  8.13e-04  3153s
  40   1.36726344e+00  4.88525189e+00  1.37e-01 2.48e-04  4.97e-04  3313s
  41   1.37385882e+00  3.64851818e+00  5.62e-02 1.61e-04  2.87e-04  3435s
  42   1.37951014e+00  2.04772867e+00  2.34e-02 4.74e-05  7.94e-05  3567s
  43   1.40025280e+00  1.72122746e+00  7.48e-03 2.34e-05  3.50e-05  3664s
  44   1.41224540e+00  1.69281895e+00  5.32e-03 2.10e-05  2.96e-05  3693s
  45   1.44407527e+00  1.66656647e+00  1.93e-03 1.87e-05  2.21e-05  3733s
  46   1.44544190e+00  1.65091474e+00  1.80e-03 1.72e-05  2.01e-05  3780s
  47   1.44899432e+00  1.62370041e+00  1.50e-03 1.46e-05  1.67e-05  3820s
  48   1.45142014e+00  1.61971304e+00  1.33e-03 1.42e-05  1.60e-05  3847s
  49   1.45159102e+00  1.61400808e+00  1.32e-03 1.36e-05  1.54e-05  3873s
  50   1.45367897e+00  1.58087893e+00  1.22e-03 1.05e-05  1.16e-05  3969s
  51   1.45584305e+00  1.56250401e+00  1.12e-03 8.54e-06  9.38e-06  4011s
  52   1.47391725e+00  1.53874347e+00  6.08e-04 5.94e-06  5.76e-06  4062s
  53   1.47992308e+00  1.52146896e+00  4.39e-04 3.62e-06  3.37e-06  4162s
  54   1.48262017e+00  1.51579026e+00  3.79e-04 2.51e-06  2.31e-06  4304s
  55   1.48468115e+00  1.51516475e+00  3.44e-04 2.37e-06  2.14e-06  4342s
  56   1.48469130e+00  1.51475202e+00  3.44e-04 2.25e-06  2.04e-06  4368s
  57   1.48637214e+00  1.51411543e+00  3.17e-04 2.05e-06  1.83e-06  4422s
  58   1.48800763e+00  1.51494726e+00  2.94e-04 1.60e-06  1.45e-06  4464s
  59   1.48897036e+00  1.51468648e+00  2.81e-04 1.48e-06  1.33e-06  4496s
  60   1.49009827e+00  1.51499435e+00  2.68e-04 1.30e-06  1.17e-06  4564s
  61   1.49032817e+00  1.51638048e+00  2.66e-04 1.12e-06  1.04e-06  4601s
  62   1.49161664e+00  1.51862826e+00  2.52e-04 8.72e-07  8.42e-07  4662s
  63   1.49374853e+00  1.51991046e+00  2.32e-04 7.16e-07  7.07e-07  4717s
  64   1.49506371e+00  1.52124627e+00  2.21e-04 5.96e-07  6.12e-07  4755s
  65   1.49708490e+00  1.52301320e+00  2.07e-04 5.20e-07  5.50e-07  4789s
  66   1.50177199e+00  1.52438479e+00  1.78e-04 4.87e-07  4.97e-07  4838s
  67   1.50203837e+00  1.52528230e+00  1.77e-04 4.57e-07  4.79e-07  4871s
  68   1.50385879e+00  1.52804732e+00  1.67e-04 4.04e-07  4.47e-07  4916s
  69   1.50608746e+00  1.52949628e+00  1.57e-04 3.74e-07  4.21e-07  4950s
  70   1.51773147e+00  1.53418856e+00  1.06e-04 2.83e-07  3.19e-07  5012s
  71   1.52708460e+00  1.53972547e+00  7.68e-05 1.85e-07  2.28e-07  5058s
  72   1.53522995e+00  1.54306678e+00  4.87e-05 1.21e-07  1.47e-07  5098s
  73   1.54025224e+00  1.54554610e+00  3.08e-05 7.11e-08  9.15e-08  5146s
  74   1.54120726e+00  1.54636474e+00  2.67e-05 4.72e-08  7.10e-08  5169s
  75   1.54257825e+00  1.54650300e+00  2.12e-05 4.17e-08  5.88e-08  5201s
  76   1.54297263e+00  1.54652447e+00  1.95e-05 4.07e-08  5.57e-08  5218s
  77   1.54312350e+00  1.54653921e+00  1.89e-05 4.02e-08  5.44e-08  5233s
  78   1.54318770e+00  1.54656563e+00  1.86e-05 3.94e-08  5.36e-08  5258s
  79   1.54329914e+00  1.54659876e+00  1.82e-05 3.85e-08  5.23e-08  5274s
  80   1.54342351e+00  1.54662907e+00  1.77e-05 3.77e-08  5.10e-08  5293s
  81   1.54352056e+00  1.54666511e+00  1.73e-05 3.66e-08  4.98e-08  5310s
  82   1.54373882e+00  1.54672095e+00  1.64e-05 3.51e-08  4.75e-08  5326s
  83   1.54428389e+00  1.54680464e+00  1.41e-05 3.26e-08  4.27e-08  5342s
  84   1.54469920e+00  1.54694452e+00  1.23e-05 2.82e-08  3.74e-08  5363s
  85   1.54510149e+00  1.54704920e+00  1.05e-05 2.45e-08  3.24e-08  5381s
  86   1.54525998e+00  1.54709037e+00  9.80e-06 2.28e-08  3.03e-08  5396s
  87   1.54544968e+00  1.54713114e+00  9.02e-06 2.01e-08  2.71e-08  5413s
  88   1.54579215e+00  1.54717139e+00  7.40e-06 1.79e-08  2.34e-08  5429s
  89   1.54608830e+00  1.54721919e+00  5.94e-06 1.49e-08  1.94e-08  5454s
  90   1.54632265e+00  1.54723960e+00  4.73e-06 1.31e-08  1.66e-08  5476s
  91   1.54649544e+00  1.54724322e+00  3.86e-06 1.08e-08  1.35e-08  5497s
  92   1.54654785e+00  1.54725852e+00  3.55e-06 6.77e-09  1.00e-08  5520s
  93   1.54661580e+00  1.54725554e+00  3.17e-06 5.77e-09  8.75e-09  5567s
  94   1.54681508e+00  1.54725247e+00  2.10e-06 5.33e-09  7.11e-09  5614s
  95   1.54686816e+00  1.54726225e+00  1.86e-06 4.85e-09  6.46e-09  5646s
  96   1.54697726e+00  1.54727322e+00  1.38e-06 7.67e-09  4.52e-09  5688s
  97   1.54699103e+00  1.54728305e+00  1.32e-06 6.65e-09  3.50e-09  5728s
  98   1.54712318e+00  1.54728675e+00  7.45e-07 2.64e-09  2.32e-09  5770s
  99   1.54719797e+00  1.54728974e+00  4.41e-07 2.29e-09  1.68e-09  5806s
 100   1.54721328e+00  1.54730244e+00  4.16e-07 5.00e-09  1.01e-09  5845s
 101   1.54723328e+00  1.54730439e+00  3.23e-07 6.20e-09  7.38e-10  5891s
 102   1.54726489e+00  1.54730598e+00  3.57e-07 6.45e-09  4.39e-10  5921s
 103   1.54727134e+00  1.54730667e+00  3.10e-07 1.57e-08  3.59e-10  5948s
 104   1.54728123e+00  1.54730711e+00  2.51e-07 1.25e-08  2.71e-10  5975s
 105   1.54728887e+00  1.54730732e+00  1.83e-07 6.12e-09  1.95e-10  6011s
 106   1.54729238e+00  1.54730757e+00  1.49e-07 6.08e-09  1.53e-10  6039s
 107   1.54729328e+00  1.54730756e+00  1.46e-07 9.86e-09  1.46e-10  6061s
 108   1.54729399e+00  1.54730759e+00  1.43e-07 8.88e-09  1.39e-10  6087s
 109   1.54729475e+00  1.54730763e+00  1.78e-07 3.38e-08  1.16e-10  6120s
 110   1.54729943e+00  1.54730772e+00  1.82e-07 3.51e-08  7.64e-11  6147s
 111   1.54730365e+00  1.54730778e+00  1.21e-07 1.15e-08  3.90e-11  6200s
 112   1.54730372e+00  1.54730756e+00  6.63e-07 1.64e-08  3.41e-11  6240s
 113   1.54730554e+00  1.54730756e+00  3.51e-07 2.36e-08  2.11e-11  6279s
 114   1.54730636e+00  1.54730759e+00  5.30e-07 4.92e-09  1.24e-11  6333s
 115   1.54730636e+00  1.54730760e+00  5.37e-07 4.43e-09  1.21e-11  6358s
 116   1.54730637e+00  1.54730757e+00  5.31e-07 4.99e-09  1.17e-11  6384s
 117   1.54730737e+00  1.54730757e+00  1.61e-07 1.24e-08  4.99e-12  6434s
 118   1.54730748e+00  1.54730759e+00  9.01e-08 6.74e-08  2.60e-12  6516s
 119   1.54730749e+00  1.54730760e+00  8.92e-08 6.38e-08  2.51e-12  6572s
 120   1.54730760e+00  1.54730759e+00  1.52e-06 1.14e-06  9.85e-13  6628s
 121   1.54730760e+00  1.54730759e+00  5.09e-07 1.14e-06  8.21e-13  6662s
 122   1.54730763e+00  1.54730759e+00  2.49e-07 9.84e-07  7.24e-13  6694s
 123   1.54730763e+00  1.54730759e+00  2.58e-07 9.97e-07  7.24e-13  6720s
 124   1.54730761e+00  1.54730759e+00  2.13e-07 9.69e-07  7.80e-13  6753s

Barrier solved model in 124 iterations and 6753.41 seconds (4300.28 work units)
Optimal objective 1.54730761e+00

