Set parameter Username
Academic license - for non-commercial use only - expires 2027-02-09
Set parameter Threads to value 4
Set parameter Method to value 2
Set parameter BarOrder to value 1
Set parameter BarHomogeneous to value 1
Set parameter NumericFocus to value 2
Set parameter Crossover to value 0
Gurobi Optimizer version 9.5.1 build v9.5.1rc2 (linux64)
Thread count: 32 physical cores, 64 logical processors, using up to 4 threads
Optimize a model with 3287764 rows, 2908365 columns and 18085835 nonzeros
Model fingerprint: 0x31043057
Coefficient statistics:
  Matrix range     [1e-04, 3e+00]
  Objective range  [1e+00, 1e+00]
  Bounds range     [0e+00, 0e+00]
  RHS range        [1e-03, 1e+00]
Presolve removed 1104320 rows and 2370000 columns (presolve time = 6s) ...
Presolve removed 1225768 rows and 2491448 columns (presolve time = 11s) ...
Presolve removed 1463940 rows and 2491449 columns
Presolve time: 14.71s
Presolved: 1823824 rows, 416916 columns, 11483247 nonzeros
Ordering time: 2.20s

Barrier statistics:
 Dense cols : 264
 AA' NZ     : 4.213e+07
 Factor NZ  : 5.951e+07 (roughly 1.4 GB of memory)
 Factor Ops : 3.867e+09 (less than 1 second per iteration)
 Threads    : 4

                  Objective                Residual
Iter       Primal          Dual         Primal    Dual     Compl     Time
   0   9.59741688e+00  1.25000000e+02  3.10e+07 6.25e-02  1.00e+06   661s
   1   9.59741688e-01  1.38898935e+06  2.19e+07 3.34e+02  5.72e+05   664s
   2   2.95364506e+00  1.26672599e+07  1.86e+07 1.41e+02  4.31e+05   669s
   3   1.01465918e+01  2.52172274e+06  1.37e+07 9.68e+01  2.88e+05   675s
   4   2.09604301e+01  1.36939590e+07  3.02e+06 6.80e+02  5.27e+05   681s
   5   2.60573548e+00  8.68339976e+05  6.17e+04 4.88e+01  8.88e+02   686s
   6   2.00388959e+00  8.83489537e+04  4.57e+03 5.05e+00  1.35e+01   692s
   7   1.97008393e+00  3.10688382e+04  1.35e+03 1.75e+00  3.06e+00   697s
   8   1.95814297e+00  1.09221251e+04  4.11e+02 6.18e-01  8.55e-01   703s
   9   1.95462005e+00  5.42256125e+03  1.95e+02 3.07e-01  3.94e-01   711s
  10   1.95323786e+00  3.21793946e+03  1.22e+02 1.83e-01  2.36e-01   716s
  11   1.95296689e+00  2.65558823e+03  9.81e+01 1.51e-01  1.90e-01   721s
  12   1.95297372e+00  2.37167463e+03  8.89e+01 1.34e-01  1.74e-01   727s
  13   1.95361567e+00  2.02961643e+03  7.36e+01 1.20e-01  1.51e-01   735s
  14   1.95427340e+00  1.52612514e+03  6.52e+01 9.04e-02  1.39e-01   743s
  15   1.94467336e+00  1.27288620e+03  5.94e+01 7.91e-02  1.47e-01   751s
  16   1.91279856e+00  6.00866850e+02  5.09e+01 3.70e-02  1.16e-01   759s
  17   1.90144817e+00  3.98739178e+02  4.82e+01 2.43e-02  1.04e-01   766s
  18   1.87675099e+00  2.75199212e+02  4.29e+01 1.59e-02  8.09e-02   773s
  19   1.81935444e+00  2.06237764e+02  3.11e+01 1.10e-02  5.19e-02   781s
  20   1.80467544e+00  1.57291982e+02  2.81e+01 8.21e-03  4.36e-02   789s
  21   1.73002002e+00  1.16513390e+02  1.48e+01 5.90e-03  2.32e-02   796s
  22   1.68130160e+00  7.95308233e+01  7.71e+00 4.02e-03  1.21e-02   804s
  23   1.65285771e+00  5.99199131e+01  4.76e+00 3.02e-03  7.80e-03   813s
  24   1.64086562e+00  5.17582540e+01  4.29e+00 2.60e-03  6.96e-03   821s
  25   1.59823143e+00  4.64468444e+01  2.76e+00 2.34e-03  5.41e-03   827s
  26   1.55876353e+00  3.74709535e+01  1.92e+00 1.88e-03  4.33e-03   834s
  27   1.53590646e+00  2.76785721e+01  1.58e+00 1.38e-03  3.40e-03   844s
  28   1.50669808e+00  2.26251302e+01  1.17e+00 1.12e-03  2.74e-03   853s
  29   1.48871624e+00  1.85322050e+01  9.71e-01 9.04e-04  2.24e-03   861s
  30   1.47076338e+00  1.64432682e+01  7.59e-01 7.94e-04  1.92e-03   870s
  31   1.46597880e+00  1.57922135e+01  6.94e-01 7.59e-04  1.81e-03   880s
  32   1.45885707e+00  1.41151697e+01  5.68e-01 6.70e-04  1.54e-03   900s
  33   1.44813531e+00  1.28298621e+01  3.86e-01 6.02e-04  1.26e-03   924s
  34   1.44553309e+00  1.02571601e+01  3.45e-01 4.66e-04  9.56e-04   955s
  35   1.44344347e+00  9.37953044e+00  3.10e-01 4.20e-04  8.38e-04   975s
  36   1.44072898e+00  7.14789950e+00  2.69e-01 3.01e-04  5.85e-04  1004s
  37   1.43636427e+00  6.69411232e+00  2.01e-01 2.77e-04  5.05e-04  1026s
  38   1.43349972e+00  3.90454182e+00  1.55e-01 1.29e-04  2.27e-04  1054s
  39   1.42931209e+00  3.17004926e+00  8.76e-02 9.03e-05  1.47e-04  1079s
  40   1.42557337e+00  2.15549191e+00  1.24e-02 3.75e-05  5.51e-05  1112s
  41   1.42602408e+00  1.64640680e+00  1.13e-02 1.13e-05  1.65e-05  1144s
  42   1.43961274e+00  1.55610175e+00  2.31e-03 6.33e-06  8.47e-06  1160s
  43   1.45100805e+00  1.52632475e+00  1.03e-03 4.47e-06  5.59e-06  1175s
  44   1.45259470e+00  1.52180413e+00  9.38e-04 4.06e-06  5.03e-06  1195s
  45   1.45294782e+00  1.52013135e+00  9.21e-04 3.90e-06  4.83e-06  1204s
  46   1.45434996e+00  1.51164812e+00  8.54e-04 3.07e-06  3.79e-06  1213s
  47   1.45553616e+00  1.50737272e+00  8.09e-04 2.69e-06  3.31e-06  1232s
  48   1.45654248e+00  1.50505302e+00  7.74e-04 2.41e-06  2.94e-06  1253s
  49   1.45775331e+00  1.50354826e+00  7.46e-04 2.16e-06  2.63e-06  1279s
  50   1.45957659e+00  1.50227963e+00  7.05e-04 1.93e-06  2.34e-06  1300s
  51   1.46097554e+00  1.50198860e+00  6.77e-04 1.61e-06  1.95e-06  1320s
  52   1.46275102e+00  1.50112337e+00  6.38e-04 1.46e-06  1.76e-06  1340s
  53   1.46429431e+00  1.50124437e+00  6.07e-04 1.37e-06  1.64e-06  1364s
  54   1.46484266e+00  1.50112913e+00  5.97e-04 1.33e-06  1.59e-06  1380s
  55   1.46626283e+00  1.50138882e+00  5.71e-04 1.25e-06  1.49e-06  1401s
  56   1.46691059e+00  1.50136552e+00  5.60e-04 1.17e-06  1.39e-06  1422s
  57   1.46764666e+00  1.50143467e+00  5.48e-04 1.12e-06  1.33e-06  1439s
  58   1.46861449e+00  1.50146991e+00  5.33e-04 1.10e-06  1.30e-06  1455s
  59   1.47074250e+00  1.50321758e+00  5.01e-04 9.46e-07  1.12e-06  1476s
  60   1.47198601e+00  1.50405297e+00  4.84e-04 8.86e-07  1.04e-06  1498s
  61   1.47386415e+00  1.50446287e+00  4.64e-04 8.12e-07  9.52e-07  1509s
  62   1.47437240e+00  1.50460288e+00  4.58e-04 7.97e-07  9.32e-07  1524s
  63   1.47607005e+00  1.50560131e+00  4.38e-04 7.44e-07  8.67e-07  1537s
  64   1.47784220e+00  1.50664582e+00  4.17e-04 6.92e-07  8.03e-07  1548s
  65   1.47908564e+00  1.50777227e+00  4.05e-04 6.39e-07  7.43e-07  1562s
  66   1.47996757e+00  1.50948944e+00  3.97e-04 5.65e-07  6.69e-07  1585s
  67   1.48104632e+00  1.51175192e+00  3.86e-04 4.82e-07  5.87e-07  1602s
  68   1.48155234e+00  1.51262333e+00  3.81e-04 4.47e-07  5.52e-07  1620s
  69   1.48231482e+00  1.51485769e+00  3.74e-04 4.01e-07  5.11e-07  1634s
  70   1.48303660e+00  1.51668437e+00  3.68e-04 3.57e-07  4.70e-07  1647s
  71   1.48414094e+00  1.51944398e+00  3.58e-04 3.05e-07  4.23e-07  1663s
  72   1.48960681e+00  1.52154660e+00  3.13e-04 2.70e-07  3.69e-07  1680s
  73   1.49040901e+00  1.52329667e+00  3.07e-04 2.44e-07  3.47e-07  1698s
  74   1.49104458e+00  1.52376061e+00  3.02e-04 2.31e-07  3.33e-07  1711s
  75   1.49390559e+00  1.52431552e+00  2.87e-04 2.22e-07  3.16e-07  1737s
  76   1.49498019e+00  1.52468966e+00  2.80e-04 2.15e-07  3.07e-07  1749s
  77   1.49961604e+00  1.52728094e+00  2.50e-04 1.91e-07  2.75e-07  1766s
  78   1.50060145e+00  1.53099061e+00  2.44e-04 1.58e-07  2.54e-07  1784s
  79   1.50150951e+00  1.53145145e+00  2.39e-04 1.52e-07  2.47e-07  1796s
  80   1.50529304e+00  1.53311321e+00  2.17e-04 1.38e-07  2.27e-07  1813s
  81   1.50636667e+00  1.53351946e+00  2.11e-04 1.33e-07  2.20e-07  1820s
  82   1.51428297e+00  1.53371309e+00  1.69e-04 1.31e-07  1.93e-07  1834s
  83   1.51817042e+00  1.53520537e+00  1.51e-04 1.17e-07  1.73e-07  1853s
  84   1.51881697e+00  1.53759540e+00  1.48e-04 9.82e-08  1.62e-07  1872s
  85   1.52262516e+00  1.53846419e+00  1.29e-04 9.15e-08  1.46e-07  1882s
  86   1.52569568e+00  1.54076253e+00  1.14e-04 7.40e-08  1.27e-07  1894s
  87   1.52819186e+00  1.54210927e+00  1.03e-04 6.39e-08  1.14e-07  1910s
  88   1.52882294e+00  1.54366753e+00  9.96e-05 5.13e-08  1.04e-07  1931s
  89   1.53667237e+00  1.54540221e+00  6.12e-05 3.52e-08  6.61e-08  1948s
  90   1.53709588e+00  1.54596602e+00  5.90e-05 2.94e-08  6.08e-08  1964s
  91   1.53977026e+00  1.54649013e+00  4.50e-05 2.36e-08  4.73e-08  1981s
  92   1.54086334e+00  1.54693690e+00  3.92e-05 1.76e-08  3.90e-08  2000s
  93   1.54129347e+00  1.54714934e+00  3.67e-05 1.40e-08  3.46e-08  2014s
  94   1.54160505e+00  1.54718078e+00  3.49e-05 1.31e-08  3.27e-08  2022s
  95   1.54208377e+00  1.54754603e+00  3.26e-05 1.01e-08  2.93e-08  2035s
  96   1.54271849e+00  1.54767730e+00  2.90e-05 7.65e-09  2.51e-08  2049s
  97   1.54321029e+00  1.54771533e+00  2.65e-05 7.05e-09  2.29e-08  2059s
  98   1.54349685e+00  1.54788585e+00  2.50e-05 4.72e-09  2.02e-08  2068s
  99   1.54414549e+00  1.54795761e+00  2.14e-05 3.67e-09  1.71e-08  2077s
 100   1.54466294e+00  1.54801111e+00  1.86e-05 2.44e-09  1.42e-08  2087s
 101   1.54471105e+00  1.54801296e+00  1.83e-05 1.82e-09  1.35e-08  2096s
 102   1.54473429e+00  1.54800854e+00  1.82e-05 1.61e-09  1.32e-08  2104s
 103   1.54480016e+00  1.54800608e+00  1.78e-05 1.51e-09  1.28e-08  2112s
 104   1.54485888e+00  1.54800287e+00  1.75e-05 1.39e-09  1.25e-08  2122s
 105   1.54491823e+00  1.54799991e+00  1.71e-05 1.14e-09  1.20e-08  2131s
 106   1.54492511e+00  1.54799225e+00  1.71e-05 9.73e-10  1.18e-08  2140s
 107   1.54499697e+00  1.54798635e+00  1.67e-05 7.80e-10  1.14e-08  2152s
 108   1.54501087e+00  1.54796915e+00  1.66e-05 5.68e-10  1.10e-08  2162s
 109   1.54525738e+00  1.54795954e+00  1.52e-05 6.38e-10  1.00e-08  2173s
 110   1.54530729e+00  1.54795488e+00  1.49e-05 5.62e-10  9.78e-09  2184s
 111   1.54548950e+00  1.54795082e+00  1.39e-05 5.26e-10  9.10e-09  2196s
 112   1.54551774e+00  1.54794881e+00  1.37e-05 5.07e-10  8.98e-09  2206s
 113   1.54552703e+00  1.54794785e+00  1.36e-05 4.93e-10  8.93e-09  2216s
 114   1.54552994e+00  1.54794919e+00  1.36e-05 3.79e-10  8.86e-09  2227s
 115   1.54553672e+00  1.54794621e+00  1.36e-05 3.64e-10  8.81e-09  2238s
 116   1.54553938e+00  1.54794376e+00  1.36e-05 3.52e-10  8.78e-09  2248s
 117   1.54554554e+00  1.54794360e+00  1.35e-05 3.44e-10  8.75e-09  2259s
 118   1.54555510e+00  1.54795287e+00  1.35e-05 3.13e-10  8.74e-09  2269s
 119   1.54557798e+00  1.54794529e+00  1.33e-05 2.96e-10  8.60e-09  2282s
 120   1.54558356e+00  1.54794367e+00  1.33e-05 2.81e-10  8.55e-09  2294s
 121   1.54558596e+00  1.54794285e+00  1.33e-05 6.06e-10  8.52e-09  2307s
 122   1.54561294e+00  1.54794304e+00  1.31e-05 5.82e-10  8.42e-09  2321s
 123   1.54564499e+00  1.54794975e+00  1.30e-05 7.24e-10  8.31e-09  2333s
 124   1.54564766e+00  1.54794523e+00  1.30e-05 7.44e-10  8.26e-09  2343s
 125   1.54568240e+00  1.54794918e+00  1.28e-05 1.89e-09  8.13e-09  2361s
 126   1.54568898e+00  1.54796478e+00  1.27e-05 1.64e-09  8.15e-09  2372s
 127   1.54571918e+00  1.54796652e+00  1.25e-05 1.49e-09  8.04e-09  2384s
 128   1.54578229e+00  1.54796713e+00  1.22e-05 1.42e-09  7.82e-09  2396s
 129   1.54578782e+00  1.54796208e+00  1.22e-05 1.31e-09  7.78e-09  2406s
 130   1.54581413e+00  1.54796524e+00  1.20e-05 9.63e-10  7.69e-09  2420s
 131   1.54581760e+00  1.54795758e+00  1.20e-05 7.99e-10  7.64e-09  2432s
 132   1.54581988e+00  1.54795209e+00  1.20e-05 7.30e-10  7.61e-09  2442s
 133   1.54583006e+00  1.54794809e+00  1.19e-05 6.95e-10  7.56e-09  2456s
 134   1.54583329e+00  1.54794255e+00  1.19e-05 6.01e-10  7.53e-09  2467s
 135   1.54583959e+00  1.54794151e+00  1.19e-05 5.52e-10  7.50e-09  2480s
 136   1.54587266e+00  1.54794071e+00  1.17e-05 4.46e-10  7.38e-09  2493s
 137   1.54594227e+00  1.54793987e+00  1.13e-05 4.28e-10  7.13e-09  2503s
 138   1.54595760e+00  1.54793714e+00  1.12e-05 3.58e-10  7.06e-09  2516s
 139   1.54598402e+00  1.54793665e+00  1.10e-05 3.33e-10  6.97e-09  2529s
 140   1.54599278e+00  1.54793167e+00  1.10e-05 1.36e-09  6.91e-09  2541s
 141   1.54608128e+00  1.54792776e+00  1.05e-05 1.16e-09  6.58e-09  2555s
 142   1.54614020e+00  1.54792710e+00  1.01e-05 1.37e-09  6.37e-09  2568s
 143   1.54616435e+00  1.54792358e+00  9.99e-06 8.33e-10  6.27e-09  2583s
 144   1.54634903e+00  1.54791936e+00  8.93e-06 1.19e-09  5.60e-09  2597s
 145   1.54640296e+00  1.54791883e+00  8.62e-06 1.37e-09  5.40e-09  2611s
 146   1.54643377e+00  1.54791507e+00  8.44e-06 9.55e-10  5.28e-09  2626s
 147   1.54645274e+00  1.54791343e+00  8.33e-06 8.45e-10  5.21e-09  2637s
 148   1.54648998e+00  1.54791082e+00  8.12e-06 1.40e-09  5.07e-09  2649s
 149   1.54656586e+00  1.54790829e+00  7.68e-06 1.24e-09  4.79e-09  2662s
 150   1.54671211e+00  1.54790622e+00  6.83e-06 1.20e-09  4.26e-09  2675s
 151   1.54672346e+00  1.54790440e+00  6.76e-06 1.05e-09  4.21e-09  2688s
 152   1.54672533e+00  1.54790312e+00  6.75e-06 9.53e-10  4.20e-09  2697s
 153   1.54674078e+00  1.54790233e+00  6.66e-06 8.79e-10  4.14e-09  2709s
 154   1.54723106e+00  1.54790188e+00  3.82e-06 7.29e-10  2.39e-09  2724s
 155   1.54724031e+00  1.54789990e+00  3.77e-06 5.69e-10  2.35e-09  2738s
 156   1.54724044e+00  1.54789912e+00  3.77e-06 4.38e-10  2.35e-09  2752s
 157   1.54724698e+00  1.54789833e+00  3.73e-06 1.18e-09  2.32e-09  2763s
 158   1.54726775e+00  1.54789869e+00  3.61e-06 3.59e-10  2.25e-09  2777s
 159   1.54726781e+00  1.54789890e+00  3.61e-06 8.78e-10  2.25e-09  2788s
 160   1.54726872e+00  1.54789902e+00  3.61e-06 5.51e-10  2.25e-09  2805s
 161   1.54727398e+00  1.54789898e+00  3.58e-06 5.04e-10  2.23e-09  2823s
 162   1.54728422e+00  1.54789863e+00  3.52e-06 4.81e-10  2.19e-09  2835s
 163   1.54741488e+00  1.54789796e+00  2.76e-06 4.35e-10  1.72e-09  2854s
 164   1.54742657e+00  1.54789775e+00  2.69e-06 3.95e-10  1.68e-09  2867s
 165   1.54742983e+00  1.54789726e+00  2.68e-06 4.58e-10  1.67e-09  2883s
 166   1.54743348e+00  1.54789578e+00  2.65e-06 1.27e-09  1.65e-09  2894s
 167   1.54744042e+00  1.54789599e+00  2.61e-06 3.25e-09  1.63e-09  2907s
 168   1.54745588e+00  1.54789566e+00  2.52e-06 3.66e-09  1.57e-09  2922s
 169   1.54754217e+00  1.54789424e+00  2.03e-06 8.23e-10  1.26e-09  2937s
 170   1.54756907e+00  1.54789275e+00  1.87e-06 4.38e-09  1.15e-09  2960s
 171   1.54757018e+00  1.54789266e+00  1.86e-06 3.97e-09  1.15e-09  2973s
 172   1.54761644e+00  1.54789217e+00  4.39e-05 4.83e-09  9.86e-10  2985s
 173   1.54761644e+00  1.54789216e+00  4.39e-05 2.77e-09  9.86e-10  2994s
 174   1.54761646e+00  1.54789245e+00  4.39e-05 1.69e-09  9.87e-10  3004s
 175   1.54761655e+00  1.54789267e+00  4.38e-05 6.56e-10  9.87e-10  3025s
 176   1.54761699e+00  1.54789302e+00  4.38e-05 1.02e-09  9.87e-10  3046s
 177   1.54762874e+00  1.54789178e+00  4.19e-05 1.13e-09  9.41e-10  3063s
 178   1.54763496e+00  1.54789151e+00  4.09e-05 3.98e-09  9.18e-10  3084s
 179   1.54766913e+00  1.54789086e+00  3.54e-05 5.20e-09  7.93e-10  3118s
 180   1.54767502e+00  1.54789031e+00  3.45e-05 8.49e-10  7.70e-10  3136s
 181   1.54767955e+00  1.54789001e+00  3.37e-05 5.16e-10  7.53e-10  3151s
 182   1.54768791e+00  1.54788985e+00  3.24e-05 4.08e-10  7.23e-10  3166s
 183   1.54768939e+00  1.54788979e+00  3.22e-05 6.54e-10  7.17e-10  3183s
 184   1.54769129e+00  1.54788976e+00  3.19e-05 3.95e-10  7.10e-10  3196s
 185   1.54775318e+00  1.54788973e+00  2.19e-05 7.51e-11  4.89e-10  3207s
 186   1.54776098e+00  1.54788978e+00  2.06e-05 1.89e-09  4.62e-10  3224s
 187   1.54776101e+00  1.54788969e+00  2.06e-05 1.30e-09  4.61e-10  3240s
 188   1.54776151e+00  1.54789006e+00  2.06e-05 1.39e-08  4.61e-10  3259s
 189   1.54776317e+00  1.54789003e+00  2.03e-05 4.32e-10  4.55e-10  3276s
 190   1.54776523e+00  1.54789093e+00  2.00e-05 3.38e-10  4.51e-10  3289s
 191   1.54777239e+00  1.54789069e+00  1.88e-05 1.79e-09  4.24e-10  3303s
 192   1.54777251e+00  1.54789063e+00  1.88e-05 2.41e-09  4.24e-10  3313s
 193   1.54786619e+00  1.54789046e+00  1.88e-05 3.18e-09  9.35e-11  3330s
 194   1.54786763e+00  1.54789037e+00  1.76e-05 3.52e-09  8.77e-11  3353s
 195   1.54787141e+00  1.54788965e+00  1.45e-05 1.60e-09  7.09e-11  3368s
 196   1.54787149e+00  1.54788959e+00  1.45e-05 3.01e-09  7.05e-11  3382s
 197   1.54787180e+00  1.54788957e+00  1.42e-05 8.74e-09  7.01e-11  3394s
 198   1.54787258e+00  1.54788942e+00  1.36e-05 3.04e-09  6.64e-11  3407s
 199   1.54787668e+00  1.54788919e+00  1.02e-05 4.30e-08  4.95e-11  3426s
 200   1.54787693e+00  1.54788904e+00  9.95e-06 2.32e-08  4.80e-11  3443s
 201   1.54787745e+00  1.54788895e+00  9.52e-06 1.27e-08  4.56e-11  3462s
 202   1.54787774e+00  1.54788888e+00  9.27e-06 6.45e-09  4.42e-11  3474s
 203   1.54787779e+00  1.54788884e+00  9.23e-06 3.47e-09  4.39e-11  3486s
 204   1.54787822e+00  1.54788882e+00  8.87e-06 1.77e-09  4.21e-11  3502s
 205   1.54787837e+00  1.54788881e+00  8.75e-06 8.92e-10  4.14e-11  3525s
 206   1.54787863e+00  1.54788880e+00  8.53e-06 4.51e-10  4.04e-11  3548s
 207   1.54787919e+00  1.54788879e+00  8.06e-06 2.21e-10  3.81e-11  3562s
 208   1.54787958e+00  1.54788879e+00  7.72e-06 1.12e-10  3.65e-11  3579s
 209   1.54788005e+00  1.54788879e+00  7.33e-06 8.00e-11  3.47e-11  3606s
 210   1.54788031e+00  1.54788879e+00  7.12e-06 9.47e-11  3.37e-11  3617s
 211   1.54788057e+00  1.54788879e+00  6.90e-06 1.55e-10  3.26e-11  3636s
 212   1.54788186e+00  1.54788878e+00  5.81e-06 1.64e-10  2.75e-11  3653s
 213   1.54788198e+00  1.54788878e+00  5.71e-06 2.89e-10  2.70e-11  3665s
 214   1.54788204e+00  1.54788878e+00  5.66e-06 1.31e-10  2.68e-11  3678s
 215   1.54788206e+00  1.54788879e+00  5.64e-06 2.92e-10  2.67e-11  3692s
 216   1.54788349e+00  1.54788878e+00  4.44e-06 2.64e-10  2.10e-11  3703s
 217   1.54788391e+00  1.54788879e+00  4.09e-06 1.57e-10  1.93e-11  3719s
 218   1.54788422e+00  1.54788879e+00  3.83e-06 1.44e-10  1.81e-11  3726s
 219   1.54788489e+00  1.54788879e+00  3.27e-06 1.47e-10  1.55e-11  3736s
 220   1.54788489e+00  1.54788879e+00  3.27e-06 1.50e-10  1.55e-11  3742s
 221   1.54788489e+00  1.54788883e+00  3.27e-06 3.60e-10  1.56e-11  3751s
 222   1.54788496e+00  1.54788962e+00  3.23e-06 1.34e-09  1.84e-11  3767s
 223   1.54788839e+00  1.54788889e+00  3.31e-07 1.76e-10  1.97e-12  3809s
 224   1.54788852e+00  1.54788882e+00  2.22e-07 3.36e-10  1.21e-12  3838s
 225   1.54788858e+00  1.54788880e+00  1.73e-07 2.79e-10  9.04e-13  3851s
 226   1.54788859e+00  1.54788879e+00  1.68e-07 1.79e-10  8.42e-13  3861s
 227   1.54788867e+00  1.54788879e+00  9.50e-08 1.59e-10  4.75e-13  3871s
 228   1.54788873e+00  1.54788879e+00  4.66e-08 1.12e-10  2.33e-13  3892s
 229   1.54788875e+00  1.54788878e+00  3.72e-08 1.18e-09  1.17e-13  3903s
 230   1.54788877e+00  1.54788878e+00  1.23e-08 5.94e-10  5.87e-14  3912s

Barrier solved model in 230 iterations and 3912.48 seconds (2300.08 work units)
Optimal objective 1.54788877e+00

