Set parameter Username
Academic license - for non-commercial use only - expires 2027-02-09
Set parameter Threads to value 4
Set parameter Method to value 2
Set parameter BarOrder to value 1
Set parameter BarHomogeneous to value 1
Set parameter NumericFocus to value 2
Set parameter Crossover to value 0
Gurobi Optimizer version 9.5.1 build v9.5.1rc2 (linux64)
Thread count: 32 physical cores, 64 logical processors, using up to 4 threads
Optimize a model with 10291124 rows, 13386505 columns and 60426920 nonzeros
Model fingerprint: 0x8e9c3802
Coefficient statistics:
  Matrix range     [1e-04, 3e+00]
  Objective range  [1e+00, 1e+00]
  Bounds range     [0e+00, 0e+00]
  RHS range        [1e-03, 1e+00]
Presolve removed 3177750 rows and 11026847 columns (presolve time = 6s) ...
Presolve removed 3177750 rows and 11226846 columns (presolve time = 10s) ...
Presolve removed 3576500 rows and 11230000 columns (presolve time = 20s) ...
Presolve removed 3696500 rows and 11350000 columns (presolve time = 20s) ...
Presolve removed 3968943 rows and 11622443 columns (presolve time = 38s) ...
Presolve removed 3968945 rows and 11622444 columns (presolve time = 41s) ...
Presolve removed 4747400 rows and 11622444 columns (presolve time = 46s) ...
Presolve removed 4747400 rows and 11622444 columns (presolve time = 51s) ...
Presolve removed 4747400 rows and 11622444 columns
Presolve time: 51.70s
Presolved: 5543724 rows, 1764061 columns, 34623262 nonzeros
Elapsed ordering time = 5s
Ordering time: 10.52s

Barrier statistics:
 Dense cols : 394
 AA' NZ     : 2.239e+08
 Factor NZ  : 3.226e+08 (roughly 6.0 GB of memory)
 Factor Ops : 3.172e+10 (roughly 1 second per iteration)
 Threads    : 4

                  Objective                Residual
Iter       Primal          Dual         Primal    Dual     Compl     Time
   0   9.61462795e+00  1.25000000e+02  1.00e+08 6.25e-02  1.00e+06  2364s
   1   9.61462795e-01  1.76073974e+06  7.14e+07 4.67e+02  6.70e+05  2380s
   2   5.34182447e-01  2.34230911e+07  6.11e+07 1.43e+02  4.72e+05  2400s
   3   1.40384536e+00  7.21721367e+06  4.74e+07 7.81e+01  3.48e+05  2433s
   4   2.72362472e+00  1.00948330e+06  2.31e+06 2.41e+01  6.42e+03  2463s
   5   6.39101360e+00  8.27955921e+05  1.10e+06 1.21e+01  2.74e+03  2486s
   6   9.58424417e+00  4.44892107e+05  2.45e+05 5.03e+00  5.52e+02  2509s
   7   8.31226893e+00  8.47390759e+04  6.60e+04 9.62e-01  9.55e+01  2532s
   8   8.25586188e+00  2.90590388e+04  2.28e+04 3.06e-01  2.88e+01  2563s
   9   8.29981887e+00  1.60894941e+04  1.25e+04 1.66e-01  1.51e+01  2585s
  10   8.23317211e+00  1.21387693e+04  8.52e+03 1.25e-01  1.02e+01  2604s
  11   8.17036305e+00  1.04400046e+04  7.31e+03 1.07e-01  8.60e+00  2628s
  12   8.11647636e+00  8.12600794e+03  6.45e+03 8.21e-02  7.34e+00  2661s
  13   7.91474641e+00  6.24383811e+03  4.18e+03 6.25e-02  4.77e+00  2690s
  14   7.70067556e+00  5.21462127e+03  3.47e+03 5.22e-02  4.20e+00  2725s
  15   7.35880282e+00  3.44264536e+03  3.22e+03 3.21e-02  3.56e+00  2759s
  16   7.06925675e+00  2.66699650e+03  3.05e+03 2.29e-02  2.95e+00  2788s
  17   6.65492895e+00  1.56302228e+03  2.81e+03 1.09e-02  2.00e+00  2818s
  18   6.09445654e+00  1.42795343e+03  2.51e+03 9.64e-03  1.65e+00  2849s
  19   5.86915799e+00  1.26189757e+03  2.39e+03 8.15e-03  1.44e+00  2879s
  20   5.06173545e+00  9.63712875e+02  1.97e+03 5.55e-03  9.79e-01  2922s
  21   4.16000408e+00  8.76946584e+02  1.50e+03 4.83e-03  7.04e-01  2950s
  22   4.06905936e+00  7.30842703e+02  1.45e+03 3.73e-03  5.88e-01  2980s
  23   3.88431533e+00  4.31488764e+02  1.36e+03 1.89e-03  3.54e-01  3009s
  24   3.21735621e+00  3.31705164e+02  1.03e+03 1.30e-03  2.10e-01  3048s
  25   3.06617631e+00  2.23187615e+02  9.50e+02 8.01e-04  1.38e-01  3081s
  26   2.36679463e+00  1.45733503e+02  6.06e+02 4.46e-04  6.17e-02  3128s
  27   2.10271245e+00  8.12051152e+01  4.69e+02 2.04e-04  2.92e-02  3175s
  28   1.51037265e+00  5.32529680e+01  1.17e+02 1.11e-04  5.25e-03  3217s
  29   1.49255287e+00  2.99040470e+01  2.83e+01 6.09e-05  8.63e-04  3258s
  30   1.47704526e+00  1.89634251e+01  1.02e+01 3.77e-05  2.61e-04  3303s
  31   1.46789577e+00  1.35992819e+01  6.49e+00 2.63e-05  1.46e-04  3348s
  32   1.45152564e+00  1.00678698e+01  2.75e+00 1.87e-05  6.78e-05  3390s
  33   1.43925366e+00  7.23475585e+00  1.37e+00 1.26e-05  3.65e-05  3430s
  34   1.43025722e+00  5.57591555e+00  6.45e-01 9.02e-06  2.19e-05  3473s
  35   1.42754057e+00  4.23296585e+00  2.94e-01 6.11e-06  1.32e-05  3520s
  36   1.42755801e+00  3.91914620e+00  2.32e-01 5.43e-06  1.14e-05  3564s
  37   1.42722024e+00  3.77141166e+00  2.05e-01 5.11e-06  1.06e-05  3598s
  38   1.42694861e+00  3.62326897e+00  1.83e-01 4.79e-06  9.70e-06  3625s
  39   1.42628770e+00  3.20557249e+00  1.50e-01 3.88e-06  7.67e-06  3665s
  40   1.42582951e+00  2.92204491e+00  1.33e-01 3.27e-06  6.33e-06  3724s
  41   1.42560577e+00  2.77423033e+00  1.12e-01 2.95e-06  5.57e-06  3770s
  42   1.42569159e+00  2.35145070e+00  8.58e-02 2.03e-06  3.70e-06  3845s
  43   1.42667558e+00  2.09864447e+00  4.59e-02 1.47e-06  2.54e-06  3923s
  44   1.42884749e+00  1.91222281e+00  2.67e-02 1.06e-06  1.77e-06  4073s
  45   1.43360582e+00  1.73346313e+00  1.39e-02 6.57e-07  1.07e-06  4233s
  46   1.43720517e+00  1.66378487e+00  1.02e-02 4.96e-07  8.00e-07  4417s
  47   1.44030521e+00  1.63126918e+00  7.91e-03 4.18e-07  6.68e-07  4577s
  48   1.44609512e+00  1.61091441e+00  6.31e-03 3.69e-07  5.75e-07  4726s
  49   1.44880910e+00  1.60641027e+00  6.02e-03 3.57e-07  5.47e-07  4873s
  50   1.45454158e+00  1.59214470e+00  5.52e-03 3.12e-07  4.65e-07  5070s
  51   1.45820749e+00  1.58440373e+00  5.12e-03 2.86e-07  4.18e-07  5316s
  52   1.46310977e+00  1.57477562e+00  4.60e-03 2.50e-07  3.59e-07  5593s
  53   1.46556315e+00  1.57116726e+00  4.40e-03 2.35e-07  3.34e-07  5978s
  54   1.46938463e+00  1.56604397e+00  4.10e-03 2.12e-07  2.96e-07  6398s
  55   1.47292478e+00  1.55995756e+00  3.78e-03 1.85e-07  2.57e-07  6763s
  56   1.47713580e+00  1.55706017e+00  3.47e-03 1.70e-07  2.31e-07  7088s
  57   1.48607528e+00  1.55092833e+00  2.83e-03 1.38e-07  1.79e-07  7339s
  58   1.49413552e+00  1.54591537e+00  2.27e-03 1.12e-07  1.38e-07  7609s
  59   1.49965204e+00  1.54177780e+00  1.91e-03 8.45e-08  1.04e-07  7695s
  60   1.50723623e+00  1.54105964e+00  1.52e-03 7.10e-08  8.43e-08  7807s
  61   1.51218484e+00  1.54093083e+00  1.29e-03 5.50e-08  6.80e-08  7915s
  62   1.51813675e+00  1.54190168e+00  1.08e-03 4.29e-08  5.51e-08  7989s
  63   1.51819909e+00  1.54191195e+00  1.08e-03 4.28e-08  5.49e-08  8028s
  64   1.52207727e+00  1.54304296e+00  9.38e-04 3.37e-08  4.60e-08  8091s
  65   1.52303087e+00  1.54354304e+00  9.04e-04 3.07e-08  4.31e-08  8143s
  66   1.52523638e+00  1.54384807e+00  8.32e-04 2.90e-08  4.01e-08  8206s
  67   1.52746102e+00  1.54502999e+00  7.58e-04 2.35e-08  3.53e-08  8277s
  68   1.53129916e+00  1.54593862e+00  6.27e-04 1.93e-08  2.92e-08  8374s
  69   1.53326057e+00  1.54691835e+00  5.61e-04 1.44e-08  2.48e-08  8447s
  70   1.53786991e+00  1.54740364e+00  3.96e-04 1.09e-08  1.78e-08  8533s
  71   1.54001567e+00  1.54757036e+00  3.11e-04 8.28e-09  1.39e-08  8632s
  72   1.54129069e+00  1.54759262e+00  2.60e-04 6.36e-09  1.12e-08  8690s
  73   1.54244141e+00  1.54749975e+00  2.09e-04 5.01e-09  8.92e-09  8770s
  74   1.54309570e+00  1.54741316e+00  1.78e-04 4.14e-09  7.51e-09  8845s
  75   1.54360819e+00  1.54736744e+00  1.53e-04 3.76e-09  6.63e-09  8898s
  76   1.54444867e+00  1.54746377e+00  1.25e-04 3.33e-09  5.50e-09  8953s
  77   1.54506261e+00  1.54749405e+00  1.00e-04 2.06e-09  4.02e-09  9011s
  78   1.54511551e+00  1.54750470e+00  9.77e-05 1.49e-09  3.58e-09  9072s
  79   1.54521351e+00  1.54750091e+00  9.37e-05 1.24e-09  3.31e-09  9133s
  80   1.54535547e+00  1.54750881e+00  8.78e-05 1.03e-09  2.97e-09  9183s
  81   1.54570324e+00  1.54750605e+00  7.40e-05 7.24e-10  2.40e-09  9242s
  82   1.54572633e+00  1.54749513e+00  7.30e-05 5.58e-10  2.27e-09  9297s
  83   1.54584924e+00  1.54748699e+00  6.77e-05 4.86e-10  2.08e-09  9355s
  84   1.54593314e+00  1.54746311e+00  6.40e-05 2.65e-09  1.87e-09  9415s
  85   1.54593724e+00  1.54745452e+00  6.38e-05 2.23e-09  1.84e-09  9469s
  86   1.54594374e+00  1.54745034e+00  6.35e-05 2.18e-09  1.82e-09  9515s
  87   1.54600812e+00  1.54744735e+00  6.07e-05 2.09e-09  1.73e-09  9577s
  88   1.54606902e+00  1.54743628e+00  5.80e-05 2.01e-09  1.62e-09  9647s
  89   1.54614068e+00  1.54742256e+00  5.48e-05 2.81e-09  1.51e-09  9711s
  90   1.54616964e+00  1.54741720e+00  5.35e-05 2.57e-09  1.46e-09  9770s
  91   1.54639177e+00  1.54741350e+00  4.35e-05 2.37e-09  1.21e-09  9814s
  92   1.54646806e+00  1.54741270e+00  4.00e-05 2.53e-09  1.12e-09  9870s
  93   1.54647459e+00  1.54741358e+00  3.98e-05 2.40e-09  1.11e-09  9935s
  94   1.54647486e+00  1.54741269e+00  3.97e-05 1.43e-09  1.11e-09  10001s
  95   1.54651386e+00  1.54740854e+00  3.80e-05 3.55e-09  1.04e-09  10093s
  96   1.54652282e+00  1.54740560e+00  3.77e-05 3.07e-09  1.02e-09  10130s
  97   1.54652324e+00  1.54740386e+00  3.76e-05 2.60e-09  1.02e-09  10167s
  98   1.54660955e+00  1.54740215e+00  3.39e-05 2.37e-09  9.18e-10  10250s
  99   1.54661953e+00  1.54739964e+00  3.34e-05 6.41e-10  8.99e-10  10307s
 100   1.54662128e+00  1.54739780e+00  3.34e-05 5.78e-10  8.92e-10  10355s
 101   1.54667294e+00  1.54739602e+00  3.11e-05 7.96e-10  8.29e-10  10423s
 102   1.54668502e+00  1.54739472e+00  3.05e-05 7.81e-10  8.12e-10  10492s
 103   1.54668523e+00  1.54739409e+00  3.05e-05 8.40e-10  8.10e-10  10543s
 104   1.54669235e+00  1.54739367e+00  3.02e-05 8.47e-10  8.01e-10  10600s
 105   1.54669585e+00  1.54739334e+00  3.01e-05 8.04e-10  7.96e-10  10653s
 106   1.54670600e+00  1.54739291e+00  2.96e-05 7.18e-10  7.82e-10  10723s
 107   1.54671513e+00  1.54739229e+00  2.92e-05 1.48e-09  7.70e-10  10812s
 108   1.54671595e+00  1.54739133e+00  2.92e-05 1.44e-09  7.67e-10  10868s
 109   1.54676380e+00  1.54739074e+00  2.71e-05 1.19e-09  7.13e-10  10911s
 110   1.54676494e+00  1.54739016e+00  2.70e-05 1.04e-09  7.10e-10  10974s
 111   1.54676797e+00  1.54738965e+00  2.69e-05 9.57e-10  7.05e-10  11041s
 112   1.54681022e+00  1.54738912e+00  2.50e-05 9.04e-10  6.56e-10  11088s
 113   1.54681843e+00  1.54738884e+00  2.47e-05 8.77e-10  6.47e-10  11146s
 114   1.54682183e+00  1.54738824e+00  2.45e-05 1.58e-09  6.41e-10  11196s
 115   1.54682959e+00  1.54738766e+00  2.42e-05 1.03e-09  6.31e-10  11232s
 116   1.54684095e+00  1.54738703e+00  2.36e-05 6.12e-10  6.16e-10  11277s
 117   1.54684236e+00  1.54738621e+00  2.36e-05 5.46e-10  6.12e-10  11326s
 118   1.54685521e+00  1.54738554e+00  2.30e-05 1.82e-09  5.97e-10  11404s
 119   1.54685533e+00  1.54738526e+00  2.30e-05 1.81e-09  5.96e-10  11449s
 120   1.54685665e+00  1.54738538e+00  2.30e-05 2.62e-09  5.94e-10  11508s
 121   1.54685666e+00  1.54738522e+00  2.30e-05 2.60e-09  5.94e-10  11552s
 122   1.54685877e+00  1.54738621e+00  2.29e-05 1.88e-09  5.93e-10  11599s
 123   1.54687280e+00  1.54738592e+00  2.22e-05 2.15e-09  5.76e-10  11644s
 124   1.54687293e+00  1.54738580e+00  2.22e-05 2.15e-09  5.76e-10  11687s
 125   1.54687452e+00  1.54738586e+00  2.22e-05 1.86e-09  5.74e-10  11761s
 126   1.54687486e+00  1.54738562e+00  2.22e-05 1.06e-09  5.73e-10  11820s
 127   1.54689279e+00  1.54738528e+00  2.14e-05 8.31e-10  5.52e-10  11886s
 128   1.54689289e+00  1.54738457e+00  2.14e-05 8.02e-10  5.51e-10  11931s
 129   1.54689340e+00  1.54738410e+00  2.13e-05 6.82e-10  5.49e-10  12008s
 130   1.54689507e+00  1.54738312e+00  2.12e-05 5.34e-10  5.45e-10  12086s
 131   1.54691077e+00  1.54738295e+00  2.06e-05 7.99e-10  5.27e-10  12145s
 132   1.54691203e+00  1.54738257e+00  2.05e-05 5.18e-10  5.25e-10  12198s
 133   1.54691226e+00  1.54738222e+00  2.05e-05 4.94e-10  5.24e-10  12246s
 134   1.54691325e+00  1.54738190e+00  2.04e-05 4.43e-10  5.23e-10  12308s
 135   1.54691800e+00  1.54738172e+00  2.02e-05 4.24e-10  5.17e-10  12395s
 136   1.54691804e+00  1.54738160e+00  2.02e-05 4.15e-10  5.17e-10  12436s
 137   1.54692308e+00  1.54738217e+00  2.00e-05 4.51e-10  5.12e-10  12491s
 138   1.54700986e+00  1.54738183e+00  1.62e-05 4.24e-10  4.15e-10  12565s
 139   1.54701048e+00  1.54738114e+00  1.61e-05 3.81e-10  4.13e-10  12644s
 140   1.54715022e+00  1.54738034e+00  1.01e-05 2.64e-10  2.58e-10  12730s
 141   1.54715048e+00  1.54738002e+00  1.01e-05 2.76e-09  2.58e-10  12781s
 142   1.54715067e+00  1.54737947e+00  1.01e-05 2.35e-09  2.57e-10  12862s
 143   1.54715091e+00  1.54737923e+00  1.01e-05 2.72e-09  2.56e-10  12922s
 144   1.54715194e+00  1.54737892e+00  1.00e-05 2.69e-09  2.54e-10  12961s
 145   1.54715196e+00  1.54737890e+00  1.00e-05 2.91e-09  2.54e-10  13004s
 146   1.54715200e+00  1.54737890e+00  1.00e-05 2.90e-09  2.54e-10  13043s
 147   1.54715248e+00  1.54737924e+00  1.00e-05 3.17e-09  2.54e-10  13097s
 148   1.54715255e+00  1.54737844e+00  1.00e-05 2.85e-09  2.53e-10  13201s
 149   1.54715303e+00  1.54737828e+00  9.97e-06 2.03e-09  2.52e-10  13288s
 150   1.54715620e+00  1.54737802e+00  9.82e-06 5.04e-09  2.48e-10  13344s

Barrier solved model in 150 iterations and 13344.10 seconds (7765.43 work units)
Optimal objective 1.54715022e+00

