Set parameter Username
Academic license - for non-commercial use only - expires 2027-02-09
Set parameter Threads to value 4
Set parameter Method to value 2
Set parameter BarOrder to value 1
Set parameter BarHomogeneous to value 1
Set parameter NumericFocus to value 2
Set parameter Crossover to value 0
Gurobi Optimizer version 9.5.1 build v9.5.1rc2 (linux64)
Thread count: 32 physical cores, 64 logical processors, using up to 4 threads
Optimize a model with 6098165 rows, 6709209 columns and 34558614 nonzeros
Model fingerprint: 0xf4ff0330
Coefficient statistics:
  Matrix range     [1e-04, 3e+00]
  Objective range  [1e+00, 1e+00]
  Bounds range     [0e+00, 0e+00]
  RHS range        [1e-03, 1e+00]
Presolve removed 1870196 rows and 5560365 columns (presolve time = 6s) ...
Presolve removed 2112464 rows and 5570000 columns (presolve time = 12s) ...
Presolve removed 2335463 rows and 5792999 columns (presolve time = 23s) ...
Presolve removed 2335465 rows and 5793000 columns (presolve time = 25s) ...
Presolve removed 2791804 rows and 5793000 columns (presolve time = 30s) ...
Presolve removed 2791804 rows and 5793000 columns
Presolve time: 30.66s
Presolved: 3306361 rows, 916209 columns, 20712386 nonzeros
Ordering time: 4.91s

Barrier statistics:
 Dense cols : 329
 AA' NZ     : 1.035e+08
 Factor NZ  : 1.482e+08 (roughly 3.0 GB of memory)
 Factor Ops : 1.214e+10 (roughly 1 second per iteration)
 Threads    : 4

                  Objective                Residual
Iter       Primal          Dual         Primal    Dual     Compl     Time
   0   9.60759648e+00  1.25000000e+02  5.89e+07 6.25e-02  1.00e+06  1323s
   1   9.60759648e-01  1.61113354e+06  4.19e+07 4.02e+02  6.28e+05  1330s
   2   3.32574065e+00  2.05411168e+07  3.58e+07 1.37e+02  4.47e+05  1341s
   3   7.91027643e+00  5.40200536e+06  2.71e+07 7.38e+01  3.13e+05  1353s
   4   3.95873992e+00  6.18586847e+05  7.19e+05 1.05e+01  1.36e+03  1365s
   5   5.94437851e+00  3.09337223e+05  1.89e+05 4.68e+00  3.31e+02  1374s
   6   3.64486823e+00  3.62345864e+04  1.69e+04 5.30e-01  1.02e+01  1385s
   7   3.22828887e+00  7.72119605e+03  3.73e+03 1.12e-01  1.60e+00  1397s
   8   3.09322700e+00  3.23702574e+03  1.45e+03 4.67e-02  5.62e-01  1407s
   9   3.04862255e+00  2.25654718e+03  1.04e+03 3.25e-02  3.88e-01  1415s
  10   3.03330101e+00  2.09920519e+03  9.13e+02 3.02e-02  3.41e-01  1423s
  11   3.02654591e+00  1.95121705e+03  8.57e+02 2.81e-02  3.17e-01  1435s
  12   3.02094359e+00  1.56969808e+03  7.35e+02 2.26e-02  2.67e-01  1450s
  13   3.03940485e+00  1.15451316e+03  5.96e+02 1.66e-02  2.19e-01  1466s
  14   3.03524083e+00  9.07856573e+02  5.49e+02 1.30e-02  2.34e-01  1481s
  15   2.64911759e+00  3.53368882e+02  3.79e+02 4.84e-03  1.13e-01  1496s
  16   2.58270285e+00  1.72026979e+02  3.52e+02 2.26e-03  7.00e-02  1508s
  17   2.46599146e+00  1.24675013e+02  3.08e+02 1.59e-03  5.07e-02  1524s
  18   2.34712805e+00  7.63646750e+01  2.64e+02 9.29e-04  2.98e-02  1536s
  19   1.97436005e+00  5.15784325e+01  1.26e+02 6.10e-04  1.13e-02  1553s
  20   1.89623044e+00  3.60067144e+01  9.74e+01 4.17e-04  7.12e-03  1570s
  21   1.76728700e+00  2.27341006e+01  5.09e+01 2.60e-04  2.98e-03  1588s
  22   1.67165401e+00  1.29788953e+01  1.93e+01 1.44e-04  9.12e-04  1604s
  23   1.62634589e+00  9.76674331e+00  1.00e+01 1.05e-04  4.52e-04  1621s
  24   1.61054414e+00  7.83716488e+00  7.95e+00 8.05e-05  3.26e-04  1637s
  25   1.56936186e+00  7.24575496e+00  4.29e+00 7.31e-05  2.07e-04  1650s
  26   1.53957311e+00  6.17117695e+00  2.87e+00 5.96e-05  1.50e-04  1667s
  27   1.50306136e+00  4.77171155e+00  1.59e+00 4.20e-05  9.46e-05  1684s
  28   1.48945499e+00  4.02199912e+00  1.28e+00 3.26e-05  7.38e-05  1700s
  29   1.48598279e+00  3.63802746e+00  1.22e+00 2.79e-05  6.44e-05  1717s
  30   1.47637038e+00  3.14018590e+00  1.04e+00 2.17e-05  5.07e-05  1735s
  31   1.45735050e+00  2.78854669e+00  6.89e-01 1.72e-05  3.80e-05  1752s
  32   1.45260170e+00  2.67824332e+00  5.81e-01 1.58e-05  3.39e-05  1771s
  33   1.44957379e+00  2.62713816e+00  5.05e-01 1.52e-05  3.13e-05  1792s
  34   1.44784177e+00  2.47170215e+00  4.64e-01 1.32e-05  2.68e-05  1811s
  35   1.44570383e+00  2.34103618e+00  4.17e-01 1.16e-05  2.27e-05  1830s
  36   1.44527988e+00  2.29001500e+00  4.07e-01 1.10e-05  2.13e-05  1849s
  37   1.44372903e+00  2.20064386e+00  3.70e-01 9.83e-06  1.86e-05  1868s
  38   1.44191693e+00  2.16760474e+00  3.31e-01 9.41e-06  1.73e-05  1887s
  39   1.44034021e+00  2.06277276e+00  2.89e-01 8.08e-06  1.44e-05  1907s
  40   1.43821493e+00  1.99929083e+00  2.37e-01 7.27e-06  1.23e-05  1926s
  41   1.43729271e+00  1.92449405e+00  1.98e-01 6.32e-06  1.03e-05  1947s
  42   1.43704458e+00  1.87051457e+00  1.87e-01 5.63e-06  9.06e-06  1967s
  43   1.43652632e+00  1.80102340e+00  1.57e-01 4.73e-06  7.36e-06  1988s
  44   1.43910379e+00  1.68797782e+00  9.33e-02 3.27e-06  4.62e-06  2009s
  45   1.44573672e+00  1.59751892e+00  5.07e-02 2.02e-06  2.60e-06  2033s
  46   1.45424390e+00  1.55992791e+00  3.20e-02 1.43e-06  1.72e-06  2064s
  47   1.46186632e+00  1.54410287e+00  2.47e-02 1.11e-06  1.28e-06  2110s
  48   1.46879342e+00  1.53745014e+00  2.00e-02 9.83e-07  1.07e-06  2144s
  49   1.47084206e+00  1.53194433e+00  1.87e-02 8.56e-07  9.25e-07  2179s
  50   1.47382166e+00  1.53072998e+00  1.70e-02 8.24e-07  8.70e-07  2234s
  51   1.48489675e+00  1.52246684e+00  1.20e-02 5.65e-07  5.51e-07  2301s
  52   1.49031721e+00  1.52027641e+00  9.88e-03 4.30e-07  4.06e-07  2380s
  53   1.50158001e+00  1.51988707e+00  6.13e-03 3.80e-07  3.13e-07  2462s
  54   1.50593192e+00  1.52070693e+00  4.96e-03 3.11e-07  2.47e-07  2541s
  55   1.51231759e+00  1.52105152e+00  3.56e-03 2.85e-07  2.07e-07  2624s
  56   1.51637314e+00  1.52383630e+00  2.80e-03 1.80e-07  1.32e-07  2748s
  57   1.52122708e+00  1.52817648e+00  2.15e-03 1.22e-07  9.29e-08  2891s
  58   1.52664720e+00  1.53169233e+00  1.64e-03 9.47e-08  7.36e-08  3044s
  59   1.52963552e+00  1.53465358e+00  1.39e-03 7.39e-08  6.09e-08  3111s
  60   1.53154734e+00  1.53656430e+00  1.24e-03 6.29e-08  5.43e-08  3145s
  61   1.53263021e+00  1.53930562e+00  1.17e-03 4.90e-08  4.82e-08  3192s
  62   1.53392927e+00  1.54008619e+00  1.08e-03 4.53e-08  4.53e-08  3223s
  63   1.53516442e+00  1.54101729e+00  9.90e-04 4.09e-08  4.20e-08  3254s
  64   1.53574648e+00  1.54167155e+00  9.50e-04 3.77e-08  4.00e-08  3283s
  65   1.53576054e+00  1.54168214e+00  9.49e-04 3.77e-08  4.00e-08  3301s
  66   1.53680280e+00  1.54221788e+00  8.79e-04 3.52e-08  3.77e-08  3334s
  67   1.53722168e+00  1.54320899e+00  8.50e-04 3.08e-08  3.52e-08  3372s
  68   1.53781810e+00  1.54379126e+00  8.08e-04 2.79e-08  3.31e-08  3410s
  69   1.54008085e+00  1.54431913e+00  6.36e-04 2.49e-08  2.75e-08  3466s
  70   1.54124221e+00  1.54543569e+00  5.43e-04 1.85e-08  2.25e-08  3513s
  71   1.54247968e+00  1.54592058e+00  4.30e-04 1.52e-08  1.85e-08  3553s
  72   1.54292569e+00  1.54627077e+00  3.83e-04 1.24e-08  1.61e-08  3594s
  73   1.54310541e+00  1.54653506e+00  3.64e-04 1.01e-08  1.45e-08  3627s
  74   1.54369441e+00  1.54662772e+00  3.07e-04 8.91e-09  1.26e-08  3651s
  75   1.54468502e+00  1.54677604e+00  2.33e-04 7.92e-09  1.02e-08  3678s
  76   1.54483890e+00  1.54709892e+00  2.21e-04 5.65e-09  8.71e-09  3705s
  77   1.54512474e+00  1.54721965e+00  1.99e-04 4.55e-09  7.55e-09  3725s
  78   1.54591400e+00  1.54732082e+00  1.37e-04 3.58e-09  5.46e-09  3759s
  79   1.54610735e+00  1.54739792e+00  1.22e-04 2.78e-09  4.62e-09  3783s
  80   1.54613529e+00  1.54741445e+00  1.20e-04 2.59e-09  4.45e-09  3803s
  81   1.54636205e+00  1.54745093e+00  1.02e-04 2.19e-09  3.77e-09  3824s
  82   1.54637137e+00  1.54746918e+00  1.01e-04 2.03e-09  3.61e-09  3851s
  83   1.54642187e+00  1.54748034e+00  9.65e-05 1.86e-09  3.41e-09  3870s
  84   1.54654704e+00  1.54749184e+00  8.59e-05 1.68e-09  3.04e-09  3901s
  85   1.54660484e+00  1.54750624e+00  8.09e-05 1.36e-09  2.73e-09  3929s
  86   1.54661256e+00  1.54752105e+00  8.02e-05 1.09e-09  2.53e-09  3952s
  87   1.54664292e+00  1.54752685e+00  7.76e-05 1.08e-09  2.33e-09  3975s
  88   1.54665384e+00  1.54752883e+00  7.67e-05 1.16e-09  2.25e-09  3998s
  89   1.54666653e+00  1.54752962e+00  7.56e-05 1.27e-09  2.20e-09  4031s
  90   1.54668128e+00  1.54753024e+00  7.43e-05 1.88e-09  2.14e-09  4057s
  91   1.54668683e+00  1.54753114e+00  7.38e-05 1.65e-09  2.11e-09  4086s
  92   1.54676052e+00  1.54753140e+00  6.74e-05 1.67e-09  1.96e-09  4119s
  93   1.54683206e+00  1.54754890e+00  6.15e-05 1.57e-09  1.81e-09  4153s
  94   1.54683263e+00  1.54755437e+00  6.14e-05 1.69e-09  1.73e-09  4182s
  95   1.54684959e+00  1.54755868e+00  6.00e-05 3.35e-09  1.66e-09  4205s
  96   1.54687307e+00  1.54756310e+00  5.80e-05 5.16e-10  1.57e-09  4228s
  97   1.54689830e+00  1.54756720e+00  5.59e-05 6.11e-10  1.49e-09  4256s
  98   1.54692275e+00  1.54757085e+00  5.39e-05 4.69e-10  1.42e-09  4293s
  99   1.54692332e+00  1.54757052e+00  5.39e-05 1.94e-09  1.41e-09  4312s
 100   1.54692790e+00  1.54757378e+00  5.35e-05 1.91e-09  1.39e-09  4350s
 101   1.54694265e+00  1.54757623e+00  5.23e-05 2.22e-09  1.36e-09  4387s
 102   1.54697169e+00  1.54757778e+00  4.99e-05 2.22e-09  1.30e-09  4408s
 103   1.54712334e+00  1.54758114e+00  3.75e-05 1.27e-09  1.01e-09  4435s
 104   1.54713019e+00  1.54758265e+00  3.69e-05 1.40e-09  9.81e-10  4465s
 105   1.54713198e+00  1.54758283e+00  3.68e-05 1.29e-09  9.70e-10  4496s
 106   1.54718746e+00  1.54758345e+00  3.22e-05 9.96e-10  8.47e-10  4519s
 107   1.54720530e+00  1.54758376e+00  3.07e-05 8.51e-10  8.04e-10  4546s
 108   1.54735938e+00  1.54758443e+00  1.80e-05 8.11e-10  4.95e-10  4581s
 109   1.54735991e+00  1.54758383e+00  1.80e-05 7.77e-10  4.81e-10  4604s
 110   1.54736367e+00  1.54758414e+00  1.77e-05 8.13e-09  4.72e-10  4630s
 111   1.54741307e+00  1.54758433e+00  1.37e-05 4.54e-09  3.70e-10  4672s
 112   1.54741371e+00  1.54758428e+00  1.36e-05 2.19e-09  3.65e-10  4693s
 113   1.54744076e+00  1.54758390e+00  1.14e-05 5.82e-09  3.08e-10  4725s
 114   1.54744094e+00  1.54758353e+00  1.14e-05 2.02e-09  3.02e-10  4747s
 115   1.54744547e+00  1.54758317e+00  1.10e-05 1.84e-09  2.88e-10  4774s
 116   1.54744924e+00  1.54758303e+00  1.07e-05 1.71e-09  2.79e-10  4805s
 117   1.54744980e+00  1.54758294e+00  1.07e-05 1.48e-09  2.77e-10  4832s
 118   1.54745071e+00  1.54758292e+00  1.06e-05 3.08e-09  2.75e-10  4855s
 119   1.54745849e+00  1.54758287e+00  9.97e-06 3.52e-09  2.58e-10  4892s
 120   1.54746065e+00  1.54758275e+00  9.80e-06 5.47e-09  2.51e-10  4919s
 121   1.54751036e+00  1.54758288e+00  5.78e-06 3.71e-09  1.52e-10  4948s
 122   1.54751159e+00  1.54758282e+00  5.68e-06 2.48e-09  1.49e-10  4985s
 123   1.54751221e+00  1.54758269e+00  5.63e-06 5.00e-10  1.47e-10  5014s
 124   1.54751231e+00  1.54758239e+00  5.62e-06 5.13e-10  1.43e-10  5042s
 125   1.54751261e+00  1.54758230e+00  5.60e-06 1.61e-08  1.42e-10  5075s
 126   1.54751397e+00  1.54758210e+00  5.48e-06 1.10e-08  1.37e-10  5101s
 127   1.54751550e+00  1.54758188e+00  5.36e-06 2.13e-08  1.33e-10  5135s
 128   1.54751597e+00  1.54758174e+00  5.32e-06 1.60e-08  1.31e-10  5166s
 129   1.54751597e+00  1.54758173e+00  5.32e-06 1.57e-08  1.31e-10  5197s
 130   1.54751598e+00  1.54758173e+00  5.32e-06 1.45e-08  1.31e-10  5223s
 131   1.54751606e+00  1.54758257e+00  5.31e-06 9.45e-09  1.31e-10  5289s
 132   1.54751842e+00  1.54758226e+00  5.12e-06 5.34e-09  1.26e-10  5318s
 133   1.54751846e+00  1.54758197e+00  5.11e-06 6.59e-10  1.25e-10  5375s
 134   1.54751854e+00  1.54758186e+00  5.11e-06 5.87e-10  1.25e-10  5398s
 135   1.54751866e+00  1.54758175e+00  5.10e-06 4.69e-10  1.24e-10  5436s
 136   1.54751873e+00  1.54758167e+00  5.09e-06 4.53e-10  1.24e-10  5470s
 137   1.54751980e+00  1.54758160e+00  5.00e-06 3.89e-10  1.21e-10  5503s
 138   1.54752006e+00  1.54758159e+00  4.99e-06 3.41e-10  1.21e-10  5531s
 139   1.54752102e+00  1.54758158e+00  4.92e-06 9.23e-10  1.19e-10  5556s
 140   1.54752110e+00  1.54758159e+00  4.91e-06 8.90e-10  1.19e-10  5578s
 141   1.54752201e+00  1.54758148e+00  4.84e-06 5.71e-10  1.17e-10  5609s
 142   1.54755845e+00  1.54758133e+00  1.89e-06 3.71e-10  4.52e-11  5656s
 143   1.54755847e+00  1.54758119e+00  1.89e-06 2.23e-10  4.48e-11  5699s
 144   1.54755883e+00  1.54758119e+00  1.86e-06 2.18e-10  4.41e-11  5762s
 145   1.54755885e+00  1.54758116e+00  1.86e-06 1.82e-10  4.40e-11  5786s
 146   1.54756664e+00  1.54758111e+00  1.20e-06 9.50e-09  2.86e-11  5825s
 147   1.54756665e+00  1.54758109e+00  1.20e-06 2.09e-09  2.85e-11  5848s
 148   1.54756672e+00  1.54758102e+00  1.19e-06 1.27e-09  2.82e-11  5878s
 149   1.54756674e+00  1.54758097e+00  1.19e-06 3.60e-10  2.81e-11  5902s
 150   1.54756694e+00  1.54758097e+00  1.15e-06 4.88e-09  2.76e-11  5934s
 151   1.54756696e+00  1.54758096e+00  1.15e-06 4.85e-09  2.76e-11  5969s
 152   1.54756697e+00  1.54758161e+00  1.15e-06 3.48e-09  2.89e-11  6012s
 153   1.54756699e+00  1.54758129e+00  1.15e-06 1.91e-09  2.82e-11  6044s
 154   1.54757807e+00  1.54758098e+00  2.36e-07 5.43e-10  5.80e-12  6096s
 155   1.54757816e+00  1.54758094e+00  5.59e-07 1.86e-08  5.56e-12  6148s
 156   1.54757904e+00  1.54758061e+00  6.44e-06 1.10e-07  2.95e-12  6175s
 157   1.54757905e+00  1.54758065e+00  6.41e-06 9.78e-08  2.92e-12  6197s
 158   1.54757905e+00  1.54758065e+00  6.41e-06 9.79e-08  2.92e-12  6226s
 159   1.54757905e+00  1.54758065e+00  6.39e-06 9.90e-08  2.91e-12  6268s
 160   1.54757947e+00  1.54758076e+00  5.54e-06 4.85e-07  2.60e-12  6306s
 161   1.54757948e+00  1.54758077e+00  5.49e-06 4.29e-07  2.57e-12  6361s
 162   1.54757949e+00  1.54758078e+00  5.47e-06 3.80e-07  2.55e-12  6403s
 163   1.54757950e+00  1.54758081e+00  5.40e-06 3.22e-07  2.50e-12  6441s
 164   1.54757972e+00  1.54758083e+00  4.54e-06 1.85e-07  2.08e-12  6474s
 165   1.54757974e+00  1.54758082e+00  4.46e-06 1.32e-07  2.04e-12  6493s
 166   1.54757976e+00  1.54758083e+00  4.38e-06 1.28e-07  2.00e-12  6530s
 167   1.54757977e+00  1.54758083e+00  4.34e-06 1.14e-07  1.98e-12  6561s
 168   1.54757985e+00  1.54758084e+00  4.03e-06 9.87e-08  1.83e-12  6583s
 169   1.54757987e+00  1.54758084e+00  3.90e-06 9.78e-08  1.77e-12  6626s
 170   1.54757989e+00  1.54758083e+00  3.84e-06 7.23e-08  1.74e-12  6658s
 171   1.54757991e+00  1.54758084e+00  3.74e-06 6.75e-08  1.69e-12  6691s
 172   1.54757991e+00  1.54758084e+00  3.73e-06 6.75e-08  1.69e-12  6745s
 173   1.54757991e+00  1.54758084e+00  3.71e-06 6.78e-08  1.69e-12  6778s
 174   1.54757992e+00  1.54758084e+00  3.69e-06 5.64e-08  1.68e-12  6821s
 175   1.54757992e+00  1.54758084e+00  3.68e-06 5.53e-08  1.67e-12  6850s
 176   1.54757993e+00  1.54758084e+00  3.65e-06 5.48e-08  1.66e-12  6876s
 177   1.54758015e+00  1.54758084e+00  2.74e-06 4.66e-08  1.25e-12  6903s
 178   1.54758029e+00  1.54758084e+00  2.20e-06 3.34e-08  1.00e-12  6934s
 179   1.54758032e+00  1.54758084e+00  2.08e-06 3.18e-08  9.47e-13  6956s
 180   1.54758032e+00  1.54758084e+00  2.06e-06 3.12e-08  9.39e-13  6981s
 181   1.54758044e+00  1.54758085e+00  1.63e-06 1.79e-08  7.39e-13  7007s
 182   1.54758045e+00  1.54758085e+00  1.58e-06 1.73e-08  7.19e-13  7058s
 183   1.54758046e+00  1.54758085e+00  1.54e-06 1.56e-08  6.96e-13  7075s
 184   1.54758047e+00  1.54758085e+00  1.53e-06 1.58e-08  6.92e-13  7105s
 185   1.54758047e+00  1.54758085e+00  1.52e-06 1.33e-08  6.88e-13  7144s
 186   1.54758048e+00  1.54758087e+00  1.48e-06 1.06e-08  7.17e-13  7165s
 187   1.54758057e+00  1.54758087e+00  1.17e-06 9.50e-09  5.73e-13  7188s
 188   1.54758057e+00  1.54758087e+00  1.15e-06 9.45e-09  5.64e-13  7228s
 189   1.54758081e+00  1.54758087e+00  1.93e-07 7.11e-09  1.26e-13  7272s
 190   1.54758082e+00  1.54758087e+00  1.78e-07 3.39e-09  1.18e-13  7319s
 191   1.54758080e+00  1.54758085e+00  1.58e-07 2.70e-09  1.05e-13  7337s
 192   1.54758085e+00  1.54758102e+00  1.46e-07 1.43e-08  8.86e-14  7367s
 193   1.54758086e+00  1.54758098e+00  9.67e-08 1.13e-08  5.36e-14  7390s
 194   1.54758090e+00  1.54758097e+00  3.42e-08 2.71e-08  1.85e-14  7428s
 195   1.54758094e+00  1.54758097e+00  6.72e-08 1.35e-08  1.41e-14  7447s
 196   1.54758093e+00  1.54758094e+00  6.37e-08 4.73e-08  1.30e-14  7475s

Barrier solved model in 196 iterations and 7474.59 seconds (4439.49 work units)
Optimal objective 1.54758093e+00

