Set parameter Username
Academic license - for non-commercial use only - expires 2027-02-09
Set parameter Threads to value 4
Set parameter Method to value 2
Set parameter BarOrder to value 1
Set parameter BarHomogeneous to value 1
Set parameter NumericFocus to value 2
Set parameter Crossover to value 0
Gurobi Optimizer version 9.5.1 build v9.5.1rc2 (linux64)
Thread count: 32 physical cores, 64 logical processors, using up to 4 threads
Optimize a model with 4818099 rows, 5673232 columns and 28273921 nonzeros
Model fingerprint: 0x68144018
Coefficient statistics:
  Matrix range     [1e-04, 3e+00]
  Objective range  [1e+00, 1e+00]
  Bounds range     [0e+00, 0e+00]
  RHS range        [1e-03, 1e+00]
Presolve removed 1754014 rows and 4619508 columns (presolve time = 5s) ...
Presolve removed 1757735 rows and 4623229 columns (presolve time = 15s) ...
Presolve removed 1765177 rows and 4623230 columns
Presolve time: 18.57s
Presolved: 3052922 rows, 1050002 columns, 20392141 nonzeros
Ordering time: 2.62s

Barrier statistics:
 Dense cols : 265
 AA' NZ     : 4.859e+07
 Factor NZ  : 7.439e+07 (roughly 1.7 GB of memory)
 Factor Ops : 4.801e+09 (less than 1 second per iteration)
 Threads    : 4

                  Objective                Residual
Iter       Primal          Dual         Primal    Dual     Compl     Time
   0   3.23559786e+00  6.25000000e+01  6.05e+07 6.25e-02  1.00e+06   685s
   1   1.04272516e+01  1.43423508e+06  4.16e+07 6.35e+02  7.71e+05   690s
   2   2.85199576e+01  2.66506452e+06  2.74e+07 4.05e+02  4.74e+05   696s
   3   3.40502864e+01  1.90351654e+06  2.39e+07 1.59e+02  2.95e+05   703s
   4   6.72313519e+00  9.49231688e+04  1.29e+06 7.98e+00  1.31e+03   710s
   5   4.96437308e+00  2.51331864e+04  5.06e+05 2.15e+00  2.14e+02   715s
   6   4.56316049e+00  1.57149235e+04  3.22e+05 1.33e+00  1.08e+02   722s
   7   4.39975130e+00  6.24186089e+03  2.50e+05 5.15e-01  5.58e+01   730s
   8   4.21482981e+00  3.39108009e+03  1.68e+05 2.78e-01  3.16e+01   736s
   9   4.01803747e+00  2.54194704e+03  1.21e+05 2.08e-01  2.52e+01   744s
  10   3.27186393e+00  1.66917217e+03  8.17e+04 1.38e-01  1.80e+01   752s
  11   2.86433518e+00  1.28159830e+03  5.24e+04 1.17e-01  1.20e+01   758s
  12   2.90035898e+00  8.79809907e+02  3.69e+04 7.83e-02  8.05e+00   763s
  13   2.95164855e+00  4.75414762e+02  2.87e+04 4.24e-02  5.74e+00   769s
  14   2.95456395e+00  2.71909541e+02  2.09e+04 2.41e-02  3.95e+00   774s
  15   3.02336101e+00  1.86205453e+02  1.52e+04 1.65e-02  2.80e+00   780s
  16   3.09936624e+00  1.23277734e+02  1.00e+04 1.08e-02  1.79e+00   787s
  17   3.16036305e+00  6.33067624e+01  4.08e+03 5.32e-03  6.95e-01   797s
  18   3.14192874e+00  4.60095059e+01  2.31e+03 3.78e-03  3.80e-01   804s
  19   3.12868745e+00  3.04299716e+01  1.95e+03 2.39e-03  2.84e-01   810s
  20   3.10757212e+00  1.87426778e+01  1.37e+03 1.35e-03  1.58e-01   816s
  21   2.87120582e+00  1.39324122e+01  5.65e+02 9.30e-04  5.40e-02   824s
  22   2.71312405e+00  1.08448277e+01  4.16e+02 7.00e-04  3.45e-02   835s
  23   2.46751783e+00  8.43726600e+00  3.14e+02 5.14e-04  2.18e-02   844s
  24   2.28646389e+00  4.16978623e+00  2.46e+02 1.89e-04  9.16e-03   855s
  25   1.89865111e+00  2.60732388e+00  1.01e+02 7.42e-05  2.06e-03   866s
  26   1.69298597e+00  2.17813625e+00  2.33e+01 4.09e-05  3.82e-04   876s
  27   1.65632371e+00  1.98802443e+00  9.19e+00 2.61e-05  1.48e-04   885s
  28   1.63879408e+00  1.92099868e+00  4.57e+00 2.15e-05  8.29e-05   893s
  29   1.62760954e+00  1.86321321e+00  2.99e+00 1.78e-05  5.82e-05   900s
  30   1.62352001e+00  1.82695523e+00  2.48e+00 1.54e-05  4.83e-05   907s
  31   1.61304463e+00  1.78850000e+00  1.63e+00 1.30e-05  3.64e-05   916s
  32   1.60050898e+00  1.75135182e+00  1.05e+00 1.07e-05  2.79e-05   927s
  33   1.58780555e+00  1.69355944e+00  7.53e-01 7.46e-06  2.03e-05   939s
  34   1.57909456e+00  1.66700883e+00  5.66e-01 6.04e-06  1.63e-05   951s
  35   1.57770857e+00  1.66304405e+00  4.65e-01 5.82e-06  1.52e-05   962s
  36   1.57813238e+00  1.63157530e+00  3.55e-01 3.74e-06  1.00e-05   976s
  37   1.57826640e+00  1.62335432e+00  3.34e-01 3.10e-06  8.50e-06   992s
  38   1.58274551e+00  1.62273177e+00  3.02e-01 3.04e-06  8.15e-06  1005s
  39   1.58378335e+00  1.61710118e+00  2.84e-01 2.28e-06  6.43e-06  1022s
  40   1.58199282e+00  1.61591779e+00  2.59e-01 1.98e-06  5.58e-06  1040s
  41   1.58884317e+00  1.61608449e+00  2.22e-01 1.69e-06  4.74e-06  1058s
  42   1.59483203e+00  1.61841926e+00  1.95e-01 1.40e-06  4.00e-06  1077s
  43   1.59663706e+00  1.61997321e+00  1.85e-01 1.26e-06  3.66e-06  1099s
  44   1.59823275e+00  1.62181540e+00  1.70e-01 1.12e-06  3.20e-06  1121s
  45   1.60797764e+00  1.62301580e+00  1.30e-01 1.04e-06  2.78e-06  1145s
  46   1.60912910e+00  1.62885290e+00  1.23e-01 7.40e-07  2.21e-06  1171s
  47   1.61423297e+00  1.62911788e+00  1.01e-01 7.22e-07  1.99e-06  1195s
  48   1.61542421e+00  1.63261404e+00  9.76e-02 5.67e-07  1.70e-06  1221s
  49   1.61585269e+00  1.63277847e+00  9.45e-02 5.55e-07  1.65e-06  1255s
  50   1.61797783e+00  1.63349276e+00  8.62e-02 5.08e-07  1.51e-06  1301s
  51   1.61956964e+00  1.63383721e+00  7.98e-02 4.86e-07  1.42e-06  1335s
  52   1.62462516e+00  1.63429881e+00  5.77e-02 4.56e-07  1.20e-06  1380s
  53   1.62550049e+00  1.63501285e+00  5.49e-02 4.18e-07  1.11e-06  1439s
  54   1.62717901e+00  1.63547502e+00  4.95e-02 3.99e-07  1.03e-06  1514s
  55   1.63050585e+00  1.63639567e+00  3.88e-02 3.66e-07  8.80e-07  1530s
  56   1.63160441e+00  1.63875378e+00  3.56e-02 2.90e-07  7.34e-07  1549s
  57   1.63317296e+00  1.63946344e+00  3.19e-02 2.62e-07  6.62e-07  1564s
  58   1.63484944e+00  1.64100165e+00  2.78e-02 2.08e-07  5.33e-07  1582s
  59   1.63574801e+00  1.64175223e+00  2.53e-02 1.70e-07  4.59e-07  1601s
  60   1.63684029e+00  1.64253848e+00  2.24e-02 1.35e-07  3.80e-07  1624s
  61   1.63687458e+00  1.64263224e+00  2.23e-02 1.31e-07  3.73e-07  1637s
  62   1.63687888e+00  1.64263105e+00  2.23e-02 1.31e-07  3.72e-07  1651s
  63   1.63710935e+00  1.64268485e+00  2.16e-02 1.28e-07  3.62e-07  1670s
  64   1.63731976e+00  1.64285093e+00  2.11e-02 1.21e-07  3.39e-07  1683s
  65   1.63784845e+00  1.64291785e+00  1.98e-02 1.18e-07  3.24e-07  1698s
  66   1.63784852e+00  1.64291568e+00  1.98e-02 1.18e-07  3.23e-07  1714s
  67   1.63786831e+00  1.64294673e+00  1.97e-02 1.17e-07  3.21e-07  1727s
  68   1.63804559e+00  1.64304777e+00  1.93e-02 1.13e-07  3.13e-07  1747s
  69   1.63806653e+00  1.64305979e+00  1.93e-02 1.13e-07  3.12e-07  1765s
  70   1.63812435e+00  1.64311107e+00  1.91e-02 1.11e-07  3.08e-07  1781s
  71   1.63844891e+00  1.64315664e+00  1.84e-02 1.10e-07  2.99e-07  1792s
  72   1.63883001e+00  1.64330410e+00  1.76e-02 1.06e-07  2.87e-07  1807s
  73   1.63886805e+00  1.64338070e+00  1.75e-02 1.04e-07  2.83e-07  1820s
  74   1.63923677e+00  1.64360137e+00  1.67e-02 9.76e-08  2.68e-07  1847s
  75   1.63928032e+00  1.64365320e+00  1.66e-02 9.62e-08  2.65e-07  1862s
  76   1.63939826e+00  1.64374153e+00  1.64e-02 9.40e-08  2.60e-07  1876s
  77   1.63968318e+00  1.64397373e+00  1.58e-02 8.85e-08  2.47e-07  1894s
  78   1.63986454e+00  1.64408132e+00  1.54e-02 8.61e-08  2.41e-07  1913s
  79   1.64036321e+00  1.64427987e+00  1.45e-02 8.16e-08  2.26e-07  1931s
  80   1.64036349e+00  1.64427963e+00  1.45e-02 8.16e-08  2.26e-07  1945s
  81   1.64036611e+00  1.64428413e+00  1.45e-02 8.15e-08  2.26e-07  1959s
  82   1.64055314e+00  1.64432036e+00  1.41e-02 8.07e-08  2.21e-07  1973s
  83   1.64055434e+00  1.64432255e+00  1.41e-02 8.07e-08  2.21e-07  1990s
  84   1.64069755e+00  1.64437566e+00  1.39e-02 7.96e-08  2.17e-07  2005s
  85   1.64136969e+00  1.64456515e+00  1.26e-02 7.57e-08  2.00e-07  2025s
  86   1.64141878e+00  1.64466072e+00  1.25e-02 7.36e-08  1.97e-07  2040s
  87   1.64159568e+00  1.64467837e+00  1.22e-02 7.33e-08  1.93e-07  2055s
  88   1.64159547e+00  1.64467863e+00  1.22e-02 7.33e-08  1.93e-07  2076s
  89   1.64162317e+00  1.64480119e+00  1.22e-02 7.10e-08  1.91e-07  2100s
  90   1.64172908e+00  1.64490206e+00  1.20e-02 6.88e-08  1.86e-07  2134s
  91   1.64179356e+00  1.64513233e+00  1.18e-02 6.42e-08  1.80e-07  2152s
  92   1.64179282e+00  1.64513375e+00  1.18e-02 6.43e-08  1.80e-07  2163s
  93   1.64200836e+00  1.64534468e+00  1.14e-02 5.97e-08  1.72e-07  2185s
  94   1.64204187e+00  1.64549561e+00  1.14e-02 5.67e-08  1.68e-07  2205s
  95   1.64204797e+00  1.64549640e+00  1.14e-02 5.66e-08  1.68e-07  2222s
  96   1.64211881e+00  1.64552574e+00  1.12e-02 5.60e-08  1.66e-07  2240s
  97   1.64211925e+00  1.64552585e+00  1.12e-02 5.60e-08  1.66e-07  2255s
  98   1.64212118e+00  1.64552624e+00  1.12e-02 5.60e-08  1.66e-07  2267s
  99   1.64213748e+00  1.64557671e+00  1.12e-02 5.51e-08  1.64e-07  2299s
 100   1.64218147e+00  1.64559325e+00  1.11e-02 5.48e-08  1.63e-07  2316s
 101   1.64219588e+00  1.64561002e+00  1.11e-02 5.45e-08  1.63e-07  2330s
 102   1.64219934e+00  1.64561062e+00  1.11e-02 5.44e-08  1.63e-07  2344s
 103   1.64219977e+00  1.64561046e+00  1.11e-02 5.44e-08  1.63e-07  2360s
 104   1.64223774e+00  1.64565541e+00  1.10e-02 5.35e-08  1.61e-07  2379s
 105   1.64224109e+00  1.64565677e+00  1.10e-02 5.34e-08  1.61e-07  2392s
 106   1.64224187e+00  1.64565696e+00  1.10e-02 5.34e-08  1.61e-07  2407s
 107   1.64253235e+00  1.64570512e+00  1.05e-02 5.24e-08  1.54e-07  2424s
 108   1.64255106e+00  1.64571666e+00  1.04e-02 5.22e-08  1.54e-07  2444s
 109   1.64255446e+00  1.64572330e+00  1.04e-02 5.20e-08  1.53e-07  2457s
 110   1.64263047e+00  1.64574612e+00  1.03e-02 5.15e-08  1.51e-07  2473s
 111   1.64262954e+00  1.64574659e+00  1.03e-02 5.15e-08  1.52e-07  2489s
 112   1.64262974e+00  1.64574629e+00  1.03e-02 5.15e-08  1.52e-07  2503s
 113   1.64263248e+00  1.64574717e+00  1.03e-02 5.15e-08  1.51e-07  2515s
 114   1.64263274e+00  1.64574765e+00  1.03e-02 5.15e-08  1.51e-07  2526s
 115   1.64263751e+00  1.64575651e+00  1.03e-02 5.13e-08  1.51e-07  2543s
 116   1.64264200e+00  1.64575828e+00  1.03e-02 5.12e-08  1.51e-07  2556s
 117   1.64264298e+00  1.64575822e+00  1.03e-02 5.12e-08  1.51e-07  2568s
 118   1.64264554e+00  1.64579998e+00  1.03e-02 5.03e-08  1.50e-07  2584s
 119   1.64265382e+00  1.64580196e+00  1.02e-02 5.02e-08  1.50e-07  2597s
 120   1.64265634e+00  1.64580246e+00  1.02e-02 5.02e-08  1.50e-07  2608s
 121   1.64265524e+00  1.64580292e+00  1.02e-02 5.02e-08  1.50e-07  2621s
 122   1.64265784e+00  1.64580508e+00  1.02e-02 5.02e-08  1.50e-07  2634s
 123   1.64271123e+00  1.64582292e+00  1.01e-02 4.98e-08  1.48e-07  2649s
 124   1.64271401e+00  1.64583442e+00  1.01e-02 4.95e-08  1.48e-07  2661s
 125   1.64296063e+00  1.64602956e+00  9.69e-03 4.54e-08  1.40e-07  2690s
 126   1.64296279e+00  1.64603281e+00  9.69e-03 4.54e-08  1.40e-07  2705s
 127   1.64296318e+00  1.64603413e+00  9.69e-03 4.54e-08  1.40e-07  2721s
 128   1.64297433e+00  1.64604162e+00  9.67e-03 4.52e-08  1.39e-07  2737s
 129   1.64300466e+00  1.64607966e+00  9.61e-03 4.47e-08  1.38e-07  2754s
 130   1.64301569e+00  1.64609290e+00  9.60e-03 4.45e-08  1.38e-07  2771s
 131   1.64301772e+00  1.64611756e+00  9.59e-03 4.40e-08  1.38e-07  2794s
 132   1.64302843e+00  1.64613248e+00  9.57e-03 4.37e-08  1.37e-07  2813s
 133   1.64311456e+00  1.64619314e+00  9.41e-03 4.24e-08  1.34e-07  2837s
 134   1.64339901e+00  1.64643185e+00  8.89e-03 3.73e-08  1.24e-07  2866s
 135   1.64340162e+00  1.64656899e+00  8.88e-03 3.42e-08  1.21e-07  2889s
 136   1.64342562e+00  1.64665100e+00  8.84e-03 3.29e-08  1.19e-07  2901s
 137   1.64342939e+00  1.64665041e+00  8.83e-03 3.31e-08  1.18e-07  2912s
 138   1.64369773e+00  1.64690884e+00  8.32e-03 2.84e-08  1.08e-07  2937s
 139   1.64372238e+00  1.64691176e+00  8.27e-03 2.85e-08  1.07e-07  2951s
 140   1.64376982e+00  1.64697039e+00  8.18e-03 2.72e-08  1.05e-07  2965s
 141   1.64383665e+00  1.64703177e+00  8.06e-03 2.55e-08  1.02e-07  2982s
 142   1.64395368e+00  1.64706718e+00  7.83e-03 2.45e-08  9.90e-08  2995s
 143   1.64403369e+00  1.64710656e+00  7.67e-03 2.36e-08  9.65e-08  3010s
 144   1.64405083e+00  1.64711220e+00  7.64e-03 2.35e-08  9.60e-08  3028s
 145   1.64412283e+00  1.64714202e+00  7.50e-03 2.30e-08  9.39e-08  3043s
 146   1.64417403e+00  1.64714795e+00  7.40e-03 2.27e-08  9.28e-08  3057s
 147   1.64423941e+00  1.64719082e+00  7.28e-03 2.14e-08  9.05e-08  3075s
 148   1.64428735e+00  1.64722638e+00  7.19e-03 2.09e-08  8.88e-08  3094s
 149   1.64437936e+00  1.64734120e+00  7.00e-03 1.73e-08  8.37e-08  3119s
 150   1.64441764e+00  1.64735010e+00  6.93e-03 1.70e-08  8.28e-08  3137s
 151   1.64442867e+00  1.64735492e+00  6.91e-03 1.69e-08  8.25e-08  3154s
 152   1.64442842e+00  1.64735529e+00  6.91e-03 1.68e-08  8.25e-08  3171s
 153   1.64445073e+00  1.64737338e+00  6.86e-03 1.63e-08  8.15e-08  3181s
 154   1.64446688e+00  1.64742798e+00  6.83e-03 1.46e-08  7.95e-08  3196s
 155   1.64451989e+00  1.64743779e+00  6.73e-03 1.45e-08  7.81e-08  3208s
 156   1.64452764e+00  1.64744322e+00  6.71e-03 1.46e-08  7.78e-08  3223s
 157   1.64452775e+00  1.64744308e+00  6.71e-03 1.45e-08  7.78e-08  3238s
 158   1.64453671e+00  1.64748250e+00  6.69e-03 1.47e-08  7.64e-08  3258s
 159   1.64456129e+00  1.64749039e+00  6.64e-03 1.44e-08  7.57e-08  3283s
 160   1.64456153e+00  1.64748955e+00  6.64e-03 1.42e-08  7.56e-08  3301s
 161   1.64459879e+00  1.64749338e+00  6.57e-03 1.42e-08  7.48e-08  3337s
 162   1.64459900e+00  1.64749329e+00  6.57e-03 1.41e-08  7.48e-08  3353s
 163   1.64460206e+00  1.64749394e+00  6.56e-03 1.42e-08  7.47e-08  3369s
 164   1.64460222e+00  1.64752008e+00  6.56e-03 1.40e-08  7.43e-08  3396s
 165   1.64460793e+00  1.64752021e+00  6.55e-03 1.39e-08  7.42e-08  3412s
 166   1.64469093e+00  1.64761141e+00  6.40e-03 1.02e-08  6.99e-08  3440s
 167   1.64471079e+00  1.64762617e+00  6.36e-03 1.04e-08  6.89e-08  3468s
 168   1.64473482e+00  1.64763149e+00  6.31e-03 9.85e-09  6.82e-08  3485s
 169   1.64473710e+00  1.64763168e+00  6.31e-03 9.84e-09  6.81e-08  3501s
 170   1.64473754e+00  1.64763162e+00  6.31e-03 9.77e-09  6.81e-08  3520s
 171   1.64476783e+00  1.64763583e+00  6.24e-03 9.38e-09  6.74e-08  3535s
 172   1.64481037e+00  1.64764841e+00  6.16e-03 1.09e-08  6.59e-08  3569s
 173   1.64491135e+00  1.64765734e+00  5.95e-03 1.10e-08  6.35e-08  3587s
 174   1.64491165e+00  1.64765737e+00  5.95e-03 1.10e-08  6.35e-08  3599s
 175   1.64491299e+00  1.64765809e+00  5.95e-03 1.15e-08  6.35e-08  3617s
 176   1.64492927e+00  1.64766651e+00  5.91e-03 1.02e-08  6.28e-08  3653s
 177   1.64496183e+00  1.64767189e+00  5.85e-03 9.49e-09  6.19e-08  3670s
 178   1.64500899e+00  1.64767913e+00  5.75e-03 8.72e-09  6.06e-08  3693s
 179   1.64504039e+00  1.64769008e+00  5.68e-03 7.76e-09  5.92e-08  3716s
 180   1.64504241e+00  1.64769040e+00  5.68e-03 7.64e-09  5.92e-08  3731s
 181   1.64505359e+00  1.64769662e+00  5.66e-03 7.17e-09  5.86e-08  3745s
 182   1.64509031e+00  1.64770189e+00  5.58e-03 7.34e-09  5.76e-08  3782s
 183   1.64509051e+00  1.64770201e+00  5.58e-03 7.40e-09  5.76e-08  3798s
 184   1.64509673e+00  1.64770591e+00  5.57e-03 7.18e-09  5.73e-08  3820s
 185   1.64512293e+00  1.64770832e+00  5.51e-03 7.69e-09  5.66e-08  3840s
 186   1.64512331e+00  1.64770989e+00  5.51e-03 6.91e-09  5.64e-08  3854s
 187   1.64516001e+00  1.64775129e+00  5.43e-03 6.69e-09  5.58e-08  3867s
 188   1.64575457e+00  1.64775105e+00  4.19e-03 6.83e-09  4.37e-08  3884s
 189   1.64577273e+00  1.64774537e+00  4.15e-03 5.16e-09  4.20e-08  3905s
 190   1.64577680e+00  1.64774265e+00  4.14e-03 4.32e-09  4.15e-08  3921s
 191   1.64577697e+00  1.64774273e+00  4.14e-03 4.32e-09  4.15e-08  3937s
 192   1.64586328e+00  1.64774442e+00  3.96e-03 4.61e-09  3.96e-08  3959s
 193   1.64586800e+00  1.64773620e+00  3.95e-03 4.04e-09  3.87e-08  3987s
 194   1.64587519e+00  1.64773509e+00  3.94e-03 3.77e-09  3.85e-08  4005s
 195   1.64599089e+00  1.64772685e+00  3.69e-03 3.04e-09  3.57e-08  4033s
 196   1.64599538e+00  1.64772501e+00  3.68e-03 2.89e-09  3.55e-08  4050s
 197   1.64599989e+00  1.64772434e+00  3.67e-03 3.21e-09  3.54e-08  4076s
 198   1.64600482e+00  1.64772123e+00  3.66e-03 2.85e-09  3.51e-08  4096s
 199   1.64603546e+00  1.64771397e+00  3.59e-03 2.22e-09  3.40e-08  4120s
 200   1.64603625e+00  1.64771355e+00  3.59e-03 2.18e-09  3.40e-08  4138s
 201   1.64603685e+00  1.64771309e+00  3.59e-03 3.47e-09  3.39e-08  4159s
 202   1.64604193e+00  1.64771301e+00  3.57e-03 3.15e-09  3.38e-08  4190s
 203   1.64604211e+00  1.64771236e+00  3.57e-03 2.90e-09  3.38e-08  4206s
 204   1.64604887e+00  1.64771145e+00  3.56e-03 2.23e-09  3.36e-08  4219s
 205   1.64617758e+00  1.64771182e+00  3.28e-03 2.45e-09  3.11e-08  4241s
 206   1.64618281e+00  1.64770465e+00  3.27e-03 2.42e-09  3.07e-08  4262s
 207   1.64625070e+00  1.64770407e+00  3.12e-03 2.19e-09  2.93e-08  4289s
 208   1.64636643e+00  1.64769535e+00  2.86e-03 1.79e-09  2.66e-08  4318s
 209   1.64637083e+00  1.64769532e+00  2.85e-03 2.12e-09  2.66e-08  4339s
 210   1.64640833e+00  1.64769873e+00  2.78e-03 1.74e-09  2.58e-08  4357s
 211   1.64641476e+00  1.64769619e+00  2.76e-03 1.63e-09  2.56e-08  4372s
 212   1.64644888e+00  1.64769258e+00  2.69e-03 2.07e-09  2.49e-08  4391s
 213   1.64645641e+00  1.64768867e+00  2.67e-03 1.78e-09  2.46e-08  4406s
 214   1.64647756e+00  1.64768272e+00  2.62e-03 1.56e-09  2.40e-08  4420s
 215   1.64651515e+00  1.64767674e+00  2.54e-03 1.78e-09  2.31e-08  4442s
 216   1.64651644e+00  1.64767432e+00  2.54e-03 1.85e-09  2.30e-08  4455s
 217   1.64654752e+00  1.64766924e+00  2.47e-03 1.53e-09  2.23e-08  4476s
 218   1.64654902e+00  1.64766553e+00  2.46e-03 1.71e-09  2.22e-08  4494s
 219   1.64681803e+00  1.64766103e+00  1.86e-03 1.45e-09  1.68e-08  4517s
 220   1.64682350e+00  1.64765946e+00  1.85e-03 2.32e-09  1.66e-08  4531s
 221   1.64695468e+00  1.64765659e+00  1.55e-03 1.86e-09  1.40e-08  4547s
 222   1.64696709e+00  1.64765061e+00  1.52e-03 1.16e-09  1.36e-08  4561s
 223   1.64696876e+00  1.64764726e+00  1.52e-03 9.36e-10  1.35e-08  4584s
 224   1.64698897e+00  1.64764412e+00  1.47e-03 7.54e-10  1.31e-08  4601s
 225   1.64699169e+00  1.64764044e+00  1.46e-03 5.51e-10  1.30e-08  4620s
 226   1.64700255e+00  1.64763702e+00  1.44e-03 6.24e-10  1.27e-08  4638s
 227   1.64705797e+00  1.64763525e+00  1.31e-03 2.81e-10  1.16e-08  4657s
 228   1.64705796e+00  1.64763525e+00  1.31e-03 4.90e-10  1.16e-08  4672s
 229   1.64706269e+00  1.64763726e+00  1.30e-03 2.03e-09  1.15e-08  4682s
 230   1.64723263e+00  1.64763453e+00  9.08e-04 1.44e-09  8.08e-09  4704s
 231   1.64729801e+00  1.64763132e+00  7.56e-04 9.79e-10  6.75e-09  4731s
 232   1.64729844e+00  1.64763081e+00  7.55e-04 9.61e-10  6.73e-09  4745s
 233   1.64744438e+00  1.64762824e+00  4.18e-04 6.93e-10  3.83e-09  4762s
 234   1.64745096e+00  1.64762607e+00  4.03e-04 9.40e-10  3.66e-09  4771s
 235   1.64745258e+00  1.64762462e+00  3.99e-04 1.13e-09  3.61e-09  4783s
 236   1.64745443e+00  1.64762317e+00  3.94e-04 2.60e-09  3.55e-09  4795s
 237   1.64745674e+00  1.64762203e+00  3.89e-04 2.20e-09  3.49e-09  4809s
 238   1.64745688e+00  1.64762148e+00  3.88e-04 2.01e-09  3.48e-09  4823s
 239   1.64745975e+00  1.64762075e+00  3.82e-04 1.54e-09  3.41e-09  4843s
 240   1.64747448e+00  1.64762010e+00  3.46e-04 1.33e-09  3.09e-09  4859s
 241   1.64747577e+00  1.64761959e+00  3.42e-04 1.32e-09  3.05e-09  4878s
 242   1.64747674e+00  1.64761922e+00  3.40e-04 1.24e-09  3.03e-09  4892s
 243   1.64747714e+00  1.64761841e+00  3.39e-04 1.79e-09  3.01e-09  4914s
 244   1.64749733e+00  1.64761797e+00  2.90e-04 1.91e-09  2.57e-09  4928s
 245   1.64749811e+00  1.64761711e+00  2.88e-04 1.06e-09  2.54e-09  4952s
 246   1.64751583e+00  1.64761655e+00  2.44e-04 7.13e-10  2.16e-09  4968s
 247   1.64751946e+00  1.64761626e+00  2.36e-04 4.79e-10  2.08e-09  4995s
 248   1.64755041e+00  1.64761595e+00  1.59e-04 2.69e-10  1.41e-09  5017s
 249   1.64755229e+00  1.64761573e+00  1.55e-04 2.13e-10  1.37e-09  5032s
 250   1.64755973e+00  1.64761563e+00  1.36e-04 1.88e-09  1.21e-09  5049s
 251   1.64756085e+00  1.64761558e+00  1.34e-04 3.03e-09  1.18e-09  5066s
 252   1.64756590e+00  1.64761545e+00  1.21e-04 2.16e-09  1.07e-09  5084s
 253   1.64756843e+00  1.64761528e+00  1.15e-04 3.94e-09  1.02e-09  5106s
 254   1.64756981e+00  1.64761518e+00  1.12e-04 3.15e-09  9.84e-10  5121s
 255   1.64757592e+00  1.64761487e+00  9.64e-05 1.61e-09  8.48e-10  5138s
 256   1.64757593e+00  1.64761450e+00  9.64e-05 8.65e-10  8.43e-10  5160s
 257   1.64758062e+00  1.64761444e+00  8.44e-05 7.30e-10  7.39e-10  5179s
 258   1.64758062e+00  1.64761440e+00  8.44e-05 1.22e-09  7.39e-10  5195s
 259   1.64758586e+00  1.64761441e+00  7.26e-05 1.92e-09  6.33e-10  5206s
 260   1.64758613e+00  1.64761396e+00  7.19e-05 1.88e-09  6.21e-10  5226s
 261   1.64758634e+00  1.64761363e+00  7.13e-05 1.02e-09  6.12e-10  5251s
 262   1.64758717e+00  1.64761344e+00  6.92e-05 7.26e-10  5.92e-10  5265s
 263   1.64758722e+00  1.64761322e+00  6.90e-05 1.56e-09  5.88e-10  5287s
 264   1.64758747e+00  1.64761305e+00  6.84e-05 1.04e-09  5.81e-10  5303s
 265   1.64758752e+00  1.64761305e+00  6.82e-05 1.02e-09  5.79e-10  5324s
 266   1.64758781e+00  1.64761299e+00  6.74e-05 7.66e-10  5.72e-10  5340s
 267   1.64758813e+00  1.64761287e+00  6.65e-05 2.16e-09  5.63e-10  5366s
 268   1.64758824e+00  1.64761287e+00  6.61e-05 1.49e-09  5.61e-10  5384s
 269   1.64758993e+00  1.64761285e+00  6.15e-05 1.10e-09  5.24e-10  5404s
 270   1.64759052e+00  1.64761284e+00  5.80e-05 8.28e-09  5.10e-10  5420s
 271   1.64759074e+00  1.64761271e+00  5.74e-05 5.78e-09  5.03e-10  5452s
 272   1.64759455e+00  1.64761263e+00  4.70e-05 4.62e-09  4.15e-10  5474s
 273   1.64759473e+00  1.64761252e+00  4.66e-05 3.28e-09  4.10e-10  5501s
 274   1.64759475e+00  1.64761243e+00  4.65e-05 2.39e-09  4.08e-10  5523s
 275   1.64759477e+00  1.64761239e+00  4.65e-05 1.81e-09  4.07e-10  5545s
 276   1.64759614e+00  1.64761237e+00  4.25e-05 4.23e-09  3.75e-10  5562s
 277   1.64759644e+00  1.64761233e+00  4.17e-05 6.59e-10  3.68e-10  5584s
 278   1.64759666e+00  1.64761232e+00  4.11e-05 6.09e-10  3.63e-10  5608s
 279   1.64759705e+00  1.64761229e+00  4.01e-05 6.19e-10  3.53e-10  5623s
 280   1.64759710e+00  1.64761228e+00  3.99e-05 2.26e-09  3.52e-10  5640s
 281   1.64759714e+00  1.64761228e+00  3.98e-05 1.47e-09  3.51e-10  5651s
 282   1.64759731e+00  1.64761225e+00  3.91e-05 5.81e-10  3.47e-10  5664s
 283   1.64759736e+00  1.64761228e+00  3.89e-05 2.38e-09  3.46e-10  5685s
 284   1.64759738e+00  1.64761227e+00  3.89e-05 2.22e-09  3.45e-10  5705s
 285   1.64759748e+00  1.64761225e+00  3.86e-05 1.88e-09  3.43e-10  5721s
 286   1.64759758e+00  1.64761222e+00  3.83e-05 2.59e-09  3.40e-10  5749s
 287   1.64759761e+00  1.64761221e+00  3.82e-05 2.53e-09  3.39e-10  5776s
 288   1.64759772e+00  1.64761219e+00  3.78e-05 1.80e-09  3.37e-10  5798s
 289   1.64759778e+00  1.64761223e+00  3.76e-05 1.78e-09  3.36e-10  5819s
 290   1.64759778e+00  1.64761219e+00  3.75e-05 1.57e-09  3.35e-10  5842s
 291   1.64759787e+00  1.64761218e+00  3.73e-05 1.57e-09  3.33e-10  5859s
 292   1.64759860e+00  1.64761217e+00  3.43e-05 1.67e-09  3.16e-10  5874s
 293   1.64759874e+00  1.64761218e+00  3.38e-05 1.63e-09  3.13e-10  5889s
 294   1.64759877e+00  1.64761214e+00  3.37e-05 1.55e-09  3.11e-10  5910s
 295   1.64759878e+00  1.64761212e+00  3.36e-05 1.15e-09  3.11e-10  5922s
 296   1.64759887e+00  1.64761212e+00  3.34e-05 1.14e-09  3.09e-10  5943s
 297   1.64759898e+00  1.64761212e+00  3.31e-05 1.06e-09  3.06e-10  5963s
 298   1.64759899e+00  1.64761212e+00  3.30e-05 1.32e-08  3.06e-10  5986s
 299   1.64759906e+00  1.64761211e+00  3.29e-05 1.03e-09  3.04e-10  6007s
 300   1.64759925e+00  1.64761215e+00  3.23e-05 1.91e-09  3.00e-10  6028s
 301   1.64759938e+00  1.64761214e+00  3.20e-05 1.83e-09  2.97e-10  6047s
 302   1.64759961e+00  1.64761214e+00  3.14e-05 1.62e-09  2.91e-10  6073s
 303   1.64759974e+00  1.64761212e+00  3.11e-05 2.14e-09  2.88e-10  6092s
 304   1.64759983e+00  1.64761211e+00  3.09e-05 1.78e-09  2.86e-10  6111s
 305   1.64759992e+00  1.64761210e+00  3.06e-05 3.34e-09  2.84e-10  6126s
 306   1.64760031e+00  1.64761205e+00  2.96e-05 2.65e-09  2.74e-10  6146s
 307   1.64760043e+00  1.64761205e+00  2.93e-05 2.55e-09  2.71e-10  6164s
 308   1.64760044e+00  1.64761207e+00  2.93e-05 1.87e-09  2.71e-10  6185s
 309   1.64760071e+00  1.64761207e+00  2.86e-05 1.80e-09  2.65e-10  6201s
 310   1.64760073e+00  1.64761205e+00  2.86e-05 1.68e-09  2.65e-10  6223s
 311   1.64760076e+00  1.64761204e+00  2.85e-05 1.63e-09  2.64e-10  6242s
 312   1.64760095e+00  1.64761204e+00  2.80e-05 2.05e-09  2.59e-10  6263s
 313   1.64760109e+00  1.64761203e+00  2.77e-05 8.49e-10  2.56e-10  6284s
 314   1.64760109e+00  1.64761203e+00  2.77e-05 1.16e-09  2.56e-10  6304s
 315   1.64760117e+00  1.64761203e+00  2.74e-05 1.13e-09  2.54e-10  6318s
 316   1.64760149e+00  1.64761202e+00  2.66e-05 1.91e-09  2.46e-10  6336s
 317   1.64760151e+00  1.64761202e+00  2.66e-05 6.40e-09  2.46e-10  6358s
 318   1.64760161e+00  1.64761200e+00  2.63e-05 5.73e-09  2.43e-10  6389s
 319   1.64760227e+00  1.64761200e+00  2.46e-05 1.54e-09  2.28e-10  6412s
 320   1.64760236e+00  1.64761198e+00  2.44e-05 1.35e-09  2.26e-10  6434s
 321   1.64760344e+00  1.64761201e+00  2.16e-05 1.63e-09  2.01e-10  6450s
 322   1.64760391e+00  1.64761197e+00  2.04e-05 2.27e-09  1.90e-10  6471s
 323   1.64760394e+00  1.64761196e+00  2.03e-05 4.23e-09  1.89e-10  6496s
 324   1.64760409e+00  1.64761196e+00  1.99e-05 2.44e-09  1.85e-10  6516s
 325   1.64760415e+00  1.64761195e+00  1.98e-05 5.01e-09  1.84e-10  6532s
 326   1.64760420e+00  1.64761195e+00  1.97e-05 4.79e-09  1.83e-10  6561s
 327   1.64760421e+00  1.64761195e+00  1.96e-05 4.52e-09  1.83e-10  6585s
 328   1.64760424e+00  1.64761192e+00  1.96e-05 3.80e-09  1.82e-10  6614s
 329   1.64760431e+00  1.64761191e+00  1.94e-05 1.15e-08  1.80e-10  6636s
 330   1.64760474e+00  1.64761188e+00  1.82e-05 4.57e-09  1.69e-10  6660s
 331   1.64760474e+00  1.64761188e+00  1.82e-05 4.40e-09  1.69e-10  6680s
 332   1.64760489e+00  1.64761190e+00  1.79e-05 3.37e-09  1.66e-10  6709s
 333   1.64760498e+00  1.64761185e+00  1.76e-05 2.22e-09  1.63e-10  6729s
 334   1.64760531e+00  1.64761183e+00  1.68e-05 1.98e-09  1.55e-10  6745s
 335   1.64760544e+00  1.64761183e+00  1.65e-05 1.73e-09  1.51e-10  6763s
 336   1.64760554e+00  1.64761184e+00  1.62e-05 2.41e-09  1.49e-10  6788s
 337   1.64760584e+00  1.64761183e+00  1.54e-05 1.97e-09  1.42e-10  6798s
 338   1.64760597e+00  1.64761182e+00  1.51e-05 2.54e-09  1.39e-10  6817s
 339   1.64760608e+00  1.64761181e+00  1.48e-05 3.05e-09  1.36e-10  6836s
 340   1.64760614e+00  1.64761181e+00  1.47e-05 3.01e-09  1.35e-10  6859s
 341   1.64760629e+00  1.64761180e+00  1.42e-05 2.69e-09  1.31e-10  6878s
 342   1.64760635e+00  1.64761180e+00  1.41e-05 2.72e-09  1.29e-10  6895s
 343   1.64760640e+00  1.64761179e+00  1.40e-05 1.25e-09  1.28e-10  6914s
 344   1.64760642e+00  1.64761179e+00  1.39e-05 1.32e-09  1.28e-10  6931s
 345   1.64760648e+00  1.64761180e+00  1.37e-05 1.02e-09  1.26e-10  6950s
 346   1.64760649e+00  1.64761180e+00  1.37e-05 1.02e-09  1.26e-10  6968s
 347   1.64760654e+00  1.64761181e+00  1.36e-05 1.20e-09  1.25e-10  6987s
 348   1.64760663e+00  1.64761180e+00  1.34e-05 1.47e-09  1.23e-10  7007s
 349   1.64760683e+00  1.64761183e+00  1.29e-05 1.43e-09  1.19e-10  7034s
 350   1.64760697e+00  1.64761183e+00  1.25e-05 1.36e-09  1.15e-10  7053s
 351   1.64760708e+00  1.64761183e+00  1.22e-05 4.18e-09  1.13e-10  7080s
 352   1.64760719e+00  1.64761185e+00  1.19e-05 2.86e-09  1.10e-10  7097s
 353   1.64760722e+00  1.64761184e+00  1.18e-05 9.10e-09  1.10e-10  7109s
 354   1.64760726e+00  1.64761185e+00  1.17e-05 8.38e-09  1.09e-10  7131s
 355   1.64760737e+00  1.64761184e+00  1.15e-05 3.44e-09  1.06e-10  7155s
 356   1.64760747e+00  1.64761183e+00  1.12e-05 3.50e-09  1.04e-10  7179s
 357   1.64760753e+00  1.64761182e+00  1.10e-05 2.43e-09  1.02e-10  7207s
 358   1.64760862e+00  1.64761180e+00  1.83e-05 2.28e-09  7.56e-11  7223s
 359   1.64760863e+00  1.64761180e+00  1.83e-05 2.36e-09  7.52e-11  7239s
 360   1.64760869e+00  1.64761178e+00  1.79e-05 1.71e-09  7.37e-11  7257s
 361   1.64760871e+00  1.64761178e+00  1.78e-05 1.65e-09  7.33e-11  7276s
 362   1.64760871e+00  1.64761177e+00  1.78e-05 1.65e-09  7.31e-11  7306s
 363   1.64760874e+00  1.64761183e+00  1.77e-05 2.16e-09  7.33e-11  7333s
 364   1.64760882e+00  1.64761180e+00  1.72e-05 1.65e-09  7.11e-11  7347s
 365   1.64760889e+00  1.64761178e+00  1.67e-05 1.26e-09  6.90e-11  7366s
 366   1.64760890e+00  1.64761178e+00  1.67e-05 3.48e-09  6.89e-11  7396s
 367   1.64760890e+00  1.64761180e+00  1.67e-05 2.21e-09  6.92e-11  7429s
 368   1.64760895e+00  1.64761176e+00  1.64e-05 1.32e-09  6.76e-11  7455s
 369   1.64760898e+00  1.64761175e+00  1.63e-05 1.96e-09  6.68e-11  7478s
 370   1.64760901e+00  1.64761175e+00  1.61e-05 2.89e-09  6.61e-11  7495s
 371   1.64760906e+00  1.64761172e+00  1.57e-05 1.55e-09  6.45e-11  7521s
 372   1.64760908e+00  1.64761172e+00  1.56e-05 2.36e-09  6.39e-11  7540s
 373   1.64760908e+00  1.64761172e+00  1.56e-05 2.34e-09  6.39e-11  7552s
 374   1.64760911e+00  1.64761172e+00  1.54e-05 2.27e-09  6.33e-11  7569s
 375   1.64760911e+00  1.64761172e+00  1.54e-05 1.97e-09  6.32e-11  7596s

Barrier solved model in 375 iterations and 7595.76 seconds (4450.82 work units)
Optimal objective 1.64760697e+00

