Set parameter Username
Academic license - for non-commercial use only - expires 2027-02-09
Set parameter Threads to value 4
Set parameter Method to value 2
Set parameter BarOrder to value 1
Set parameter BarHomogeneous to value 1
Set parameter NumericFocus to value 2
Set parameter Crossover to value 0
Gurobi Optimizer version 9.5.1 build v9.5.1rc2 (linux64)
Thread count: 32 physical cores, 64 logical processors, using up to 4 threads
Optimize a model with 13593009 rows, 19583789 columns and 98431905 nonzeros
Model fingerprint: 0x6c6f9731
Coefficient statistics:
  Matrix range     [7e-05, 3e+00]
  Objective range  [1e+00, 1e+00]
  Bounds range     [0e+00, 0e+00]
  RHS range        [1e-03, 1e+00]
Presolve removed 268037 rows and 0 columns (presolve time = 8s) ...
Presolve removed 3177812 rows and 16705039 columns (presolve time = 11s) ...
Presolve removed 3177812 rows and 16905099 columns (presolve time = 16s) ...
Presolve removed 3177812 rows and 16905099 columns (presolve time = 20s) ...
Presolve removed 5721103 rows and 16905099 columns (presolve time = 26s) ...
Presolve removed 5726004 rows and 16910000 columns (presolve time = 33s) ...
Presolve removed 6116700 rows and 17300696 columns (presolve time = 37s) ...
Presolve removed 6116700 rows and 17300696 columns (presolve time = 56s) ...
Presolve removed 6116702 rows and 17300697 columns (presolve time = 60s) ...
Presolve removed 6895157 rows and 17300697 columns (presolve time = 67s) ...
Presolve removed 6895157 rows and 17300697 columns (presolve time = 73s) ...
Presolve removed 6895157 rows and 17300697 columns
Presolve time: 75.09s
Presolved: 6697852 rows, 2283092 columns, 46477176 nonzeros
Elapsed ordering time = 5s
Elapsed ordering time = 11s
Elapsed ordering time = 15s
Ordering time: 16.95s

Barrier statistics:
 Dense cols : 425
 AA' NZ     : 2.881e+08
 Factor NZ  : 4.338e+08 (roughly 7.0 GB of memory)
 Factor Ops : 4.875e+10 (roughly 2 seconds per iteration)
 Threads    : 4

                  Objective                Residual
Iter       Primal          Dual         Primal    Dual     Compl     Time
   0   3.36746615e+00  1.25000000e+02  1.00e+08 6.25e-02  1.00e+06  3463s
   1   4.73072455e+00  5.69609289e+06  8.90e+07 6.19e+02  8.66e+05  3484s
   2   4.14712902e+00  8.40368923e+06  6.87e+07 3.65e+02  5.91e+05  3513s
   3   1.41816329e+01  8.15125785e+06  5.68e+07 2.22e+02  4.52e+05  3550s
   4   5.82256038e+00  9.96325183e+05  5.24e+06 2.67e+01  6.80e+03  3591s
   5   3.83836637e+00  1.54760273e+05  1.24e+06 3.96e+00  3.64e+02  3638s
   6   3.33435695e+00  3.16374576e+04  5.22e+05 7.97e-01  5.70e+01  3692s
   7   3.14030544e+00  1.53428338e+04  3.30e+05 3.80e-01  2.51e+01  3731s
   8   2.97627446e+00  8.28784005e+03  1.95e+05 2.10e-01  1.16e+01  3775s
   9   2.91165996e+00  4.24442072e+03  1.55e+05 1.11e-01  7.41e+00  3809s
  10   2.82498421e+00  2.53221135e+03  1.10e+05 6.54e-02  4.69e+00  3835s
  11   2.53685610e+00  1.22184048e+03  7.72e+04 3.07e-02  3.01e+00  3870s
  12   2.32956734e+00  7.98641360e+02  5.65e+04 1.97e-02  2.13e+00  3908s
  13   2.18903157e+00  5.35378383e+02  4.14e+04 1.38e-02  1.52e+00  3944s
  14   2.13322268e+00  4.44957284e+02  3.24e+04 1.20e-02  1.18e+00  3971s
  15   2.15837524e+00  3.53088733e+02  2.74e+04 9.41e-03  9.85e-01  3998s
  16   2.19911831e+00  2.54312775e+02  1.88e+04 6.91e-03  6.68e-01  4026s
  17   2.28925312e+00  1.17437658e+02  1.31e+04 3.06e-03  4.43e-01  4062s
  18   2.39782922e+00  6.36716159e+01  5.03e+03 1.61e-03  1.68e-01  4104s
  19   2.42104267e+00  3.78378794e+01  3.03e+03 9.18e-04  9.44e-02  4141s
  20   2.44490499e+00  3.10320100e+01  2.13e+03 7.35e-04  6.33e-02  4173s
  21   2.49769428e+00  2.23054058e+01  1.66e+03 5.02e-04  4.35e-02  4201s
  22   2.54852756e+00  1.62166673e+01  9.69e+02 3.37e-04  2.07e-02  4228s
  23   2.55082781e+00  1.12679534e+01  5.58e+02 2.12e-04  8.93e-03  4261s
  24   2.52054167e+00  1.00848428e+01  3.93e+02 1.83e-04  5.83e-03  4306s
  25   2.50483328e+00  9.69143443e+00  3.67e+02 1.74e-04  5.39e-03  4344s
  26   2.21900610e+00  6.92544940e+00  2.81e+02 1.15e-04  3.54e-03  4399s
  27   1.87312922e+00  3.68838437e+00  1.30e+02 4.28e-05  1.03e-03  4451s
  28   1.70913709e+00  2.39041100e+00  5.47e+01 1.66e-05  2.44e-04  4497s
  29   1.65209042e+00  2.05302256e+00  2.87e+01 9.70e-06  9.27e-05  4540s
  30   1.62588679e+00  1.92196909e+00  1.59e+01 6.94e-06  4.42e-05  4591s
  31   1.62404023e+00  1.86293694e+00  1.50e+01 5.69e-06  3.69e-05  4624s
  32   1.61778810e+00  1.82214183e+00  1.21e+01 4.82e-06  2.75e-05  4664s
  33   1.61235081e+00  1.79666009e+00  8.79e+00 4.26e-06  1.96e-05  4716s
  34   1.60686661e+00  1.75743597e+00  5.08e+00 3.38e-06  1.12e-05  4766s
  35   1.60770854e+00  1.73062323e+00  3.46e+00 2.80e-06  7.62e-06  4817s
  36   1.60606436e+00  1.69961132e+00  2.43e+00 2.12e-06  5.18e-06  4869s
  37   1.60564503e+00  1.68807969e+00  1.92e+00 1.85e-06  4.21e-06  4923s
  38   1.60634225e+00  1.68013996e+00  1.76e+00 1.67e-06  3.81e-06  4977s
  39   1.60811945e+00  1.67052958e+00  1.53e+00 1.42e-06  3.27e-06  5039s
  40   1.60908759e+00  1.66421588e+00  1.26e+00 1.25e-06  2.82e-06  5101s
  41   1.60923399e+00  1.65907224e+00  1.16e+00 1.13e-06  2.60e-06  5146s
  42   1.60919103e+00  1.65485001e+00  1.13e+00 1.03e-06  2.47e-06  5218s
  43   1.60913102e+00  1.64971094e+00  1.02e+00 9.18e-07  2.24e-06  5284s
  44   1.60719330e+00  1.64489588e+00  8.93e-01 8.08e-07  2.02e-06  5359s
  45   1.60801409e+00  1.64041466e+00  7.92e-01 6.94e-07  1.79e-06  5434s
  46   1.60579365e+00  1.63669094e+00  7.24e-01 5.96e-07  1.62e-06  5502s
  47   1.60682163e+00  1.63600732e+00  6.43e-01 5.67e-07  1.50e-06  5592s
  48   1.60717007e+00  1.63383638e+00  6.00e-01 4.93e-07  1.37e-06  5684s
  49   1.60785419e+00  1.63366199e+00  5.35e-01 4.78e-07  1.28e-06  5778s
  50   1.60806461e+00  1.63279164e+00  5.12e-01 4.44e-07  1.21e-06  5875s
  51   1.60884606e+00  1.63302197e+00  4.73e-01 4.30e-07  1.15e-06  5978s
  52   1.61009559e+00  1.63271200e+00  4.31e-01 3.89e-07  1.05e-06  6077s
  53   1.61070957e+00  1.63279431e+00  4.00e-01 3.73e-07  9.90e-07  6178s
  54   1.61169744e+00  1.63265945e+00  3.71e-01 3.56e-07  9.33e-07  6287s
  55   1.61227164e+00  1.63263470e+00  3.57e-01 3.47e-07  9.03e-07  6400s
  56   1.61300373e+00  1.63250767e+00  3.31e-01 3.34e-07  8.58e-07  6516s
  57   1.61354391e+00  1.63252867e+00  3.22e-01 3.27e-07  8.36e-07  6594s
  58   1.61424742e+00  1.63245257e+00  3.01e-01 3.12e-07  7.92e-07  6704s
  59   1.61482085e+00  1.63246302e+00  2.89e-01 2.96e-07  7.55e-07  6824s
  60   1.61593447e+00  1.63247794e+00  2.63e-01 2.87e-07  7.11e-07  6919s
  61   1.61696610e+00  1.63284064e+00  2.39e-01 2.74e-07  6.66e-07  7051s
  62   1.61729124e+00  1.63292538e+00  2.35e-01 2.64e-07  6.46e-07  7157s
  63   1.61785736e+00  1.63287740e+00  2.21e-01 2.58e-07  6.22e-07  7304s
  64   1.61803801e+00  1.63289923e+00  2.14e-01 2.49e-07  6.03e-07  7427s
  65   1.61844611e+00  1.63286231e+00  2.05e-01 2.40e-07  5.80e-07  7569s
  66   1.61875661e+00  1.63282116e+00  1.98e-01 2.34e-07  5.64e-07  7727s
  67   1.61893361e+00  1.63278279e+00  1.89e-01 2.30e-07  5.48e-07  7903s
  68   1.61920954e+00  1.63273370e+00  1.82e-01 2.20e-07  5.28e-07  8097s
  69   1.61980219e+00  1.63255444e+00  1.73e-01 2.09e-07  5.00e-07  8266s
  70   1.61997436e+00  1.63249051e+00  1.68e-01 2.00e-07  4.84e-07  8380s
  71   1.62104065e+00  1.63246981e+00  1.48e-01 1.96e-07  4.54e-07  8502s
  72   1.62126463e+00  1.63268494e+00  1.44e-01 1.82e-07  4.31e-07  8685s
  73   1.62207075e+00  1.63282019e+00  1.32e-01 1.74e-07  4.05e-07  8862s
  74   1.62248698e+00  1.63313382e+00  1.26e-01 1.61e-07  3.82e-07  9022s
  75   1.62274723e+00  1.63329899e+00  1.23e-01 1.54e-07  3.68e-07  9225s
  76   1.62275125e+00  1.63329665e+00  1.22e-01 1.54e-07  3.64e-07  9327s
  77   1.62288251e+00  1.63339881e+00  1.21e-01 1.57e-07  3.55e-07  9443s
  78   1.62297867e+00  1.63346903e+00  1.20e-01 1.53e-07  3.49e-07  9497s
  79   1.62342275e+00  1.63351734e+00  1.16e-01 1.63e-07  3.39e-07  9625s
  80   1.62342778e+00  1.63351793e+00  1.16e-01 1.63e-07  3.39e-07  9657s
  81   1.62342797e+00  1.63351787e+00  1.16e-01 1.63e-07  3.39e-07  9699s
  82   1.62343516e+00  1.63351955e+00  1.16e-01 1.63e-07  3.38e-07  9783s
  83   1.62349608e+00  1.63356394e+00  1.16e-01 1.66e-07  3.34e-07  9842s
  84   1.62361836e+00  1.63361554e+00  1.15e-01 1.66e-07  3.29e-07  9919s
  85   1.62364441e+00  1.63363329e+00  1.14e-01 1.67e-07  3.27e-07  9986s
  86   1.62371628e+00  1.63365724e+00  1.14e-01 1.62e-07  3.25e-07  10088s
  87   1.62371699e+00  1.63365913e+00  1.14e-01 1.62e-07  3.25e-07  10135s
  88   1.62382034e+00  1.63366621e+00  1.13e-01 1.62e-07  3.23e-07  10188s
  89   1.62381976e+00  1.63364919e+00  1.13e-01 1.62e-07  3.23e-07  10235s
  90   1.62383829e+00  1.63369288e+00  1.13e-01 1.53e-07  3.20e-07  10314s
  91   1.62385359e+00  1.63372382e+00  1.13e-01 1.49e-07  3.18e-07  10363s
  92   1.62401617e+00  1.63377115e+00  1.11e-01 1.46e-07  3.14e-07  10426s
  93   1.62422446e+00  1.63383231e+00  1.09e-01 1.44e-07  3.08e-07  10506s
  94   1.62427042e+00  1.63388346e+00  1.09e-01 1.39e-07  3.06e-07  10582s
  95   1.62435742e+00  1.63394169e+00  1.08e-01 1.38e-07  3.02e-07  10626s
  96   1.62435756e+00  1.63392818e+00  1.08e-01 1.37e-07  3.02e-07  10686s
  97   1.62435924e+00  1.63392847e+00  1.08e-01 1.37e-07  3.01e-07  10752s
  98   1.62448640e+00  1.63396575e+00  1.07e-01 1.38e-07  2.98e-07  10805s
  99   1.62474103e+00  1.63402974e+00  1.05e-01 1.35e-07  2.93e-07  10898s
 100   1.62540072e+00  1.63407799e+00  9.89e-02 1.33e-07  2.83e-07  10977s
 101   1.62550218e+00  1.63427079e+00  9.82e-02 1.24e-07  2.76e-07  11115s
 102   1.62550819e+00  1.63430420e+00  9.82e-02 1.24e-07  2.74e-07  11194s
 103   1.62557834e+00  1.63438103e+00  9.76e-02 1.21e-07  2.71e-07  11272s
 104   1.62561627e+00  1.63440760e+00  9.74e-02 1.21e-07  2.70e-07  11332s
 105   1.62561625e+00  1.63440559e+00  9.73e-02 1.21e-07  2.70e-07  11381s
 106   1.62563835e+00  1.63455619e+00  9.72e-02 1.18e-07  2.65e-07  11536s
 107   1.62619831e+00  1.63461742e+00  9.31e-02 1.14e-07  2.58e-07  11592s
 108   1.62625703e+00  1.63470289e+00  9.28e-02 1.13e-07  2.56e-07  11659s
 109   1.62680956e+00  1.63489455e+00  8.91e-02 1.22e-07  2.47e-07  11759s
 110   1.62681881e+00  1.63491103e+00  8.90e-02 1.22e-07  2.47e-07  11803s
 111   1.62698493e+00  1.63506269e+00  8.80e-02 1.25e-07  2.43e-07  11891s
 112   1.62698702e+00  1.63506397e+00  8.80e-02 1.25e-07  2.43e-07  11937s
 113   1.62698835e+00  1.63506458e+00  8.80e-02 1.25e-07  2.43e-07  11994s
 114   1.62702919e+00  1.63506675e+00  8.77e-02 1.25e-07  2.43e-07  12062s
 115   1.62703188e+00  1.63507391e+00  8.77e-02 1.26e-07  2.42e-07  12127s
 116   1.62779467e+00  1.63539493e+00  8.34e-02 1.20e-07  2.31e-07  12222s
 117   1.62782298e+00  1.63541179e+00  8.32e-02 1.20e-07  2.30e-07  12263s
 118   1.62796267e+00  1.63571341e+00  8.25e-02 1.14e-07  2.25e-07  12384s
 119   1.62837975e+00  1.63596742e+00  8.01e-02 1.11e-07  2.18e-07  12457s
 120   1.62839280e+00  1.63598873e+00  8.01e-02 1.10e-07  2.18e-07  12505s
 121   1.62845625e+00  1.63625024e+00  7.97e-02 1.15e-07  2.14e-07  12633s
 122   1.62846630e+00  1.63627183e+00  7.97e-02 1.13e-07  2.14e-07  12720s
 123   1.62856883e+00  1.63642137e+00  7.92e-02 1.10e-07  2.12e-07  12775s
 124   1.62915649e+00  1.63666164e+00  7.61e-02 1.13e-07  2.05e-07  12859s
 125   1.62939227e+00  1.63683684e+00  7.49e-02 1.10e-07  2.01e-07  12913s
 126   1.62940285e+00  1.63685306e+00  7.49e-02 1.10e-07  2.01e-07  12990s
 127   1.62957796e+00  1.63707644e+00  7.40e-02 1.10e-07  1.97e-07  13060s
 128   1.62964451e+00  1.63723297e+00  7.36e-02 1.09e-07  1.95e-07  13125s
 129   1.62979830e+00  1.63740679e+00  7.29e-02 1.07e-07  1.91e-07  13188s
 130   1.62985511e+00  1.63741989e+00  7.26e-02 1.07e-07  1.91e-07  13238s
 131   1.62985670e+00  1.63742971e+00  7.26e-02 1.06e-07  1.91e-07  13295s
 132   1.62985709e+00  1.63743121e+00  7.26e-02 1.07e-07  1.91e-07  13336s
 133   1.63026935e+00  1.63762610e+00  7.06e-02 1.06e-07  1.85e-07  13397s
 134   1.63047368e+00  1.63783022e+00  6.96e-02 1.05e-07  1.82e-07  13501s
 135   1.63061657e+00  1.63795885e+00  6.89e-02 1.03e-07  1.80e-07  13554s
 136   1.63062105e+00  1.63796122e+00  6.89e-02 1.03e-07  1.80e-07  13603s
 137   1.63063897e+00  1.63801740e+00  6.88e-02 1.03e-07  1.80e-07  13653s
 138   1.63124171e+00  1.63827409e+00  6.62e-02 1.03e-07  1.73e-07  13756s
 139   1.63124298e+00  1.63827773e+00  6.63e-02 1.03e-07  1.74e-07  13807s
 140   1.63160109e+00  1.63855371e+00  6.46e-02 9.43e-08  1.69e-07  13981s
 141   1.63161703e+00  1.63855591e+00  6.46e-02 9.41e-08  1.68e-07  14039s
 142   1.63166448e+00  1.63859545e+00  6.43e-02 9.44e-08  1.68e-07  14085s
 143   1.63166911e+00  1.63859934e+00  6.43e-02 9.45e-08  1.68e-07  14134s
 144   1.63167206e+00  1.63860125e+00  6.43e-02 9.38e-08  1.68e-07  14183s
 145   1.63214704e+00  1.63880915e+00  6.23e-02 9.80e-08  1.63e-07  14254s
 146   1.63228387e+00  1.63887013e+00  6.16e-02 9.45e-08  1.61e-07  14295s
 147   1.63228739e+00  1.63889979e+00  6.16e-02 9.26e-08  1.61e-07  14355s
 148   1.63229085e+00  1.63889668e+00  6.16e-02 9.29e-08  1.60e-07  14421s
 149   1.63271458e+00  1.63901451e+00  5.96e-02 9.50e-08  1.56e-07  14483s
 150   1.63276178e+00  1.63908354e+00  5.94e-02 9.45e-08  1.55e-07  14566s
 151   1.63276495e+00  1.63910715e+00  5.93e-02 9.50e-08  1.55e-07  14620s
 152   1.63306048e+00  1.63926807e+00  5.80e-02 9.27e-08  1.51e-07  14671s
 153   1.63308044e+00  1.63927563e+00  5.79e-02 9.26e-08  1.51e-07  14722s
 154   1.63380004e+00  1.63945181e+00  5.50e-02 9.49e-08  1.45e-07  14840s
 155   1.63422415e+00  1.63954283e+00  5.32e-02 9.37e-08  1.41e-07  14910s
 156   1.63466166e+00  1.63972838e+00  5.12e-02 8.11e-08  1.37e-07  14991s
 157   1.63466166e+00  1.63973208e+00  5.12e-02 8.10e-08  1.37e-07  15036s
 158   1.63560497e+00  1.64055085e+00  4.68e-02 8.38e-08  1.24e-07  15131s
 159   1.63615154e+00  1.64078025e+00  4.44e-02 8.23e-08  1.18e-07  15199s
 160   1.63621166e+00  1.64080838e+00  4.41e-02 8.25e-08  1.17e-07  15243s
 161   1.63628409e+00  1.64093655e+00  4.37e-02 7.71e-08  1.15e-07  15305s
 162   1.63660309e+00  1.64105492e+00  4.23e-02 7.72e-08  1.12e-07  15359s
 163   1.63665153e+00  1.64111462e+00  4.21e-02 7.79e-08  1.11e-07  15398s
 164   1.63676936e+00  1.64115460e+00  4.15e-02 7.82e-08  1.10e-07  15451s
 165   1.63705700e+00  1.64128733e+00  4.03e-02 7.62e-08  1.07e-07  15521s
 166   1.63731533e+00  1.64152116e+00  3.92e-02 7.31e-08  1.04e-07  15600s
 167   1.63734055e+00  1.64158493e+00  3.91e-02 7.88e-08  1.03e-07  15646s
 168   1.63745343e+00  1.64167526e+00  3.84e-02 8.04e-08  1.01e-07  15739s
 169   1.63769851e+00  1.64176741e+00  3.73e-02 7.95e-08  9.81e-08  15806s
 170   1.63771142e+00  1.64177023e+00  3.72e-02 7.95e-08  9.80e-08  15842s
 171   1.63805186e+00  1.64194169e+00  3.49e-02 7.31e-08  9.23e-08  15952s
 172   1.63817474e+00  1.64201743e+00  3.41e-02 7.08e-08  8.92e-08  16022s
 173   1.63829972e+00  1.64213174e+00  3.33e-02 6.32e-08  8.41e-08  16104s
 174   1.63831681e+00  1.64227383e+00  3.32e-02 5.91e-08  8.20e-08  16161s
 175   1.63843657e+00  1.64235541e+00  3.26e-02 5.72e-08  8.01e-08  16217s
 176   1.63844076e+00  1.64259191e+00  3.25e-02 5.25e-08  7.90e-08  16287s
 177   1.63846701e+00  1.64265005e+00  3.24e-02 5.12e-08  7.82e-08  16335s
 178   1.63847963e+00  1.64279882e+00  3.24e-02 4.95e-08  7.74e-08  16425s
 179   1.63854791e+00  1.64300967e+00  3.21e-02 5.14e-08  7.67e-08  16489s
 180   1.63854798e+00  1.64301011e+00  3.21e-02 5.14e-08  7.67e-08  16547s
 181   1.63859628e+00  1.64313861e+00  3.19e-02 4.82e-08  7.53e-08  16624s
 182   1.63864944e+00  1.64317604e+00  3.16e-02 4.71e-08  7.43e-08  16690s
 183   1.63939533e+00  1.64324235e+00  2.89e-02 4.62e-08  6.88e-08  16754s
 184   1.63959629e+00  1.64338725e+00  2.81e-02 4.40e-08  6.67e-08  16831s
 185   1.63980829e+00  1.64344373e+00  2.73e-02 4.31e-08  6.51e-08  16885s
 186   1.63982049e+00  1.64348066e+00  2.72e-02 4.19e-08  6.48e-08  16940s
 187   1.63988480e+00  1.64350668e+00  2.69e-02 4.16e-08  6.40e-08  17017s
 188   1.64013083e+00  1.64372534e+00  2.60e-02 3.92e-08  6.14e-08  17073s
 189   1.64014687e+00  1.64378001e+00  2.60e-02 3.75e-08  6.09e-08  17123s
 190   1.64015785e+00  1.64389741e+00  2.59e-02 3.41e-08  6.03e-08  17221s
 191   1.64016345e+00  1.64393485e+00  2.59e-02 3.34e-08  6.01e-08  17284s
 192   1.64021922e+00  1.64398516e+00  2.57e-02 3.25e-08  5.94e-08  17349s
 193   1.64022229e+00  1.64399218e+00  2.57e-02 3.23e-08  5.94e-08  17392s
 194   1.64025407e+00  1.64402290e+00  2.55e-02 3.21e-08  5.90e-08  17461s
 195   1.64026932e+00  1.64407214e+00  2.55e-02 3.23e-08  5.86e-08  17519s
 196   1.64030272e+00  1.64410650e+00  2.53e-02 3.20e-08  5.82e-08  17588s
 197   1.64038749e+00  1.64418245e+00  2.50e-02 3.09e-08  5.72e-08  17663s
 198   1.64046030e+00  1.64435465e+00  2.47e-02 2.91e-08  5.59e-08  17781s
 199   1.64050366e+00  1.64437724e+00  2.46e-02 2.82e-08  5.55e-08  17828s
 200   1.64053313e+00  1.64438210e+00  2.44e-02 2.80e-08  5.52e-08  17880s
 201   1.64054910e+00  1.64446390e+00  2.44e-02 2.74e-08  5.47e-08  17957s
 202   1.64055318e+00  1.64449373e+00  2.44e-02 2.77e-08  5.45e-08  18053s
 203   1.64055345e+00  1.64449414e+00  2.44e-02 2.76e-08  5.45e-08  18095s
 204   1.64065026e+00  1.64453903e+00  2.40e-02 2.70e-08  5.36e-08  18146s
 205   1.64071092e+00  1.64459803e+00  2.38e-02 2.61e-08  5.29e-08  18304s
 206   1.64071330e+00  1.64464668e+00  2.37e-02 2.59e-08  5.27e-08  18409s
 207   1.64071492e+00  1.64464697e+00  2.37e-02 2.66e-08  5.26e-08  18447s
 208   1.64089346e+00  1.64474097e+00  2.30e-02 2.53e-08  5.09e-08  18495s
 209   1.64093675e+00  1.64475663e+00  2.29e-02 2.46e-08  5.05e-08  18561s
 210   1.64094426e+00  1.64475949e+00  2.28e-02 2.36e-08  5.04e-08  18620s
 211   1.64095254e+00  1.64477271e+00  2.28e-02 2.37e-08  5.03e-08  18677s
 212   1.64103822e+00  1.64485297e+00  2.25e-02 2.28e-08  4.94e-08  18772s
 213   1.64108166e+00  1.64494216e+00  2.23e-02 2.16e-08  4.86e-08  18833s
 214   1.64108244e+00  1.64494942e+00  2.23e-02 2.77e-08  4.86e-08  18916s
 215   1.64201426e+00  1.64517379e+00  1.90e-02 2.51e-08  4.29e-08  19007s
 216   1.64201695e+00  1.64518876e+00  1.90e-02 2.44e-08  4.28e-08  19080s
 217   1.64220896e+00  1.64520814e+00  1.83e-02 2.51e-08  4.14e-08  19158s
 218   1.64224705e+00  1.64522743e+00  1.81e-02 2.38e-08  4.10e-08  19251s
 219   1.64226060e+00  1.64524610e+00  1.81e-02 2.35e-08  4.08e-08  19291s
 220   1.64228768e+00  1.64525160e+00  1.80e-02 2.30e-08  4.06e-08  19340s
 221   1.64232735e+00  1.64527557e+00  1.78e-02 2.29e-08  4.02e-08  19417s
 222   1.64233408e+00  1.64528475e+00  1.78e-02 2.27e-08  4.01e-08  19456s
 223   1.64234342e+00  1.64529592e+00  1.78e-02 2.25e-08  4.00e-08  19533s
 224   1.64235456e+00  1.64530493e+00  1.77e-02 2.24e-08  3.99e-08  19654s
 225   1.64236531e+00  1.64535132e+00  1.77e-02 2.11e-08  3.98e-08  19782s
 226   1.64239996e+00  1.64542406e+00  1.75e-02 2.03e-08  3.92e-08  19840s
 227   1.64240735e+00  1.64544336e+00  1.75e-02 2.12e-08  3.90e-08  19905s
 228   1.64246937e+00  1.64545513e+00  1.73e-02 2.12e-08  3.85e-08  19981s
 229   1.64248518e+00  1.64547427e+00  1.72e-02 2.05e-08  3.83e-08  20032s
 230   1.64248630e+00  1.64547934e+00  1.72e-02 2.00e-08  3.83e-08  20103s
 231   1.64252285e+00  1.64552448e+00  1.71e-02 1.89e-08  3.78e-08  20169s
 232   1.64253025e+00  1.64553862e+00  1.70e-02 1.87e-08  3.77e-08  20238s
 233   1.64253836e+00  1.64555827e+00  1.70e-02 1.88e-08  3.76e-08  20285s
 234   1.64254187e+00  1.64557244e+00  1.70e-02 1.93e-08  3.75e-08  20379s
 235   1.64254371e+00  1.64558125e+00  1.70e-02 2.57e-08  3.75e-08  20416s
 236   1.64254813e+00  1.64559516e+00  1.70e-02 2.55e-08  3.75e-08  20477s
 237   1.64255724e+00  1.64562069e+00  1.69e-02 2.49e-08  3.73e-08  20539s
 238   1.64255814e+00  1.64562523e+00  1.69e-02 2.54e-08  3.73e-08  20585s
 239   1.64261802e+00  1.64563891e+00  1.67e-02 2.50e-08  3.68e-08  20643s
 240   1.64264868e+00  1.64565178e+00  1.66e-02 2.45e-08  3.66e-08  20725s
 241   1.64264878e+00  1.64565171e+00  1.66e-02 2.45e-08  3.65e-08  20798s
 242   1.64265388e+00  1.64566582e+00  1.66e-02 2.41e-08  3.64e-08  20843s
 243   1.64265450e+00  1.64566686e+00  1.66e-02 2.38e-08  3.64e-08  20889s
 244   1.64265547e+00  1.64567671e+00  1.66e-02 2.40e-08  3.63e-08  20972s
 245   1.64268048e+00  1.64568399e+00  1.65e-02 2.51e-08  3.61e-08  21010s
 246   1.64268124e+00  1.64569895e+00  1.65e-02 2.57e-08  3.60e-08  21084s
 247   1.64274448e+00  1.64572616e+00  1.62e-02 2.59e-08  3.56e-08  21164s
 248   1.64276353e+00  1.64573618e+00  1.62e-02 2.70e-08  3.54e-08  21217s
 249   1.64276650e+00  1.64573929e+00  1.62e-02 2.64e-08  3.55e-08  21254s
 250   1.64277788e+00  1.64575361e+00  1.61e-02 2.65e-08  3.53e-08  21308s
 251   1.64326751e+00  1.64581800e+00  1.43e-02 2.59e-08  3.19e-08  21402s
 252   1.64326837e+00  1.64582167e+00  1.43e-02 2.69e-08  3.19e-08  21450s
 253   1.64328724e+00  1.64582703e+00  1.42e-02 2.67e-08  3.17e-08  21529s
 254   1.64330920e+00  1.64583665e+00  1.41e-02 2.81e-08  3.15e-08  21598s
 255   1.64332527e+00  1.64586642e+00  1.40e-02 2.84e-08  3.12e-08  21664s
 256   1.64334084e+00  1.64587088e+00  1.40e-02 2.84e-08  3.11e-08  21738s
 257   1.64335172e+00  1.64587677e+00  1.39e-02 2.93e-08  3.10e-08  21791s
 258   1.64335175e+00  1.64587648e+00  1.39e-02 2.89e-08  3.10e-08  21835s
 259   1.64335315e+00  1.64588220e+00  1.39e-02 2.93e-08  3.09e-08  21911s
 260   1.64335969e+00  1.64589134e+00  1.39e-02 3.01e-08  3.09e-08  21963s
 261   1.64336581e+00  1.64589480e+00  1.39e-02 3.09e-08  3.08e-08  22012s
 262   1.64338403e+00  1.64589908e+00  1.38e-02 3.14e-08  3.06e-08  22061s
 263   1.64340524e+00  1.64590648e+00  1.37e-02 3.14e-08  3.05e-08  22124s
 264   1.64340537e+00  1.64590677e+00  1.37e-02 3.14e-08  3.05e-08  22164s
 265   1.64340812e+00  1.64591338e+00  1.37e-02 3.34e-08  3.04e-08  22232s
 266   1.64343044e+00  1.64592107e+00  1.36e-02 3.35e-08  3.03e-08  22295s
 267   1.64344034e+00  1.64593161e+00  1.36e-02 3.39e-08  3.01e-08  22360s
 268   1.64345250e+00  1.64593574e+00  1.35e-02 3.46e-08  3.00e-08  22420s
 269   1.64346496e+00  1.64594358e+00  1.35e-02 3.57e-08  2.99e-08  22476s
 270   1.64346525e+00  1.64594700e+00  1.35e-02 3.62e-08  2.99e-08  22543s
 271   1.64346561e+00  1.64594760e+00  1.35e-02 3.74e-08  2.99e-08  22592s
 272   1.64346563e+00  1.64594767e+00  1.35e-02 3.73e-08  2.99e-08  22633s
 273   1.64350775e+00  1.64595323e+00  1.33e-02 3.81e-08  2.95e-08  22688s
 274   1.64350777e+00  1.64595296e+00  1.33e-02 3.73e-08  2.95e-08  22747s
 275   1.64350988e+00  1.64595883e+00  1.33e-02 3.78e-08  2.95e-08  22822s
 276   1.64353789e+00  1.64596266e+00  1.32e-02 3.77e-08  2.92e-08  22977s
 277   1.64356594e+00  1.64596924e+00  1.31e-02 3.79e-08  2.90e-08  23016s
 278   1.64356778e+00  1.64597755e+00  1.31e-02 3.87e-08  2.89e-08  23067s
 279   1.64356589e+00  1.64597996e+00  1.31e-02 3.86e-08  2.90e-08  23123s
 280   1.64357685e+00  1.64598626e+00  1.30e-02 3.88e-08  2.89e-08  23192s
 281   1.64358276e+00  1.64599465e+00  1.30e-02 3.96e-08  2.88e-08  23266s
 282   1.64358563e+00  1.64600077e+00  1.30e-02 4.02e-08  2.88e-08  23297s
 283   1.64358609e+00  1.64600254e+00  1.30e-02 3.96e-08  2.87e-08  23337s
 284   1.64359122e+00  1.64601077e+00  1.30e-02 3.96e-08  2.86e-08  23426s
 285   1.64360092e+00  1.64602162e+00  1.29e-02 3.96e-08  2.85e-08  23486s
 286   1.64361504e+00  1.64603040e+00  1.29e-02 4.05e-08  2.84e-08  23530s
 287   1.64361516e+00  1.64602991e+00  1.29e-02 3.96e-08  2.84e-08  23588s
 288   1.64362583e+00  1.64603600e+00  1.29e-02 3.96e-08  2.83e-08  23645s
 289   1.64362762e+00  1.64603774e+00  1.28e-02 3.97e-08  2.83e-08  23692s
 290   1.64363970e+00  1.64604471e+00  1.28e-02 4.01e-08  2.81e-08  23766s
 291   1.64364539e+00  1.64605309e+00  1.28e-02 4.07e-08  2.80e-08  23818s
 292   1.64364564e+00  1.64605465e+00  1.28e-02 4.06e-08  2.80e-08  23881s
 293   1.64397119e+00  1.64606563e+00  1.15e-02 4.10e-08  2.58e-08  23933s
 294   1.64398876e+00  1.64607556e+00  1.14e-02 4.07e-08  2.56e-08  24002s
 295   1.64399494e+00  1.64608737e+00  1.14e-02 4.17e-08  2.55e-08  24041s
 296   1.64399590e+00  1.64609428e+00  1.14e-02 4.15e-08  2.55e-08  24090s
 297   1.64401712e+00  1.64610368e+00  1.13e-02 4.19e-08  2.52e-08  24153s
 298   1.64402688e+00  1.64611509e+00  1.13e-02 4.29e-08  2.51e-08  24209s
 299   1.64402997e+00  1.64613200e+00  1.13e-02 4.21e-08  2.49e-08  24322s
 300   1.64404248e+00  1.64614116e+00  1.12e-02 4.13e-08  2.48e-08  24381s
 301   1.64410918e+00  1.64616720e+00  1.10e-02 5.02e-08  2.46e-08  24433s
 302   1.64416281e+00  1.64622490e+00  1.08e-02 4.48e-08  2.37e-08  24527s
 303   1.64419815e+00  1.64627995e+00  1.06e-02 3.88e-08  2.30e-08  24569s
 304   1.64419884e+00  1.64631216e+00  1.06e-02 3.48e-08  2.27e-08  24629s
 305   1.64419895e+00  1.64631241e+00  1.06e-02 3.46e-08  2.27e-08  24712s
 306   1.64421382e+00  1.64634329e+00  1.05e-02 3.05e-08  2.24e-08  24790s
 307   1.64422434e+00  1.64634759e+00  1.05e-02 3.13e-08  2.23e-08  24881s
 308   1.64427296e+00  1.64635978e+00  1.03e-02 3.03e-08  2.18e-08  24936s
 309   1.64431956e+00  1.64638096e+00  1.01e-02 2.82e-08  2.12e-08  24992s
 310   1.64434759e+00  1.64646416e+00  9.95e-03 1.87e-08  2.03e-08  25085s
 311   1.64442570e+00  1.64649260e+00  9.60e-03 1.38e-08  1.93e-08  25170s
 312   1.64442606e+00  1.64649235e+00  9.60e-03 1.36e-08  1.93e-08  25217s
 313   1.64447002e+00  1.64649865e+00  9.40e-03 1.28e-08  1.89e-08  25279s
 314   1.64447161e+00  1.64649919e+00  9.40e-03 1.22e-08  1.88e-08  25332s
 315   1.64448005e+00  1.64650444e+00  9.36e-03 1.18e-08  1.87e-08  25386s
 316   1.64448262e+00  1.64651035e+00  9.35e-03 1.08e-08  1.86e-08  25446s
 317   1.64448263e+00  1.64651042e+00  9.35e-03 1.07e-08  1.86e-08  25520s
 318   1.64449048e+00  1.64651188e+00  9.31e-03 1.22e-08  1.85e-08  25577s
 319   1.64449514e+00  1.64651529e+00  9.29e-03 1.20e-08  1.84e-08  25625s
 320   1.64454167e+00  1.64652397e+00  9.08e-03 9.53e-09  1.79e-08  25732s
 321   1.64455147e+00  1.64652479e+00  9.04e-03 9.10e-09  1.78e-08  25792s
 322   1.64462156e+00  1.64652817e+00  8.72e-03 8.10e-09  1.70e-08  25888s
 323   1.64462370e+00  1.64652815e+00  8.71e-03 8.04e-09  1.70e-08  25934s
 324   1.64462413e+00  1.64652812e+00  8.70e-03 1.21e-08  1.70e-08  25992s
 325   1.64463440e+00  1.64652972e+00  8.66e-03 1.29e-08  1.69e-08  26050s
 326   1.64463489e+00  1.64652972e+00  8.66e-03 1.29e-08  1.69e-08  26109s
 327   1.64463868e+00  1.64653020e+00  8.64e-03 1.43e-08  1.70e-08  26176s
 328   1.64464455e+00  1.64653034e+00  8.62e-03 1.43e-08  1.68e-08  26296s
 329   1.64475827e+00  1.64653004e+00  8.09e-03 1.47e-08  1.58e-08  26406s
 330   1.64482333e+00  1.64652930e+00  7.79e-03 1.45e-08  1.52e-08  26485s
 331   1.64482305e+00  1.64652932e+00  7.79e-03 1.39e-08  1.52e-08  26519s
 332   1.64483656e+00  1.64653079e+00  7.73e-03 1.29e-08  1.51e-08  26567s
 333   1.64488097e+00  1.64652928e+00  7.53e-03 1.18e-08  1.47e-08  26608s
 334   1.64489739e+00  1.64652891e+00  7.45e-03 1.16e-08  1.45e-08  26677s
 335   1.64490010e+00  1.64652837e+00  7.44e-03 1.17e-08  1.45e-08  26743s
 336   1.64490389e+00  1.64652820e+00  7.42e-03 1.18e-08  1.44e-08  26785s
 337   1.64493362e+00  1.64652778e+00  7.29e-03 1.16e-08  1.41e-08  26868s
 338   1.64498604e+00  1.64652516e+00  7.05e-03 9.68e-09  1.36e-08  26948s
 339   1.64498890e+00  1.64651974e+00  7.03e-03 7.53e-09  1.35e-08  27046s
 340   1.64499422e+00  1.64651786e+00  7.01e-03 6.70e-09  1.35e-08  27142s
 341   1.64500143e+00  1.64651545e+00  6.98e-03 5.91e-09  1.34e-08  27225s
 342   1.64500392e+00  1.64651541e+00  6.96e-03 6.57e-09  1.33e-08  27270s
 343   1.64500526e+00  1.64651874e+00  6.96e-03 6.34e-09  1.33e-08  27349s
 344   1.64500815e+00  1.64651827e+00  6.94e-03 6.49e-09  1.33e-08  27452s
 345   1.64506567e+00  1.64651702e+00  6.67e-03 7.14e-09  1.28e-08  27514s
 346   1.64506678e+00  1.64651667e+00  6.67e-03 8.29e-09  1.28e-08  27576s
 347   1.64507359e+00  1.64651620e+00  6.64e-03 9.43e-09  1.27e-08  27620s
 348   1.64514842e+00  1.64651243e+00  6.29e-03 7.59e-09  1.21e-08  27712s
 349   1.64518817e+00  1.64651219e+00  6.10e-03 8.81e-09  1.17e-08  27761s
 350   1.64524365e+00  1.64651135e+00  5.85e-03 8.79e-09  1.12e-08  27838s
 351   1.64524404e+00  1.64651121e+00  5.84e-03 9.11e-09  1.12e-08  27888s
 352   1.64526015e+00  1.64651194e+00  5.77e-03 1.06e-08  1.11e-08  27963s
 353   1.64526071e+00  1.64651180e+00  5.77e-03 1.13e-08  1.11e-08  28022s
 354   1.64528434e+00  1.64651884e+00  5.67e-03 9.76e-09  1.09e-08  28099s
 355   1.64535229e+00  1.64651858e+00  5.35e-03 1.13e-08  1.03e-08  28145s
 356   1.64535571e+00  1.64651678e+00  5.33e-03 1.16e-08  1.03e-08  28230s
 357   1.64541372e+00  1.64651096e+00  5.06e-03 8.35e-09  9.73e-09  28287s
 358   1.64544159e+00  1.64650542e+00  4.92e-03 5.80e-09  9.45e-09  28401s
 359   1.64544636e+00  1.64649974e+00  4.90e-03 6.44e-09  9.37e-09  28481s
 360   1.64549595e+00  1.64649693e+00  4.66e-03 6.20e-09  8.91e-09  28552s
 361   1.64549890e+00  1.64649664e+00  4.65e-03 5.04e-09  8.88e-09  28615s
 362   1.64556994e+00  1.64649306e+00  4.30e-03 4.83e-09  8.22e-09  28677s
 363   1.64556995e+00  1.64649305e+00  4.30e-03 4.82e-09  8.22e-09  28721s
 364   1.64558233e+00  1.64649297e+00  4.25e-03 5.79e-09  8.12e-09  28777s
 365   1.64558347e+00  1.64649084e+00  4.24e-03 5.47e-09  8.09e-09  28853s
 366   1.64562331e+00  1.64649039e+00  4.05e-03 6.54e-09  7.73e-09  28894s
 367   1.64563009e+00  1.64648696e+00  4.02e-03 6.16e-09  7.65e-09  28967s
 368   1.64564096e+00  1.64648494e+00  3.96e-03 6.06e-09  7.55e-09  29018s
 369   1.64584333e+00  1.64648256e+00  3.00e-03 6.91e-09  5.79e-09  29086s
 370   1.64584363e+00  1.64648237e+00  3.00e-03 7.29e-09  5.79e-09  29129s
 371   1.64584565e+00  1.64648328e+00  2.99e-03 5.46e-09  5.78e-09  29189s
 372   1.64585147e+00  1.64647878e+00  2.96e-03 5.24e-09  5.70e-09  29296s
 373   1.64591089e+00  1.64647798e+00  2.67e-03 5.06e-09  5.15e-09  29343s
 374   1.64591197e+00  1.64647639e+00  2.66e-03 5.60e-09  5.13e-09  29434s
 375   1.64591202e+00  1.64647618e+00  2.66e-03 5.66e-09  5.13e-09  29487s
 376   1.64591262e+00  1.64647615e+00  2.66e-03 6.56e-09  5.13e-09  29554s
 377   1.64591273e+00  1.64647476e+00  2.66e-03 6.06e-09  5.12e-09  29600s
 378   1.64601160e+00  1.64647860e+00  2.20e-03 4.90e-09  4.33e-09  29653s
 379   1.64601913e+00  1.64647251e+00  2.17e-03 5.48e-09  4.23e-09  29712s
 380   1.64602295e+00  1.64646832e+00  2.15e-03 5.42e-09  4.18e-09  29760s
 381   1.64602296e+00  1.64646826e+00  2.15e-03 5.42e-09  4.18e-09  29805s
 382   1.64602641e+00  1.64648334e+00  2.13e-03 2.45e-09  4.20e-09  29901s
 383   1.64602833e+00  1.64647781e+00  2.12e-03 2.65e-09  4.17e-09  29965s
 384   1.64603128e+00  1.64647770e+00  2.11e-03 3.25e-09  4.14e-09  30011s
 385   1.64603161e+00  1.64647200e+00  2.10e-03 2.60e-09  4.11e-09  30080s
 386   1.64603166e+00  1.64647200e+00  2.10e-03 2.60e-09  4.11e-09  30125s
 387   1.64603551e+00  1.64647056e+00  2.09e-03 2.70e-09  4.07e-09  30181s
 388   1.64604451e+00  1.64646487e+00  2.04e-03 2.81e-09  3.96e-09  30267s
 389   1.64604758e+00  1.64646114e+00  2.02e-03 2.87e-09  3.92e-09  30316s
 390   1.64605032e+00  1.64646039e+00  2.01e-03 2.63e-09  3.89e-09  30355s
 391   1.64605033e+00  1.64645985e+00  2.01e-03 2.55e-09  3.88e-09  30412s
 392   1.64606526e+00  1.64645962e+00  1.93e-03 2.55e-09  3.74e-09  30462s
 393   1.64608538e+00  1.64645841e+00  1.82e-03 2.55e-09  3.53e-09  30507s
 394   1.64611622e+00  1.64645512e+00  1.66e-03 3.52e-09  3.21e-09  30557s
 395   1.64611714e+00  1.64645499e+00  1.65e-03 6.50e-09  3.20e-09  30600s
 396   1.64611730e+00  1.64645438e+00  1.65e-03 6.59e-09  3.20e-09  30664s
 397   1.64611730e+00  1.64645439e+00  1.65e-03 6.59e-09  3.20e-09  30714s
 398   1.64611833e+00  1.64645483e+00  1.65e-03 6.49e-09  3.19e-09  30770s
 399   1.64612167e+00  1.64645148e+00  1.63e-03 5.70e-09  3.15e-09  30838s
 400   1.64612418e+00  1.64645121e+00  1.61e-03 5.69e-09  3.12e-09  30875s
 401   1.64612418e+00  1.64645099e+00  1.61e-03 5.81e-09  3.12e-09  30954s
 402   1.64612513e+00  1.64645058e+00  1.61e-03 5.13e-09  3.11e-09  31039s
 403   1.64613355e+00  1.64644970e+00  1.56e-03 4.90e-09  3.02e-09  31116s
 404   1.64613356e+00  1.64644969e+00  1.56e-03 4.88e-09  3.02e-09  31183s
 405   1.64615952e+00  1.64644821e+00  1.43e-03 3.98e-09  2.76e-09  31235s
 406   1.64616842e+00  1.64644547e+00  1.38e-03 3.53e-09  2.66e-09  31311s
 407   1.64617377e+00  1.64644339e+00  1.35e-03 3.75e-09  2.60e-09  31371s
 408   1.64617380e+00  1.64644301e+00  1.35e-03 3.56e-09  2.60e-09  31448s
 409   1.64617552e+00  1.64644293e+00  1.34e-03 5.56e-09  2.58e-09  31483s
 410   1.64617786e+00  1.64644239e+00  1.33e-03 5.86e-09  2.56e-09  31529s
 411   1.64617786e+00  1.64644238e+00  1.33e-03 5.87e-09  2.56e-09  31587s
 412   1.64617882e+00  1.64644132e+00  1.32e-03 5.51e-09  2.54e-09  31648s
 413   1.64618041e+00  1.64644094e+00  1.32e-03 5.35e-09  2.52e-09  31726s
 414   1.64618132e+00  1.64643985e+00  1.31e-03 7.26e-09  2.51e-09  31801s
 415   1.64618228e+00  1.64643853e+00  1.31e-03 6.11e-09  2.50e-09  31892s
 416   1.64618252e+00  1.64643773e+00  1.30e-03 6.48e-09  2.49e-09  31966s
 417   1.64618558e+00  1.64643572e+00  1.29e-03 5.64e-09  2.45e-09  32044s
 418   1.64618560e+00  1.64643572e+00  1.29e-03 5.68e-09  2.45e-09  32080s
 419   1.64618588e+00  1.64643571e+00  1.29e-03 5.44e-09  2.45e-09  32152s
 420   1.64618592e+00  1.64643504e+00  1.29e-03 6.08e-09  2.45e-09  32225s
 421   1.64618810e+00  1.64643484e+00  1.27e-03 5.77e-09  2.43e-09  32292s
 422   1.64618825e+00  1.64643453e+00  1.27e-03 5.76e-09  2.42e-09  32341s
 423   1.64618844e+00  1.64643444e+00  1.27e-03 5.75e-09  2.42e-09  32401s
 424   1.64619232e+00  1.64643483e+00  1.25e-03 5.48e-09  2.38e-09  32449s
 425   1.64619233e+00  1.64643483e+00  1.25e-03 5.48e-09  2.38e-09  32480s
 426   1.64619234e+00  1.64643483e+00  1.25e-03 5.48e-09  2.38e-09  32530s
 427   1.64619242e+00  1.64644274e+00  1.25e-03 4.10e-09  2.41e-09  32620s
 428   1.64619243e+00  1.64644274e+00  1.25e-03 4.10e-09  2.41e-09  32662s
 429   1.64620731e+00  1.64644131e+00  1.17e-03 3.75e-09  2.26e-09  32731s
 430   1.64620746e+00  1.64644018e+00  1.17e-03 4.76e-09  2.26e-09  32776s
 431   1.64620851e+00  1.64643959e+00  1.17e-03 4.66e-09  2.24e-09  32862s
 432   1.64620851e+00  1.64643950e+00  1.17e-03 6.22e-09  2.24e-09  32919s
 433   1.64621167e+00  1.64643906e+00  1.15e-03 5.91e-09  2.21e-09  32979s
 434   1.64621298e+00  1.64643810e+00  1.14e-03 5.78e-09  2.19e-09  33036s
 435   1.64621307e+00  1.64643818e+00  1.14e-03 5.74e-09  2.19e-09  33091s
 436   1.64621308e+00  1.64643817e+00  1.14e-03 5.75e-09  2.19e-09  33134s
 437   1.64621410e+00  1.64644145e+00  1.13e-03 5.31e-09  2.20e-09  33184s
 438   1.64621413e+00  1.64644018e+00  1.13e-03 5.56e-09  2.19e-09  33250s
 439   1.64621421e+00  1.64644002e+00  1.13e-03 5.54e-09  2.19e-09  33292s
 440   1.64621424e+00  1.64644003e+00  1.13e-03 5.57e-09  2.19e-09  33352s
 441   1.64621670e+00  1.64643993e+00  1.12e-03 5.65e-09  2.16e-09  33399s
 442   1.64621680e+00  1.64643938e+00  1.12e-03 5.38e-09  2.16e-09  33442s
 443   1.64621684e+00  1.64643929e+00  1.12e-03 5.45e-09  2.16e-09  33477s
 444   1.64621747e+00  1.64643955e+00  1.12e-03 4.05e-09  2.15e-09  33530s
 445   1.64621751e+00  1.64643860e+00  1.12e-03 3.79e-09  2.15e-09  33579s
 446   1.64621750e+00  1.64643860e+00  1.12e-03 3.78e-09  2.15e-09  33628s
 447   1.64621761e+00  1.64643794e+00  1.12e-03 3.79e-09  2.15e-09  33670s
 448   1.64621790e+00  1.64643807e+00  1.11e-03 4.26e-09  2.15e-09  33727s
 449   1.64621848e+00  1.64643797e+00  1.11e-03 4.24e-09  2.14e-09  33792s
 450   1.64622788e+00  1.64643854e+00  1.06e-03 3.74e-09  2.05e-09  33900s
 451   1.64622984e+00  1.64643800e+00  1.05e-03 3.85e-09  2.03e-09  33955s
 452   1.64623015e+00  1.64643791e+00  1.05e-03 3.84e-09  2.02e-09  34002s
 453   1.64623027e+00  1.64643783e+00  1.05e-03 3.82e-09  2.02e-09  34059s
 454   1.64623088e+00  1.64643659e+00  1.04e-03 4.04e-09  2.01e-09  34130s
 455   1.64623093e+00  1.64643622e+00  1.04e-03 6.14e-09  2.01e-09  34175s
 456   1.64623208e+00  1.64643528e+00  1.04e-03 5.48e-09  2.00e-09  34237s
 457   1.64623223e+00  1.64643505e+00  1.04e-03 5.37e-09  1.99e-09  34297s
 458   1.64623230e+00  1.64643500e+00  1.04e-03 5.35e-09  1.99e-09  34343s
 459   1.64623322e+00  1.64643507e+00  1.03e-03 4.74e-09  1.98e-09  34397s
 460   1.64623410e+00  1.64643473e+00  1.03e-03 4.65e-09  1.97e-09  34448s
 461   1.64623416e+00  1.64643452e+00  1.02e-03 4.73e-09  1.97e-09  34486s
 462   1.64623459e+00  1.64643451e+00  1.02e-03 4.74e-09  1.97e-09  34529s
 463   1.64623473e+00  1.64643430e+00  1.02e-03 4.95e-09  1.96e-09  34567s
 464   1.64623493e+00  1.64643428e+00  1.02e-03 4.97e-09  1.96e-09  34612s
 465   1.64623493e+00  1.64643428e+00  1.02e-03 4.97e-09  1.96e-09  34654s
 466   1.64623540e+00  1.64643428e+00  1.02e-03 4.99e-09  1.96e-09  34699s
 467   1.64623576e+00  1.64643423e+00  1.02e-03 5.02e-09  1.96e-09  34747s
 468   1.64623816e+00  1.64643428e+00  1.00e-03 4.86e-09  1.94e-09  34805s
 469   1.64623835e+00  1.64643327e+00  1.00e-03 4.21e-09  1.93e-09  34883s
 470   1.64623836e+00  1.64643305e+00  1.00e-03 4.48e-09  1.93e-09  34992s
 471   1.64623852e+00  1.64643255e+00  1.00e-03 4.49e-09  1.93e-09  35069s
 472   1.64623854e+00  1.64643178e+00  1.00e-03 4.52e-09  1.92e-09  35135s
 473   1.64623984e+00  1.64643169e+00  9.94e-04 4.54e-09  1.91e-09  35180s
 474   1.64623985e+00  1.64643168e+00  9.94e-04 4.53e-09  1.91e-09  35226s
 475   1.64623985e+00  1.64643168e+00  9.94e-04 4.53e-09  1.91e-09  35265s
 476   1.64623987e+00  1.64643164e+00  9.94e-04 4.50e-09  1.91e-09  35307s
 477   1.64623984e+00  1.64643165e+00  9.94e-04 4.56e-09  1.91e-09  35358s
 478   1.64623986e+00  1.64643165e+00  9.94e-04 4.56e-09  1.91e-09  35408s
 479   1.64623987e+00  1.64643680e+00  9.94e-04 5.72e-09  1.93e-09  35466s
 480   1.64624060e+00  1.64643664e+00  9.90e-04 5.76e-09  1.92e-09  35514s
 481   1.64624060e+00  1.64643662e+00  9.90e-04 6.35e-09  1.92e-09  35553s
 482   1.64624184e+00  1.64643540e+00  9.83e-04 6.88e-09  1.90e-09  35623s
 483   1.64624820e+00  1.64643466e+00  9.47e-04 6.65e-09  1.83e-09  35687s
 484   1.64624909e+00  1.64643337e+00  9.42e-04 9.13e-09  1.82e-09  35761s
 485   1.64624932e+00  1.64643308e+00  9.41e-04 9.25e-09  1.81e-09  35814s
 486   1.64624963e+00  1.64643297e+00  9.39e-04 9.26e-09  1.81e-09  35850s
 487   1.64624967e+00  1.64643297e+00  9.39e-04 9.25e-09  1.81e-09  35889s
 488   1.64624978e+00  1.64643277e+00  9.38e-04 9.11e-09  1.81e-09  35974s
 489   1.64625010e+00  1.64643211e+00  9.37e-04 1.11e-08  1.80e-09  36015s
 490   1.64625066e+00  1.64643084e+00  9.34e-04 1.08e-08  1.79e-09  36129s
 491   1.64625324e+00  1.64643009e+00  9.19e-04 1.02e-08  1.76e-09  36184s
 492   1.64625741e+00  1.64642963e+00  8.95e-04 1.01e-08  1.71e-09  36252s
 493   1.64625745e+00  1.64642963e+00  8.95e-04 1.01e-08  1.71e-09  36301s
 494   1.64625762e+00  1.64642949e+00  8.94e-04 9.98e-09  1.71e-09  36354s
 495   1.64625852e+00  1.64642936e+00  8.89e-04 1.00e-08  1.70e-09  36396s
 496   1.64625852e+00  1.64642937e+00  8.89e-04 1.00e-08  1.70e-09  36458s
 497   1.64625852e+00  1.64642936e+00  8.89e-04 1.00e-08  1.70e-09  36516s
 498   1.64625884e+00  1.64642934e+00  8.87e-04 1.00e-08  1.70e-09  36575s
 499   1.64625897e+00  1.64642917e+00  8.86e-04 9.84e-09  1.70e-09  36637s
 500   1.64625898e+00  1.64642917e+00  8.86e-04 9.84e-09  1.70e-09  36687s
 501   1.64625997e+00  1.64642889e+00  8.81e-04 9.67e-09  1.69e-09  36774s
 502   1.64625998e+00  1.64642889e+00  8.81e-04 1.19e-08  1.68e-09  36810s
 503   1.64626020e+00  1.64642905e+00  8.79e-04 1.17e-08  1.68e-09  36871s
 504   1.64626032e+00  1.64642896e+00  8.79e-04 1.17e-08  1.68e-09  36932s
 505   1.64626032e+00  1.64642897e+00  8.79e-04 1.17e-08  1.68e-09  36985s
 506   1.64626035e+00  1.64642870e+00  8.79e-04 1.13e-08  1.68e-09  37042s
 507   1.64626045e+00  1.64642834e+00  8.78e-04 1.07e-08  1.68e-09  37169s
 508   1.64626199e+00  1.64642811e+00  8.69e-04 1.06e-08  1.66e-09  37227s
 509   1.64626199e+00  1.64642810e+00  8.69e-04 1.06e-08  1.66e-09  37267s
 510   1.64626199e+00  1.64642804e+00  8.69e-04 1.07e-08  1.66e-09  37331s
 511   1.64626330e+00  1.64642775e+00  8.62e-04 1.07e-08  1.65e-09  37374s
 512   1.64626354e+00  1.64642725e+00  8.60e-04 1.04e-08  1.64e-09  37441s
 513   1.64626513e+00  1.64642603e+00  8.51e-04 9.24e-09  1.62e-09  37495s
 514   1.64626514e+00  1.64642603e+00  8.51e-04 9.23e-09  1.62e-09  37544s
 515   1.64626515e+00  1.64642604e+00  8.51e-04 9.25e-09  1.62e-09  37598s
 516   1.64626790e+00  1.64642639e+00  8.36e-04 8.12e-09  1.59e-09  37679s
 517   1.64627040e+00  1.64642621e+00  8.21e-04 8.35e-09  1.57e-09  37728s
 518   1.64627070e+00  1.64642603e+00  8.19e-04 9.10e-09  1.56e-09  37799s
 519   1.64627074e+00  1.64642602e+00  8.19e-04 9.16e-09  1.56e-09  37845s
 520   1.64627360e+00  1.64642585e+00  8.03e-04 9.62e-09  1.53e-09  37889s
 521   1.64627368e+00  1.64642550e+00  8.03e-04 1.00e-08  1.53e-09  37961s
 522   1.64627372e+00  1.64642525e+00  8.02e-04 1.16e-08  1.53e-09  38024s
 523   1.64627372e+00  1.64642525e+00  8.02e-04 1.16e-08  1.53e-09  38097s
 524   1.64627374e+00  1.64642536e+00  8.02e-04 1.28e-08  1.53e-09  38195s
 525   1.64627473e+00  1.64642496e+00  7.97e-04 1.26e-08  1.52e-09  38254s
 526   1.64627534e+00  1.64642495e+00  7.94e-04 1.26e-08  1.51e-09  38304s
 527   1.64627535e+00  1.64642496e+00  7.94e-04 1.25e-08  1.51e-09  38341s
 528   1.64627572e+00  1.64642514e+00  7.91e-04 1.18e-08  1.51e-09  38419s
 529   1.64627603e+00  1.64642489e+00  7.90e-04 1.20e-08  1.50e-09  38493s
 530   1.64627626e+00  1.64642487e+00  7.88e-04 1.19e-08  1.50e-09  38529s
 531   1.64627630e+00  1.64642474e+00  7.88e-04 1.25e-08  1.50e-09  38585s
 532   1.64627630e+00  1.64642474e+00  7.88e-04 1.25e-08  1.50e-09  38616s
 533   1.64627630e+00  1.64642471e+00  7.88e-04 1.25e-08  1.50e-09  38670s
 534   1.64627631e+00  1.64642465e+00  7.88e-04 1.26e-08  1.50e-09  38730s
 535   1.64627748e+00  1.64642454e+00  7.82e-04 1.38e-08  1.49e-09  38808s
 536   1.64627756e+00  1.64642446e+00  7.81e-04 1.36e-08  1.49e-09  38848s
 537   1.64627756e+00  1.64642446e+00  7.81e-04 1.37e-08  1.49e-09  38901s
 538   1.64627820e+00  1.64642446e+00  7.78e-04 1.37e-08  1.48e-09  38951s
 539   1.64627846e+00  1.64642437e+00  7.76e-04 1.40e-08  1.48e-09  38999s
 540   1.64627849e+00  1.64642434e+00  7.76e-04 1.41e-08  1.48e-09  39049s
 541   1.64627849e+00  1.64642433e+00  7.76e-04 1.41e-08  1.48e-09  39097s
 542   1.64627953e+00  1.64642430e+00  7.70e-04 1.33e-08  1.47e-09  39135s
 543   1.64627971e+00  1.64642418e+00  7.69e-04 1.29e-08  1.46e-09  39190s
 544   1.64627972e+00  1.64642420e+00  7.69e-04 1.30e-08  1.46e-09  39277s
 545   1.64627976e+00  1.64642418e+00  7.69e-04 1.30e-08  1.46e-09  39319s
 546   1.64627976e+00  1.64642418e+00  7.69e-04 1.32e-08  1.46e-09  39401s
 547   1.64628002e+00  1.64642392e+00  7.67e-04 1.43e-08  1.46e-09  39453s
 548   1.64628030e+00  1.64642386e+00  7.65e-04 1.44e-08  1.46e-09  39494s
 549   1.64628031e+00  1.64642387e+00  7.65e-04 1.44e-08  1.46e-09  39545s
 550   1.64628031e+00  1.64642384e+00  7.65e-04 1.46e-08  1.46e-09  39605s
 551   1.64628031e+00  1.64642383e+00  7.65e-04 1.46e-08  1.46e-09  39647s
 552   1.64628032e+00  1.64642381e+00  7.65e-04 1.45e-08  1.46e-09  39693s
 553   1.64628112e+00  1.64642391e+00  7.61e-04 1.45e-08  1.45e-09  39744s
 554   1.64628206e+00  1.64642330e+00  7.56e-04 1.46e-08  1.44e-09  39801s
 555   1.64628208e+00  1.64642330e+00  7.56e-04 1.46e-08  1.44e-09  39842s
 556   1.64628235e+00  1.64642309e+00  7.54e-04 1.36e-08  1.43e-09  39905s
 557   1.64628275e+00  1.64642300e+00  7.52e-04 1.31e-08  1.43e-09  39956s
 558   1.64628275e+00  1.64642299e+00  7.52e-04 1.31e-08  1.43e-09  40009s
 559   1.64628284e+00  1.64642272e+00  7.51e-04 1.31e-08  1.43e-09  40065s
 560   1.64628298e+00  1.64642270e+00  7.51e-04 1.32e-08  1.43e-09  40128s
 561   1.64628318e+00  1.64642263e+00  7.49e-04 1.35e-08  1.42e-09  40167s
 562   1.64628330e+00  1.64642254e+00  7.49e-04 1.48e-08  1.42e-09  40224s
 563   1.64628332e+00  1.64642244e+00  7.49e-04 1.50e-08  1.42e-09  40378s
 564   1.64628344e+00  1.64642226e+00  7.48e-04 1.61e-08  1.42e-09  40439s
 565   1.64628350e+00  1.64642218e+00  7.48e-04 1.53e-08  1.42e-09  40513s
 566   1.64628350e+00  1.64642217e+00  7.48e-04 1.50e-08  1.42e-09  40594s
 567   1.64628356e+00  1.64642216e+00  7.47e-04 1.50e-08  1.42e-09  40653s
 568   1.64628414e+00  1.64642304e+00  7.44e-04 1.55e-08  1.42e-09  40772s
 569   1.64628417e+00  1.64642272e+00  7.44e-04 1.51e-08  1.41e-09  40851s
 570   1.64628433e+00  1.64642261e+00  7.43e-04 1.51e-08  1.41e-09  40894s
 571   1.64628437e+00  1.64642260e+00  7.43e-04 1.52e-08  1.41e-09  40958s
 572   1.64628437e+00  1.64642260e+00  7.43e-04 1.52e-08  1.41e-09  41018s
 573   1.64628437e+00  1.64642262e+00  7.43e-04 1.52e-08  1.41e-09  41067s
 574   1.64628520e+00  1.64642256e+00  7.38e-04 1.54e-08  1.40e-09  41107s
 575   1.64629936e+00  1.64642227e+00  6.56e-04 1.50e-08  1.25e-09  41165s
 576   1.64629937e+00  1.64642211e+00  6.56e-04 1.51e-08  1.25e-09  41218s
 577   1.64629977e+00  1.64642253e+00  6.54e-04 1.52e-08  1.25e-09  41273s
 578   1.64629978e+00  1.64642249e+00  6.54e-04 1.52e-08  1.25e-09  41336s
 579   1.64629993e+00  1.64642236e+00  6.53e-04 1.51e-08  1.25e-09  41399s
 580   1.64629995e+00  1.64642237e+00  6.53e-04 1.51e-08  1.24e-09  41446s
 581   1.64629999e+00  1.64642212e+00  6.52e-04 1.61e-08  1.24e-09  41507s
 582   1.64630001e+00  1.64642204e+00  6.52e-04 1.56e-08  1.24e-09  41559s
 583   1.64630023e+00  1.64642187e+00  6.51e-04 1.54e-08  1.24e-09  41614s
 584   1.64630026e+00  1.64642182e+00  6.51e-04 1.54e-08  1.24e-09  41663s
 585   1.64630026e+00  1.64642181e+00  6.51e-04 1.54e-08  1.24e-09  41721s
 586   1.64630030e+00  1.64642180e+00  6.51e-04 1.54e-08  1.24e-09  41791s
 587   1.64630057e+00  1.64642167e+00  6.49e-04 1.38e-08  1.24e-09  41845s
 588   1.64630058e+00  1.64642166e+00  6.49e-04 1.39e-08  1.24e-09  41887s
 589   1.64630119e+00  1.64642195e+00  6.46e-04 1.57e-08  1.23e-09  41958s
 590   1.64630119e+00  1.64642195e+00  6.46e-04 1.56e-08  1.23e-09  42014s
 591   1.64630127e+00  1.64642170e+00  6.45e-04 1.51e-08  1.23e-09  42103s
 592   1.64630213e+00  1.64642155e+00  6.40e-04 1.55e-08  1.22e-09  42147s
 593   1.64630214e+00  1.64642154e+00  6.40e-04 1.55e-08  1.22e-09  42195s
 594   1.64630216e+00  1.64642152e+00  6.40e-04 1.55e-08  1.22e-09  42257s
 595   1.64630216e+00  1.64642150e+00  6.40e-04 1.56e-08  1.22e-09  42317s
 596   1.64630233e+00  1.64642127e+00  6.39e-04 1.50e-08  1.22e-09  42419s
 597   1.64630236e+00  1.64642125e+00  6.39e-04 1.49e-08  1.22e-09  42502s
 598   1.64630237e+00  1.64642126e+00  6.39e-04 1.49e-08  1.22e-09  42546s
 599   1.64630248e+00  1.64642106e+00  6.38e-04 1.50e-08  1.21e-09  42604s
 600   1.64630287e+00  1.64642061e+00  6.36e-04 1.35e-08  1.21e-09  42673s
 601   1.64630288e+00  1.64642055e+00  6.36e-04 1.37e-08  1.21e-09  42741s
 602   1.64630297e+00  1.64642053e+00  6.36e-04 1.38e-08  1.21e-09  42800s
 603   1.64630298e+00  1.64642047e+00  6.36e-04 1.37e-08  1.21e-09  42849s
 604   1.64630299e+00  1.64642048e+00  6.36e-04 1.37e-08  1.21e-09  42927s
 605   1.64630298e+00  1.64642048e+00  6.36e-04 1.37e-08  1.21e-09  42974s
 606   1.64630299e+00  1.64642040e+00  6.35e-04 1.47e-08  1.21e-09  43033s
 607   1.64630404e+00  1.64642036e+00  6.29e-04 1.49e-08  1.20e-09  43076s
 608   1.64630404e+00  1.64642036e+00  6.29e-04 1.49e-08  1.20e-09  43124s
 609   1.64630404e+00  1.64642036e+00  6.29e-04 1.49e-08  1.20e-09  43169s
 610   1.64630466e+00  1.64642032e+00  6.26e-04 1.57e-08  1.19e-09  43222s
 611   1.64630469e+00  1.64642030e+00  6.25e-04 1.56e-08  1.19e-09  43273s
 612   1.64630497e+00  1.64642027e+00  6.24e-04 1.56e-08  1.19e-09  43322s
 613   1.64630509e+00  1.64642003e+00  6.23e-04 1.51e-08  1.18e-09  43382s
 614   1.64630515e+00  1.64642002e+00  6.23e-04 1.51e-08  1.18e-09  43427s
 615   1.64630516e+00  1.64642002e+00  6.23e-04 1.51e-08  1.18e-09  43471s
 616   1.64630516e+00  1.64641999e+00  6.23e-04 1.50e-08  1.18e-09  43530s
 617   1.64630516e+00  1.64641998e+00  6.23e-04 1.49e-08  1.18e-09  43586s
 618   1.64630516e+00  1.64641998e+00  6.23e-04 1.49e-08  1.18e-09  43640s
 619   1.64630547e+00  1.64641990e+00  6.21e-04 1.44e-08  1.18e-09  43680s
 620   1.64630752e+00  1.64641973e+00  6.09e-04 1.33e-08  1.15e-09  43727s
 621   1.64630752e+00  1.64641973e+00  6.09e-04 1.33e-08  1.15e-09  43780s
 622   1.64630752e+00  1.64641964e+00  6.09e-04 1.29e-08  1.15e-09  43822s
 623   1.64631119e+00  1.64641963e+00  5.88e-04 1.29e-08  1.12e-09  43888s
 624   1.64631119e+00  1.64641963e+00  5.88e-04 1.29e-08  1.12e-09  43934s
 625   1.64631143e+00  1.64641961e+00  5.86e-04 1.27e-08  1.11e-09  44000s
 626   1.64631194e+00  1.64641972e+00  5.83e-04 1.25e-08  1.11e-09  44065s
 627   1.64631194e+00  1.64641972e+00  5.83e-04 1.25e-08  1.11e-09  44115s
 628   1.64631194e+00  1.64641972e+00  5.83e-04 1.25e-08  1.11e-09  44166s
 629   1.64631195e+00  1.64641973e+00  5.83e-04 1.25e-08  1.11e-09  44214s
 630   1.64631201e+00  1.64641972e+00  5.83e-04 1.25e-08  1.11e-09  44262s
 631   1.64631203e+00  1.64641965e+00  5.83e-04 1.24e-08  1.11e-09  44325s
 632   1.64631206e+00  1.64641960e+00  5.83e-04 1.23e-08  1.11e-09  44385s
 633   1.64631208e+00  1.64641960e+00  5.83e-04 1.23e-08  1.11e-09  44461s
 634   1.64631209e+00  1.64641959e+00  5.82e-04 1.23e-08  1.11e-09  44509s
 635   1.64631210e+00  1.64641946e+00  5.82e-04 1.20e-08  1.11e-09  44591s
 636   1.64631210e+00  1.64641947e+00  5.82e-04 1.19e-08  1.11e-09  44642s

Barrier solved model in 636 iterations and 44642.01 seconds (33251.40 work units)
Optimal objective 1.64631194e+00

