Set parameter Username
Academic license - for non-commercial use only - expires 2027-02-09
Set parameter Threads to value 4
Set parameter Method to value 2
Set parameter BarOrder to value 1
Set parameter BarHomogeneous to value 1
Set parameter NumericFocus to value 2
Set parameter Crossover to value 0
Gurobi Optimizer version 9.5.1 build v9.5.1rc2 (linux64)
Thread count: 32 physical cores, 64 logical processors, using up to 4 threads
Optimize a model with 11623153 rows, 19156814 columns and 83825403 nonzeros
Model fingerprint: 0xd918952f
Coefficient statistics:
  Matrix range     [7e-05, 3e+00]
  Objective range  [1e+00, 1e+00]
  Bounds range     [0e+00, 0e+00]
  RHS range        [1e-03, 1e+00]
Presolve removed 0 rows and 0 columns (presolve time = 7s) ...
Presolve removed 3358065 rows and 16399176 columns (presolve time = 13s) ...
Presolve removed 3358065 rows and 16399252 columns (presolve time = 15s) ...
Presolve removed 4873863 rows and 16400000 columns (presolve time = 23s) ...
Presolve removed 4878891 rows and 16405028 columns (presolve time = 42s) ...
Presolve removed 4890443 rows and 16405029 columns (presolve time = 45s) ...
Presolve removed 4890443 rows and 16405029 columns (presolve time = 51s) ...
Presolve removed 4890443 rows and 16405029 columns
Presolve time: 52.33s
Presolved: 6732710 rows, 2751785 columns, 47426291 nonzeros
Elapsed ordering time = 5s
Ordering time: 8.93s

Barrier statistics:
 Dense cols : 355
 AA' NZ     : 1.460e+08
 Factor NZ  : 2.310e+08 (roughly 4.0 GB of memory)
 Factor Ops : 2.136e+10 (roughly 1 second per iteration)
 Threads    : 4

                  Objective                Residual
Iter       Primal          Dual         Primal    Dual     Compl     Time
   0   3.34497030e+00  3.12500000e+01  1.16e+08 6.25e-02  1.00e+06  2202s
   1   7.70738302e+00  4.03838115e+06  1.00e+08 6.13e+02  8.48e+05  2214s
   2   6.67015918e+00  6.22590178e+06  7.78e+07 2.33e+02  5.12e+05  2232s
   3   3.42264896e+01  4.50920458e+06  5.10e+07 1.96e+02  3.52e+05  2254s
   4   5.14833241e+00  1.64310696e+05  1.96e+06 7.48e+00  7.75e+02  2274s
   5   3.79712150e+00  5.15145024e+04  7.16e+05 2.32e+00  1.27e+02  2290s
   6   3.56073448e+00  2.91550780e+04  5.10e+05 1.24e+00  6.63e+01  2304s
   7   3.31145026e+00  1.51558713e+04  3.29e+05 6.23e-01  3.14e+01  2324s
   8   3.20724719e+00  7.03704691e+03  2.39e+05 2.83e-01  1.72e+01  2350s
   9   3.07477580e+00  2.87296246e+03  1.63e+05 1.11e-01  9.47e+00  2378s
  10   2.56156945e+00  1.40880959e+03  1.03e+05 5.34e-02  5.64e+00  2407s
  11   2.39027461e+00  9.64915264e+02  7.92e+04 3.61e-02  4.24e+00  2431s
  12   2.28100178e+00  7.63733102e+02  6.35e+04 2.84e-02  3.35e+00  2450s
  13   2.21206652e+00  6.47438277e+02  4.73e+04 2.42e-02  2.51e+00  2468s
  14   2.25069840e+00  5.27454166e+02  3.48e+04 1.99e-02  1.85e+00  2486s
  15   2.30470887e+00  2.55030409e+02  2.41e+04 9.40e-03  1.23e+00  2508s
  16   2.44978520e+00  1.56856235e+02  1.02e+04 5.70e-03  5.27e-01  2535s
  17   2.54231841e+00  8.97716535e+01  4.21e+03 3.17e-03  2.19e-01  2556s
  18   2.54777626e+00  7.22620491e+01  2.93e+03 2.52e-03  1.51e-01  2571s
  19   2.54688308e+00  6.71943635e+01  2.67e+03 2.33e-03  1.37e-01  2588s
  20   2.54608674e+00  5.28260806e+01  2.43e+03 1.80e-03  1.18e-01  2604s
  21   2.57394115e+00  3.66168229e+01  1.95e+03 1.19e-03  8.56e-02  2621s
  22   2.66009111e+00  2.72252275e+01  1.22e+03 8.34e-04  4.92e-02  2642s
  23   2.67334602e+00  2.15448227e+01  7.05e+02 6.25e-04  2.56e-02  2668s
  24   2.61091814e+00  1.70098932e+01  5.94e+02 4.69e-04  1.89e-02  2700s
  25   2.35273181e+00  9.78289459e+00  4.75e+02 2.49e-04  1.08e-02  2739s
  26   1.89666324e+00  5.25384653e+00  2.10e+02 1.06e-04  3.07e-03  2780s
  27   1.66370519e+00  3.07057437e+00  5.26e+01 4.09e-05  4.86e-04  2814s
  28   1.58294700e+00  2.29626128e+00  1.62e+01 2.05e-05  1.20e-04  2845s
  29   1.55830364e+00  2.01666899e+00  9.68e+00 1.30e-05  6.22e-05  2872s
  30   1.54560819e+00  1.89189987e+00  6.22e+00 9.77e-06  3.85e-05  2893s
  31   1.52772378e+00  1.83146655e+00  3.42e+00 8.24e-06  2.47e-05  2911s
  32   1.51422488e+00  1.78411365e+00  2.29e+00 7.11e-06  1.89e-05  2934s
  33   1.50450091e+00  1.73713353e+00  1.66e+00 6.03e-06  1.50e-05  2958s
  34   1.49540638e+00  1.66701456e+00  1.07e+00 4.39e-06  1.02e-05  2990s
  35   1.49472158e+00  1.60250050e+00  9.65e-01 2.81e-06  6.85e-06  3022s
  36   1.49476309e+00  1.59744704e+00  8.16e-01 2.67e-06  6.20e-06  3052s
  37   1.50372517e+00  1.58592102e+00  7.47e-01 2.25e-06  5.18e-06  3095s
  38   1.51176075e+00  1.58333133e+00  6.53e-01 2.04e-06  4.56e-06  3137s
  39   1.51571909e+00  1.58210140e+00  6.03e-01 1.70e-06  3.87e-06  3179s
  40   1.52140602e+00  1.58241301e+00  5.51e-01 1.61e-06  3.60e-06  3219s
  41   1.52361375e+00  1.58218606e+00  5.25e-01 1.53e-06  3.39e-06  3252s
  42   1.53177613e+00  1.58273176e+00  4.57e-01 1.35e-06  2.94e-06  3301s
  43   1.54039976e+00  1.58719494e+00  4.10e-01 1.17e-06  2.57e-06  3359s
  44   1.55017107e+00  1.59042666e+00  3.52e-01 1.01e-06  2.19e-06  3421s
  45   1.55670541e+00  1.59127077e+00  3.17e-01 9.77e-07  2.05e-06  3477s
  46   1.55891481e+00  1.59405238e+00  3.06e-01 8.95e-07  1.91e-06  3555s
  47   1.56752074e+00  1.59761894e+00  2.70e-01 7.97e-07  1.70e-06  3626s
  48   1.57496496e+00  1.60438349e+00  2.39e-01 6.48e-07  1.43e-06  3705s
  49   1.58436755e+00  1.60575702e+00  1.97e-01 6.19e-07  1.28e-06  3805s
  50   1.59357663e+00  1.61060946e+00  1.56e-01 5.30e-07  1.07e-06  3897s
  51   1.59447443e+00  1.61236239e+00  1.48e-01 4.95e-07  1.01e-06  3990s
  52   1.60235362e+00  1.61390661e+00  1.13e-01 4.67e-07  8.90e-07  4089s
  53   1.60287622e+00  1.61503089e+00  1.10e-01 4.46e-07  8.57e-07  4204s
  54   1.60415977e+00  1.61597873e+00  1.04e-01 4.24e-07  8.15e-07  4286s
  55   1.60543794e+00  1.61683979e+00  9.91e-02 4.00e-07  7.70e-07  4397s
  56   1.60674176e+00  1.61737466e+00  9.31e-02 3.85e-07  7.37e-07  4525s
  57   1.60812839e+00  1.61808932e+00  8.72e-02 3.66e-07  6.98e-07  4651s
  58   1.60918544e+00  1.61878271e+00  8.32e-02 3.49e-07  6.67e-07  4821s
  59   1.61056765e+00  1.61928118e+00  7.77e-02 3.37e-07  6.38e-07  4965s
  60   1.61148595e+00  1.61997881e+00  7.42e-02 3.21e-07  6.10e-07  5130s
  61   1.61287202e+00  1.62032038e+00  6.89e-02 3.13e-07  5.87e-07  5276s
  62   1.61363888e+00  1.62115840e+00  6.63e-02 3.02e-07  5.59e-07  5356s
  63   1.61403738e+00  1.62173351e+00  6.47e-02 2.90e-07  5.39e-07  5465s
  64   1.61420499e+00  1.62210306e+00  6.41e-02 2.84e-07  5.26e-07  5538s
  65   1.61524066e+00  1.62290235e+00  6.09e-02 2.71e-07  4.97e-07  5616s
  66   1.61524484e+00  1.62290432e+00  6.09e-02 2.71e-07  4.97e-07  5638s
  67   1.61524581e+00  1.62290788e+00  6.09e-02 2.71e-07  4.97e-07  5690s
  68   1.61539204e+00  1.62305074e+00  6.05e-02 2.68e-07  4.84e-07  5731s
  69   1.61539217e+00  1.62305091e+00  6.05e-02 2.68e-07  4.84e-07  5766s
  70   1.61542426e+00  1.62308760e+00  6.04e-02 2.67e-07  4.83e-07  5798s
  71   1.61542422e+00  1.62308532e+00  6.04e-02 2.67e-07  4.83e-07  5826s
  72   1.61544276e+00  1.62327149e+00  6.03e-02 2.64e-07  4.78e-07  5873s
  73   1.61547251e+00  1.62327305e+00  6.03e-02 2.64e-07  4.78e-07  5915s
  74   1.61547976e+00  1.62328166e+00  6.03e-02 2.64e-07  4.78e-07  5944s
  75   1.61562588e+00  1.62334399e+00  5.98e-02 2.62e-07  4.75e-07  5973s
  76   1.61586722e+00  1.62346977e+00  5.91e-02 2.60e-07  4.71e-07  6042s
  77   1.61614727e+00  1.62363955e+00  5.83e-02 2.56e-07  4.65e-07  6102s
  78   1.61617802e+00  1.62364010e+00  5.83e-02 2.56e-07  4.65e-07  6134s
  79   1.61619521e+00  1.62364737e+00  5.82e-02 2.56e-07  4.65e-07  6170s
  80   1.61639353e+00  1.62378856e+00  5.77e-02 2.53e-07  4.60e-07  6193s
  81   1.61639392e+00  1.62378908e+00  5.77e-02 2.53e-07  4.60e-07  6227s
  82   1.61639922e+00  1.62379628e+00  5.77e-02 2.53e-07  4.60e-07  6257s
  83   1.61699944e+00  1.62410174e+00  5.60e-02 2.49e-07  4.49e-07  6305s
  84   1.61785609e+00  1.62487676e+00  5.40e-02 2.37e-07  4.27e-07  6386s
  85   1.61786503e+00  1.62496141e+00  5.40e-02 2.34e-07  4.25e-07  6422s
  86   1.61796422e+00  1.62516885e+00  5.37e-02 2.30e-07  4.20e-07  6479s
  87   1.61796443e+00  1.62516360e+00  5.37e-02 2.30e-07  4.20e-07  6521s
  88   1.61796840e+00  1.62517007e+00  5.37e-02 2.30e-07  4.19e-07  6554s
  89   1.61798806e+00  1.62518295e+00  5.36e-02 2.30e-07  4.19e-07  6579s
  90   1.61798788e+00  1.62518124e+00  5.36e-02 2.29e-07  4.19e-07  6617s
  91   1.61803442e+00  1.62536816e+00  5.35e-02 2.24e-07  4.15e-07  6670s
  92   1.61826229e+00  1.62558009e+00  5.29e-02 2.22e-07  4.09e-07  6700s
  93   1.61826251e+00  1.62558303e+00  5.29e-02 2.22e-07  4.09e-07  6733s
  94   1.61834817e+00  1.62559020e+00  5.27e-02 2.22e-07  4.09e-07  6765s
  95   1.61834894e+00  1.62559163e+00  5.27e-02 2.22e-07  4.09e-07  6829s
  96   1.61836177e+00  1.62562411e+00  5.27e-02 2.21e-07  4.08e-07  6859s
  97   1.61878602e+00  1.62583522e+00  5.16e-02 2.20e-07  4.01e-07  6908s
  98   1.61879234e+00  1.62583630e+00  5.16e-02 2.20e-07  4.01e-07  6940s
  99   1.61883160e+00  1.62594224e+00  5.15e-02 2.18e-07  4.00e-07  6994s
 100   1.61908364e+00  1.62601775e+00  5.08e-02 2.18e-07  3.97e-07  7042s
 101   1.61908831e+00  1.62603797e+00  5.08e-02 2.17e-07  3.96e-07  7076s
 102   1.61935525e+00  1.62611207e+00  5.02e-02 2.16e-07  3.93e-07  7107s
 103   1.61975178e+00  1.62635352e+00  4.91e-02 2.11e-07  3.86e-07  7130s
 104   1.62000600e+00  1.62649646e+00  4.85e-02 2.10e-07  3.82e-07  7175s
 105   1.62038825e+00  1.62671081e+00  4.75e-02 2.06e-07  3.75e-07  7240s
 106   1.62041372e+00  1.62671465e+00  4.75e-02 2.06e-07  3.75e-07  7275s
 107   1.62042268e+00  1.62675414e+00  4.75e-02 2.06e-07  3.74e-07  7307s
 108   1.62123597e+00  1.62740449e+00  4.56e-02 1.95e-07  3.58e-07  7386s
 109   1.62172233e+00  1.62759061e+00  4.45e-02 1.94e-07  3.52e-07  7414s
 110   1.62203367e+00  1.62779793e+00  4.38e-02 1.91e-07  3.47e-07  7463s
 111   1.62203656e+00  1.62780376e+00  4.38e-02 1.90e-07  3.46e-07  7507s
 112   1.62204787e+00  1.62781799e+00  4.38e-02 1.90e-07  3.46e-07  7553s
 113   1.62249288e+00  1.62839091e+00  4.28e-02 1.86e-07  3.35e-07  7611s
 114   1.62249294e+00  1.62839081e+00  4.28e-02 1.86e-07  3.35e-07  7650s
 115   1.62285656e+00  1.62895122e+00  4.20e-02 1.82e-07  3.25e-07  7697s
 116   1.62366366e+00  1.62978441e+00  4.02e-02 1.74e-07  3.08e-07  7772s
 117   1.62371131e+00  1.62984018e+00  4.01e-02 1.72e-07  3.07e-07  7807s
 118   1.62372499e+00  1.62984799e+00  4.01e-02 1.72e-07  3.07e-07  7844s
 119   1.62454654e+00  1.63061832e+00  3.84e-02 1.62e-07  2.92e-07  7922s
 120   1.62460393e+00  1.63062181e+00  3.83e-02 1.62e-07  2.92e-07  7955s
 121   1.62556704e+00  1.63110896e+00  3.64e-02 1.56e-07  2.79e-07  8018s
 122   1.62604493e+00  1.63120384e+00  3.54e-02 1.55e-07  2.75e-07  8046s
 123   1.62604766e+00  1.63121097e+00  3.54e-02 1.57e-07  2.74e-07  8076s
 124   1.62605609e+00  1.63122821e+00  3.54e-02 1.57e-07  2.74e-07  8125s
 125   1.62612136e+00  1.63132293e+00  3.53e-02 1.55e-07  2.73e-07  8148s
 126   1.62633228e+00  1.63162554e+00  3.49e-02 1.49e-07  2.68e-07  8215s
 127   1.62667156e+00  1.63166171e+00  3.42e-02 1.49e-07  2.66e-07  8249s
 128   1.62809665e+00  1.63293662e+00  3.16e-02 1.35e-07  2.43e-07  8342s
 129   1.62868567e+00  1.63332142e+00  3.04e-02 1.31e-07  2.35e-07  8422s
 130   1.62895070e+00  1.63373665e+00  2.99e-02 1.32e-07  2.29e-07  8457s
 131   1.62913551e+00  1.63393182e+00  2.96e-02 1.34e-07  2.26e-07  8490s
 132   1.62984031e+00  1.63480834e+00  2.83e-02 1.23e-07  2.12e-07  8534s
 133   1.63000033e+00  1.63535350e+00  2.80e-02 1.16e-07  2.05e-07  8596s
 134   1.62999830e+00  1.63535353e+00  2.80e-02 1.16e-07  2.05e-07  8632s
 135   1.62999987e+00  1.63535568e+00  2.80e-02 1.16e-07  2.05e-07  8667s
 136   1.63002345e+00  1.63541322e+00  2.80e-02 1.16e-07  2.05e-07  8718s
 137   1.63002402e+00  1.63541327e+00  2.80e-02 1.16e-07  2.05e-07  8751s
 138   1.63041393e+00  1.63627740e+00  2.73e-02 1.16e-07  1.93e-07  8820s
 139   1.63220578e+00  1.63783379e+00  2.42e-02 9.92e-08  1.68e-07  8899s
 140   1.63250219e+00  1.63817588e+00  2.36e-02 1.01e-07  1.63e-07  8968s
 141   1.63361748e+00  1.63916123e+00  2.18e-02 9.19e-08  1.49e-07  9066s
 142   1.63370661e+00  1.64013071e+00  2.16e-02 1.05e-07  1.41e-07  9125s
 143   1.63389158e+00  1.64029436e+00  2.13e-02 1.03e-07  1.39e-07  9151s
 144   1.63412065e+00  1.64036782e+00  2.09e-02 1.04e-07  1.37e-07  9188s
 145   1.63428565e+00  1.64058059e+00  2.07e-02 1.00e-07  1.34e-07  9256s
 146   1.63441289e+00  1.64067146e+00  2.05e-02 9.88e-08  1.33e-07  9297s
 147   1.63443490e+00  1.64104810e+00  2.04e-02 9.09e-08  1.30e-07  9339s
 148   1.63446127e+00  1.64119161e+00  2.04e-02 8.95e-08  1.29e-07  9409s
 149   1.63445066e+00  1.64119063e+00  2.04e-02 9.03e-08  1.29e-07  9469s
 150   1.63449648e+00  1.64142668e+00  2.03e-02 8.59e-08  1.27e-07  9513s
 151   1.63500261e+00  1.64164183e+00  1.96e-02 8.58e-08  1.22e-07  9562s
 152   1.63516643e+00  1.64225089e+00  1.93e-02 7.34e-08  1.17e-07  9640s
 153   1.63516958e+00  1.64225108e+00  1.93e-02 7.34e-08  1.17e-07  9677s
 154   1.63518485e+00  1.64231213e+00  1.93e-02 6.76e-08  1.17e-07  9720s
 155   1.63542983e+00  1.64254202e+00  1.89e-02 6.62e-08  1.13e-07  9764s
 156   1.63553684e+00  1.64270668e+00  1.87e-02 6.88e-08  1.12e-07  9802s
 157   1.63555076e+00  1.64284525e+00  1.87e-02 7.35e-08  1.11e-07  9855s
 158   1.63591829e+00  1.64295328e+00  1.81e-02 7.12e-08  1.07e-07  9894s
 159   1.63610554e+00  1.64305123e+00  1.78e-02 6.96e-08  1.05e-07  9943s
 160   1.63612491e+00  1.64316492e+00  1.78e-02 6.79e-08  1.04e-07  9982s
 161   1.63617481e+00  1.64333937e+00  1.77e-02 6.26e-08  1.03e-07  10019s
 162   1.63618130e+00  1.64355254e+00  1.77e-02 5.70e-08  1.02e-07  10065s
 163   1.63622632e+00  1.64360159e+00  1.76e-02 5.62e-08  1.01e-07  10104s
 164   1.63628957e+00  1.64369547e+00  1.75e-02 5.60e-08  1.00e-07  10141s
 165   1.63653471e+00  1.64384867e+00  1.72e-02 5.48e-08  9.77e-08  10193s
 166   1.63656707e+00  1.64393437e+00  1.71e-02 5.48e-08  9.69e-08  10231s
 167   1.63656781e+00  1.64393451e+00  1.71e-02 5.50e-08  9.69e-08  10270s
 168   1.63692984e+00  1.64411483e+00  1.65e-02 5.07e-08  9.32e-08  10333s
 169   1.63693534e+00  1.64411601e+00  1.65e-02 5.06e-08  9.30e-08  10387s
 170   1.63712822e+00  1.64417235e+00  1.62e-02 5.10e-08  9.14e-08  10428s
 171   1.63712922e+00  1.64417237e+00  1.62e-02 5.10e-08  9.13e-08  10466s
 172   1.63718577e+00  1.64440292e+00  1.61e-02 5.39e-08  8.96e-08  10502s
 173   1.63720703e+00  1.64453581e+00  1.61e-02 5.29e-08  8.86e-08  10554s
 174   1.63725253e+00  1.64461121e+00  1.60e-02 5.25e-08  8.78e-08  10584s
 175   1.63740893e+00  1.64478976e+00  1.58e-02 4.84e-08  8.54e-08  10653s
 176   1.63746250e+00  1.64492596e+00  1.57e-02 4.37e-08  8.42e-08  10711s
 177   1.63764978e+00  1.64507929e+00  1.54e-02 4.19e-08  8.18e-08  10774s
 178   1.63779098e+00  1.64511971e+00  1.52e-02 4.11e-08  8.06e-08  10807s
 179   1.63786608e+00  1.64516453e+00  1.51e-02 4.04e-08  7.98e-08  10834s
 180   1.63795473e+00  1.64520482e+00  1.49e-02 3.58e-08  7.89e-08  10883s
 181   1.63808708e+00  1.64533739e+00  1.47e-02 3.50e-08  7.70e-08  10931s
 182   1.63852186e+00  1.64557424e+00  1.40e-02 3.30e-08  7.22e-08  10998s
 183   1.63863792e+00  1.64564946e+00  1.38e-02 3.25e-08  7.09e-08  11046s
 184   1.63863578e+00  1.64564961e+00  1.38e-02 3.24e-08  7.09e-08  11092s
 185   1.63864050e+00  1.64564966e+00  1.38e-02 3.25e-08  7.08e-08  11157s
 186   1.63913350e+00  1.64585328e+00  1.30e-02 3.18e-08  6.61e-08  11221s
 187   1.63944576e+00  1.64592757e+00  1.25e-02 2.87e-08  6.34e-08  11323s
 188   1.63947357e+00  1.64594394e+00  1.25e-02 2.79e-08  6.31e-08  11355s
 189   1.63947953e+00  1.64596231e+00  1.25e-02 2.67e-08  6.29e-08  11391s
 190   1.63965381e+00  1.64606758e+00  1.22e-02 2.34e-08  6.08e-08  11457s
 191   1.63966196e+00  1.64609937e+00  1.22e-02 2.29e-08  6.05e-08  11512s
 192   1.63985731e+00  1.64611676e+00  1.19e-02 2.18e-08  5.90e-08  11557s
 193   1.63986352e+00  1.64613924e+00  1.18e-02 2.21e-08  5.87e-08  11590s
 194   1.63988055e+00  1.64615219e+00  1.18e-02 2.12e-08  5.85e-08  11618s
 195   1.63988081e+00  1.64615237e+00  1.18e-02 2.14e-08  5.86e-08  11644s
 196   1.63990323e+00  1.64616932e+00  1.18e-02 2.12e-08  5.83e-08  11679s
 197   1.64006172e+00  1.64621108e+00  1.15e-02 1.94e-08  5.70e-08  11731s
 198   1.64012646e+00  1.64624473e+00  1.14e-02 1.86e-08  5.62e-08  11784s
 199   1.64013667e+00  1.64625810e+00  1.14e-02 1.80e-08  5.60e-08  11817s
 200   1.64013373e+00  1.64625891e+00  1.14e-02 1.78e-08  5.61e-08  11865s
 201   1.64015603e+00  1.64627348e+00  1.14e-02 1.87e-08  5.58e-08  11932s
 202   1.64047434e+00  1.64629369e+00  1.09e-02 1.85e-08  5.37e-08  11972s
 203   1.64052648e+00  1.64631368e+00  1.08e-02 1.94e-08  5.31e-08  12023s
 204   1.64054294e+00  1.64632182e+00  1.07e-02 1.80e-08  5.29e-08  12063s
 205   1.64064866e+00  1.64636781e+00  1.06e-02 1.71e-08  5.19e-08  12164s
 206   1.64065409e+00  1.64637191e+00  1.06e-02 1.63e-08  5.18e-08  12201s
 207   1.64086297e+00  1.64639221e+00  1.02e-02 1.58e-08  5.02e-08  12279s
 208   1.64091683e+00  1.64641790e+00  1.01e-02 1.54e-08  4.96e-08  12332s
 209   1.64100284e+00  1.64642393e+00  1.00e-02 1.51e-08  4.89e-08  12376s
 210   1.64100892e+00  1.64642603e+00  9.99e-03 1.50e-08  4.88e-08  12405s
 211   1.64107932e+00  1.64643733e+00  9.87e-03 1.52e-08  4.82e-08  12440s
 212   1.64107953e+00  1.64644468e+00  9.87e-03 1.48e-08  4.82e-08  12509s
 213   1.64107970e+00  1.64644494e+00  9.87e-03 1.46e-08  4.82e-08  12546s
 214   1.64108905e+00  1.64645016e+00  9.86e-03 1.41e-08  4.81e-08  12582s
 215   1.64132531e+00  1.64646986e+00  9.48e-03 1.48e-08  4.65e-08  12627s
 216   1.64132589e+00  1.64647653e+00  9.48e-03 1.96e-08  4.65e-08  12658s
 217   1.64134660e+00  1.64648808e+00  9.44e-03 2.03e-08  4.63e-08  12715s
 218   1.64135409e+00  1.64649371e+00  9.43e-03 2.17e-08  4.62e-08  12749s
 219   1.64141855e+00  1.64649976e+00  9.32e-03 2.26e-08  4.57e-08  12781s
 220   1.64142679e+00  1.64650339e+00  9.32e-03 2.41e-08  4.57e-08  12816s
 221   1.64142983e+00  1.64650958e+00  9.31e-03 2.35e-08  4.57e-08  12863s
 222   1.64144977e+00  1.64651182e+00  9.28e-03 2.20e-08  4.55e-08  12917s
 223   1.64158881e+00  1.64653224e+00  9.08e-03 3.63e-08  4.48e-08  12956s
 224   1.64159254e+00  1.64654700e+00  9.07e-03 3.67e-08  4.46e-08  13006s
 225   1.64162615e+00  1.64656467e+00  9.02e-03 3.77e-08  4.41e-08  13036s
 226   1.64170202e+00  1.64657513e+00  8.89e-03 3.53e-08  4.34e-08  13098s
 227   1.64172403e+00  1.64658763e+00  8.85e-03 3.48e-08  4.30e-08  13134s
 228   1.64179510e+00  1.64660515e+00  8.73e-03 3.34e-08  4.23e-08  13174s
 229   1.64180399e+00  1.64662129e+00  8.71e-03 3.19e-08  4.19e-08  13231s
 230   1.64185179e+00  1.64663871e+00  8.63e-03 3.17e-08  4.13e-08  13265s
 231   1.64198635e+00  1.64665442e+00  8.40e-03 2.99e-08  4.02e-08  13319s
 232   1.64200828e+00  1.64665893e+00  8.37e-03 2.87e-08  3.99e-08  13353s
 233   1.64203616e+00  1.64667124e+00  8.32e-03 2.76e-08  3.95e-08  13379s
 234   1.64205457e+00  1.64668707e+00  8.29e-03 2.58e-08  3.90e-08  13407s
 235   1.64206693e+00  1.64669283e+00  8.26e-03 2.50e-08  3.88e-08  13474s
 236   1.64207243e+00  1.64670211e+00  8.25e-03 2.39e-08  3.86e-08  13514s
 237   1.64207302e+00  1.64670155e+00  8.25e-03 2.39e-08  3.86e-08  13550s
 238   1.64209696e+00  1.64670558e+00  8.22e-03 2.31e-08  3.85e-08  13619s
 239   1.64212608e+00  1.64670908e+00  8.17e-03 2.26e-08  3.82e-08  13681s
 240   1.64214506e+00  1.64671395e+00  8.14e-03 2.15e-08  3.80e-08  13726s
 241   1.64227515e+00  1.64672376e+00  7.91e-03 2.01e-08  3.68e-08  13817s
 242   1.64228683e+00  1.64672417e+00  7.89e-03 1.93e-08  3.66e-08  13855s
 243   1.64231577e+00  1.64673537e+00  7.84e-03 1.82e-08  3.62e-08  13887s
 244   1.64239892e+00  1.64675035e+00  7.70e-03 1.59e-08  3.51e-08  13937s
 245   1.64242047e+00  1.64675550e+00  7.66e-03 1.41e-08  3.46e-08  13989s
 246   1.64255243e+00  1.64675879e+00  7.43e-03 1.30e-08  3.35e-08  14044s
 247   1.64260010e+00  1.64676206e+00  7.35e-03 9.42e-09  3.25e-08  14121s
 248   1.64263327e+00  1.64676209e+00  7.29e-03 2.19e-08  3.24e-08  14157s
 249   1.64263558e+00  1.64679855e+00  7.29e-03 1.85e-08  3.23e-08  14198s
 250   1.64264643e+00  1.64679678e+00  7.27e-03 1.79e-08  3.21e-08  14224s
 251   1.64269839e+00  1.64679643e+00  7.18e-03 1.89e-08  3.17e-08  14274s
 252   1.64270618e+00  1.64679310e+00  7.17e-03 1.75e-08  3.14e-08  14326s
 253   1.64276154e+00  1.64678553e+00  7.07e-03 1.55e-08  3.08e-08  14371s
 254   1.64277025e+00  1.64678359e+00  7.05e-03 1.64e-08  3.07e-08  14394s
 255   1.64282544e+00  1.64677720e+00  6.95e-03 1.17e-08  3.00e-08  14452s
 256   1.64283169e+00  1.64677633e+00  6.94e-03 1.16e-08  2.99e-08  14485s
 257   1.64328832e+00  1.64677160e+00  6.13e-03 1.07e-08  2.64e-08  14522s
 258   1.64328852e+00  1.64677121e+00  6.13e-03 1.07e-08  2.64e-08  14550s
 259   1.64329438e+00  1.64677426e+00  6.12e-03 1.10e-08  2.64e-08  14583s
 260   1.64335697e+00  1.64677143e+00  6.00e-03 1.07e-08  2.59e-08  14627s
 261   1.64337367e+00  1.64676840e+00  5.97e-03 1.03e-08  2.57e-08  14680s
 262   1.64337684e+00  1.64676419e+00  5.97e-03 9.70e-09  2.56e-08  14718s
 263   1.64339527e+00  1.64676088e+00  5.94e-03 9.19e-09  2.55e-08  14750s
 264   1.64341192e+00  1.64676053e+00  5.91e-03 9.14e-09  2.53e-08  14778s
 265   1.64341915e+00  1.64676046e+00  5.89e-03 9.15e-09  2.53e-08  14807s
 266   1.64341964e+00  1.64676039e+00  5.89e-03 9.16e-09  2.53e-08  14844s
 267   1.64342811e+00  1.64680364e+00  5.88e-03 8.60e-09  2.54e-08  14867s
 268   1.64343424e+00  1.64680034e+00  5.87e-03 8.36e-09  2.54e-08  14911s
 269   1.64343823e+00  1.64680022e+00  5.86e-03 8.35e-09  2.53e-08  14941s
 270   1.64346066e+00  1.64679901e+00  5.82e-03 8.99e-09  2.51e-08  14999s
 271   1.64360745e+00  1.64679768e+00  5.56e-03 9.62e-09  2.40e-08  15034s
 272   1.64362987e+00  1.64678532e+00  5.52e-03 9.05e-09  2.38e-08  15097s
 273   1.64363847e+00  1.64678490e+00  5.50e-03 9.41e-09  2.37e-08  15139s
 274   1.64364312e+00  1.64678339e+00  5.49e-03 9.39e-09  2.36e-08  15182s
 275   1.64365403e+00  1.64678105e+00  5.47e-03 9.63e-09  2.35e-08  15236s
 276   1.64366061e+00  1.64677535e+00  5.46e-03 8.65e-09  2.34e-08  15268s
 277   1.64367083e+00  1.64677060e+00  5.44e-03 8.00e-09  2.33e-08  15315s
 278   1.64367239e+00  1.64677016e+00  5.44e-03 8.15e-09  2.33e-08  15370s
 279   1.64369218e+00  1.64678291e+00  5.40e-03 7.83e-09  2.32e-08  15399s
 280   1.64371257e+00  1.64675394e+00  5.37e-03 6.10e-09  2.28e-08  15472s
 281   1.64371666e+00  1.64675358e+00  5.36e-03 6.07e-09  2.28e-08  15499s
 282   1.64375582e+00  1.64675519e+00  5.29e-03 5.84e-09  2.25e-08  15538s
 283   1.64375593e+00  1.64675478e+00  5.29e-03 5.65e-09  2.25e-08  15585s
 284   1.64375647e+00  1.64675447e+00  5.29e-03 6.30e-09  2.25e-08  15613s
 285   1.64376489e+00  1.64675475e+00  5.27e-03 6.52e-09  2.24e-08  15683s
 286   1.64377711e+00  1.64675389e+00  5.25e-03 6.55e-09  2.23e-08  15718s
 287   1.64378418e+00  1.64675065e+00  5.24e-03 7.24e-09  2.22e-08  15753s
 288   1.64379478e+00  1.64674653e+00  5.22e-03 7.26e-09  2.21e-08  15812s
 289   1.64379638e+00  1.64674499e+00  5.22e-03 7.31e-09  2.21e-08  15847s
 290   1.64383827e+00  1.64674524e+00  5.14e-03 7.37e-09  2.18e-08  15911s
 291   1.64390744e+00  1.64674405e+00  5.02e-03 7.82e-09  2.13e-08  15945s
 292   1.64400315e+00  1.64674321e+00  4.84e-03 7.82e-09  2.06e-08  15976s
 293   1.64400338e+00  1.64674315e+00  4.84e-03 7.80e-09  2.06e-08  16013s
 294   1.64400839e+00  1.64674280e+00  4.84e-03 8.15e-09  2.05e-08  16062s
 295   1.64401638e+00  1.64673584e+00  4.82e-03 7.96e-09  2.04e-08  16112s
 296   1.64401657e+00  1.64673584e+00  4.82e-03 7.96e-09  2.04e-08  16151s
 297   1.64401581e+00  1.64673590e+00  4.82e-03 1.46e-08  2.04e-08  16186s
 298   1.64403393e+00  1.64673593e+00  4.79e-03 1.39e-08  2.03e-08  16240s
 299   1.64404453e+00  1.64673315e+00  4.77e-03 1.34e-08  2.02e-08  16272s
 300   1.64405123e+00  1.64673272e+00  4.76e-03 1.33e-08  2.01e-08  16303s
 301   1.64405638e+00  1.64672474e+00  4.75e-03 1.17e-08  2.00e-08  16344s
 302   1.64411998e+00  1.64672280e+00  4.63e-03 1.14e-08  1.96e-08  16377s
 303   1.64412001e+00  1.64672282e+00  4.63e-03 1.14e-08  1.96e-08  16409s
 304   1.64415036e+00  1.64673554e+00  4.58e-03 7.66e-09  1.94e-08  16468s
 305   1.64415231e+00  1.64673452e+00  4.58e-03 7.56e-09  1.94e-08  16494s
 306   1.64419719e+00  1.64673064e+00  4.50e-03 7.02e-09  1.90e-08  16531s
 307   1.64419788e+00  1.64673060e+00  4.49e-03 7.56e-09  1.90e-08  16560s
 308   1.64421066e+00  1.64672836e+00  4.47e-03 7.05e-09  1.89e-08  16621s
 309   1.64421510e+00  1.64672663e+00  4.46e-03 9.14e-09  1.89e-08  16658s
 310   1.64422929e+00  1.64672495e+00  4.44e-03 8.69e-09  1.88e-08  16709s
 311   1.64423016e+00  1.64672484e+00  4.44e-03 8.65e-09  1.87e-08  16743s
 312   1.64424068e+00  1.64673961e+00  4.42e-03 8.22e-09  1.88e-08  16796s
 313   1.64427100e+00  1.64673379e+00  4.36e-03 8.42e-09  1.85e-08  16825s
 314   1.64428135e+00  1.64673144e+00  4.34e-03 9.45e-09  1.84e-08  16875s
 315   1.64430133e+00  1.64672413e+00  4.31e-03 9.61e-09  1.82e-08  16924s
 316   1.64431346e+00  1.64672248e+00  4.29e-03 1.06e-08  1.81e-08  16953s
 317   1.64433336e+00  1.64671606e+00  4.25e-03 1.08e-08  1.79e-08  16996s
 318   1.64434006e+00  1.64670973e+00  4.24e-03 9.46e-09  1.78e-08  17042s
 319   1.64437139e+00  1.64670832e+00  4.18e-03 1.08e-08  1.76e-08  17075s
 320   1.64438111e+00  1.64670591e+00  4.16e-03 1.09e-08  1.75e-08  17106s
 321   1.64438318e+00  1.64670516e+00  4.16e-03 1.10e-08  1.75e-08  17143s
 322   1.64443644e+00  1.64670650e+00  4.06e-03 9.96e-09  1.71e-08  17181s
 323   1.64443909e+00  1.64670644e+00  4.06e-03 9.84e-09  1.71e-08  17215s
 324   1.64448606e+00  1.64670265e+00  3.98e-03 1.14e-08  1.68e-08  17253s
 325   1.64451661e+00  1.64669898e+00  3.92e-03 1.16e-08  1.65e-08  17285s
 326   1.64460136e+00  1.64669714e+00  3.76e-03 1.22e-08  1.59e-08  17315s
 327   1.64460630e+00  1.64668919e+00  3.75e-03 1.11e-08  1.58e-08  17350s
 328   1.64460955e+00  1.64668786e+00  3.75e-03 1.32e-08  1.57e-08  17383s
 329   1.64461203e+00  1.64668810e+00  3.74e-03 1.39e-08  1.57e-08  17447s
 330   1.64461326e+00  1.64668584e+00  3.74e-03 1.40e-08  1.57e-08  17499s
 331   1.64463142e+00  1.64668302e+00  3.71e-03 1.36e-08  1.56e-08  17528s
 332   1.64463686e+00  1.64668133e+00  3.70e-03 1.38e-08  1.55e-08  17559s
 333   1.64464614e+00  1.64667854e+00  3.68e-03 1.36e-08  1.54e-08  17621s
 334   1.64465804e+00  1.64667563e+00  3.66e-03 1.40e-08  1.53e-08  17668s
 335   1.64466765e+00  1.64667272e+00  3.64e-03 1.25e-08  1.52e-08  17731s
 336   1.64467065e+00  1.64666943e+00  3.63e-03 1.28e-08  1.52e-08  17789s
 337   1.64467611e+00  1.64666863e+00  3.62e-03 1.27e-08  1.51e-08  17824s
 338   1.64467788e+00  1.64666851e+00  3.62e-03 1.25e-08  1.51e-08  17867s
 339   1.64467813e+00  1.64666722e+00  3.62e-03 1.25e-08  1.51e-08  17900s
 340   1.64468488e+00  1.64666650e+00  3.61e-03 1.26e-08  1.51e-08  17931s
 341   1.64468790e+00  1.64666478e+00  3.60e-03 1.32e-08  1.50e-08  17971s
 342   1.64472449e+00  1.64666032e+00  3.54e-03 1.21e-08  1.47e-08  18001s
 343   1.64473157e+00  1.64665732e+00  3.52e-03 1.10e-08  1.47e-08  18061s
 344   1.64474101e+00  1.64665488e+00  3.51e-03 1.05e-08  1.46e-08  18118s
 345   1.64480897e+00  1.64665252e+00  3.38e-03 9.93e-09  1.40e-08  18144s
 346   1.64481184e+00  1.64665275e+00  3.37e-03 1.08e-08  1.40e-08  18193s
 347   1.64481417e+00  1.64665259e+00  3.37e-03 1.03e-08  1.40e-08  18242s
 348   1.64482226e+00  1.64664983e+00  3.35e-03 1.13e-08  1.39e-08  18278s
 349   1.64492899e+00  1.64664947e+00  3.16e-03 1.11e-08  1.31e-08  18317s
 350   1.64493707e+00  1.64665152e+00  3.14e-03 1.11e-08  1.30e-08  18374s
 351   1.64494322e+00  1.64665066e+00  3.13e-03 1.16e-08  1.30e-08  18405s
 352   1.64495167e+00  1.64665019e+00  3.12e-03 1.03e-08  1.29e-08  18452s
 353   1.64496252e+00  1.64664614e+00  3.09e-03 1.01e-08  1.28e-08  18513s
 354   1.64496266e+00  1.64664627e+00  3.09e-03 1.17e-08  1.28e-08  18550s
 355   1.64496429e+00  1.64664609e+00  3.09e-03 1.16e-08  1.28e-08  18581s
 356   1.64496720e+00  1.64664744e+00  3.09e-03 1.13e-08  1.28e-08  18626s
 357   1.64496756e+00  1.64664636e+00  3.09e-03 1.20e-08  1.28e-08  18678s
 358   1.64497549e+00  1.64664559e+00  3.07e-03 1.19e-08  1.27e-08  18726s
 359   1.64498517e+00  1.64664510e+00  3.05e-03 1.18e-08  1.26e-08  18768s
 360   1.64498779e+00  1.64664512e+00  3.05e-03 1.13e-08  1.26e-08  18809s
 361   1.64498922e+00  1.64664124e+00  3.05e-03 1.02e-08  1.26e-08  18850s
 362   1.64499184e+00  1.64664116e+00  3.04e-03 1.07e-08  1.26e-08  18892s
 363   1.64499223e+00  1.64664117e+00  3.04e-03 1.07e-08  1.26e-08  18928s
 364   1.64499994e+00  1.64664080e+00  3.03e-03 1.01e-08  1.25e-08  18953s
 365   1.64501166e+00  1.64663905e+00  3.00e-03 9.24e-09  1.24e-08  18990s
 366   1.64503075e+00  1.64663842e+00  2.97e-03 9.01e-09  1.23e-08  19018s
 367   1.64503077e+00  1.64663844e+00  2.97e-03 9.01e-09  1.23e-08  19049s
 368   1.64504139e+00  1.64663889e+00  2.95e-03 9.87e-09  1.22e-08  19094s
 369   1.64506016e+00  1.64663784e+00  2.91e-03 9.52e-09  1.20e-08  19120s
 370   1.64506139e+00  1.64663822e+00  2.91e-03 9.29e-09  1.20e-08  19153s
 371   1.64507144e+00  1.64664018e+00  2.89e-03 8.34e-09  1.20e-08  19196s
 372   1.64507191e+00  1.64664043e+00  2.89e-03 8.34e-09  1.20e-08  19227s
 373   1.64508050e+00  1.64663923e+00  2.88e-03 8.11e-09  1.19e-08  19266s
 374   1.64508051e+00  1.64663923e+00  2.88e-03 8.11e-09  1.19e-08  19294s
 375   1.64508065e+00  1.64663934e+00  2.88e-03 8.11e-09  1.19e-08  19326s
 376   1.64508356e+00  1.64664104e+00  2.87e-03 8.04e-09  1.19e-08  19356s
 377   1.64508496e+00  1.64664068e+00  2.87e-03 7.91e-09  1.19e-08  19386s
 378   1.64513088e+00  1.64664076e+00  2.78e-03 8.69e-09  1.15e-08  19420s
 379   1.64513278e+00  1.64663975e+00  2.78e-03 8.28e-09  1.15e-08  19460s
 380   1.64515154e+00  1.64664114e+00  2.75e-03 7.09e-09  1.14e-08  19489s
 381   1.64516400e+00  1.64664121e+00  2.72e-03 8.02e-09  1.13e-08  19547s
 382   1.64517858e+00  1.64664126e+00  2.70e-03 7.30e-09  1.12e-08  19594s
 383   1.64518253e+00  1.64664140e+00  2.69e-03 7.02e-09  1.11e-08  19638s
 384   1.64519256e+00  1.64663727e+00  2.67e-03 5.68e-09  1.10e-08  19680s
 385   1.64519308e+00  1.64663728e+00  2.67e-03 5.64e-09  1.10e-08  19708s
 386   1.64519308e+00  1.64663727e+00  2.67e-03 5.64e-09  1.10e-08  19757s
 387   1.64520537e+00  1.64664138e+00  2.65e-03 5.35e-09  1.10e-08  19843s
 388   1.64521416e+00  1.64664021e+00  2.63e-03 5.48e-09  1.09e-08  19922s
 389   1.64521574e+00  1.64663950e+00  2.63e-03 6.08e-09  1.09e-08  19960s
 390   1.64521778e+00  1.64663734e+00  2.62e-03 6.06e-09  1.08e-08  20006s
 391   1.64522608e+00  1.64663713e+00  2.61e-03 6.11e-09  1.08e-08  20071s
 392   1.64522862e+00  1.64663679e+00  2.60e-03 7.15e-09  1.08e-08  20151s
 393   1.64523486e+00  1.64663314e+00  2.59e-03 6.41e-09  1.07e-08  20200s
 394   1.64523736e+00  1.64663202e+00  2.59e-03 6.25e-09  1.07e-08  20246s
 395   1.64524591e+00  1.64663297e+00  2.57e-03 7.07e-09  1.06e-08  20287s
 396   1.64525021e+00  1.64663389e+00  2.56e-03 7.17e-09  1.06e-08  20341s
 397   1.64525504e+00  1.64663306e+00  2.55e-03 7.37e-09  1.05e-08  20374s
 398   1.64525832e+00  1.64663273e+00  2.55e-03 6.76e-09  1.05e-08  20415s
 399   1.64525896e+00  1.64663191e+00  2.55e-03 6.61e-09  1.05e-08  20448s
 400   1.64526081e+00  1.64663269e+00  2.54e-03 5.70e-09  1.05e-08  20495s
 401   1.64526249e+00  1.64663171e+00  2.54e-03 5.61e-09  1.05e-08  20526s
 402   1.64526676e+00  1.64663045e+00  2.53e-03 5.55e-09  1.05e-08  20557s
 403   1.64526678e+00  1.64663049e+00  2.53e-03 5.56e-09  1.05e-08  20590s
 404   1.64527612e+00  1.64662913e+00  2.51e-03 4.87e-09  1.04e-08  20630s
 405   1.64527753e+00  1.64662913e+00  2.51e-03 4.88e-09  1.04e-08  20666s
 406   1.64528135e+00  1.64662852e+00  2.50e-03 4.74e-09  1.03e-08  20702s
 407   1.64529859e+00  1.64662576e+00  2.47e-03 4.39e-09  1.02e-08  20738s
 408   1.64530007e+00  1.64662499e+00  2.47e-03 4.29e-09  1.02e-08  20772s
 409   1.64530030e+00  1.64662510e+00  2.47e-03 4.29e-09  1.02e-08  20814s
 410   1.64530050e+00  1.64662616e+00  2.47e-03 4.60e-09  1.02e-08  20855s
 411   1.64530937e+00  1.64662568e+00  2.45e-03 4.47e-09  1.01e-08  20896s
 412   1.64531310e+00  1.64662445e+00  2.44e-03 4.69e-09  1.01e-08  20940s
 413   1.64531559e+00  1.64662408e+00  2.44e-03 4.60e-09  1.01e-08  20984s
 414   1.64532283e+00  1.64662356e+00  2.43e-03 4.96e-09  1.00e-08  21013s
 415   1.64534005e+00  1.64662207e+00  2.39e-03 5.60e-09  9.86e-09  21063s
 416   1.64534085e+00  1.64662200e+00  2.39e-03 5.54e-09  9.85e-09  21091s
 417   1.64534735e+00  1.64662340e+00  2.38e-03 5.40e-09  9.81e-09  21153s
 418   1.64534746e+00  1.64662358e+00  2.38e-03 5.40e-09  9.81e-09  21180s
 419   1.64535117e+00  1.64662443e+00  2.37e-03 4.86e-09  9.79e-09  21237s
 420   1.64535270e+00  1.64662640e+00  2.37e-03 5.10e-09  9.79e-09  21264s
 421   1.64535512e+00  1.64662533e+00  2.37e-03 5.05e-09  9.76e-09  21296s
 422   1.64536305e+00  1.64662320e+00  2.35e-03 5.10e-09  9.69e-09  21335s
 423   1.64536321e+00  1.64662317e+00  2.35e-03 5.09e-09  9.69e-09  21377s
 424   1.64536389e+00  1.64662364e+00  2.35e-03 5.13e-09  9.68e-09  21416s
 425   1.64537649e+00  1.64662047e+00  2.33e-03 4.44e-09  9.57e-09  21446s
 426   1.64537889e+00  1.64662224e+00  2.32e-03 4.95e-09  9.56e-09  21497s
 427   1.64538567e+00  1.64661966e+00  2.31e-03 4.67e-09  9.50e-09  21531s
 428   1.64538823e+00  1.64661937e+00  2.30e-03 4.46e-09  9.48e-09  21562s
 429   1.64539307e+00  1.64661624e+00  2.30e-03 3.49e-09  9.43e-09  21590s
 430   1.64539367e+00  1.64661632e+00  2.29e-03 3.51e-09  9.42e-09  21621s
 431   1.64539999e+00  1.64661631e+00  2.28e-03 3.50e-09  9.38e-09  21655s
 432   1.64541321e+00  1.64661512e+00  2.26e-03 3.42e-09  9.28e-09  21698s
 433   1.64541935e+00  1.64661357e+00  2.25e-03 3.15e-09  9.22e-09  21725s
 434   1.64541984e+00  1.64661276e+00  2.24e-03 2.70e-09  9.21e-09  21765s
 435   1.64542433e+00  1.64661372e+00  2.24e-03 3.32e-09  9.18e-09  21825s
 436   1.64543327e+00  1.64661370e+00  2.22e-03 3.35e-09  9.12e-09  21860s
 437   1.64543619e+00  1.64661350e+00  2.21e-03 3.38e-09  9.09e-09  21910s
 438   1.64544873e+00  1.64661434e+00  2.19e-03 3.13e-09  9.01e-09  21953s
 439   1.64545421e+00  1.64661295e+00  2.18e-03 2.78e-09  8.96e-09  21990s
 440   1.64546002e+00  1.64661274e+00  2.17e-03 3.13e-09  8.91e-09  22028s
 441   1.64546259e+00  1.64661197e+00  2.16e-03 2.90e-09  8.88e-09  22077s
 442   1.64546567e+00  1.64661544e+00  2.16e-03 4.50e-09  8.87e-09  22132s
 443   1.64547034e+00  1.64661523e+00  2.15e-03 4.42e-09  8.84e-09  22165s
 444   1.64547134e+00  1.64661618e+00  2.15e-03 4.56e-09  8.83e-09  22213s
 445   1.64547780e+00  1.64661552e+00  2.14e-03 4.25e-09  8.77e-09  22260s
 446   1.64548284e+00  1.64661402e+00  2.13e-03 4.02e-09  8.73e-09  22317s
 447   1.64548409e+00  1.64661137e+00  2.12e-03 3.62e-09  8.71e-09  22378s
 448   1.64548646e+00  1.64661136e+00  2.12e-03 4.31e-09  8.69e-09  22417s
 449   1.64548648e+00  1.64661115e+00  2.12e-03 4.20e-09  8.69e-09  22484s
 450   1.64548724e+00  1.64661087e+00  2.12e-03 4.17e-09  8.68e-09  22522s
 451   1.64551108e+00  1.64660960e+00  2.07e-03 3.93e-09  8.50e-09  22578s
 452   1.64551420e+00  1.64660899e+00  2.07e-03 3.12e-09  8.47e-09  22646s
 453   1.64551595e+00  1.64661043e+00  2.06e-03 2.84e-09  8.46e-09  22721s
 454   1.64552403e+00  1.64660883e+00  2.05e-03 2.67e-09  8.39e-09  22756s
 455   1.64553068e+00  1.64660878e+00  2.03e-03 5.54e-09  8.34e-09  22788s
 456   1.64553089e+00  1.64660850e+00  2.03e-03 5.35e-09  8.34e-09  22834s
 457   1.64553295e+00  1.64660904e+00  2.03e-03 4.99e-09  8.33e-09  22905s
 458   1.64553296e+00  1.64660925e+00  2.03e-03 5.02e-09  8.33e-09  22936s
 459   1.64553743e+00  1.64661456e+00  2.02e-03 5.51e-09  8.32e-09  22980s
 460   1.64554167e+00  1.64661355e+00  2.01e-03 5.24e-09  8.28e-09  23032s
 461   1.64555121e+00  1.64661181e+00  2.00e-03 4.83e-09  8.20e-09  23062s
 462   1.64556261e+00  1.64661244e+00  1.97e-03 4.14e-09  8.12e-09  23089s
 463   1.64556751e+00  1.64661188e+00  1.97e-03 4.05e-09  8.08e-09  23123s
 464   1.64556947e+00  1.64661269e+00  1.96e-03 4.02e-09  8.06e-09  23171s
 465   1.64557781e+00  1.64661194e+00  1.95e-03 3.36e-09  7.99e-09  23214s
 466   1.64558005e+00  1.64661146e+00  1.94e-03 3.26e-09  7.97e-09  23258s
 467   1.64566196e+00  1.64660961e+00  1.79e-03 3.14e-09  7.33e-09  23296s
 468   1.64566853e+00  1.64660639e+00  1.77e-03 2.89e-09  7.27e-09  23342s
 469   1.64567046e+00  1.64660505e+00  1.77e-03 2.74e-09  7.25e-09  23391s
 470   1.64567176e+00  1.64660460e+00  1.77e-03 2.58e-09  7.24e-09  23425s
 471   1.64567225e+00  1.64660473e+00  1.77e-03 2.59e-09  7.23e-09  23451s
 472   1.64567266e+00  1.64660572e+00  1.76e-03 2.60e-09  7.23e-09  23485s
 473   1.64567293e+00  1.64660576e+00  1.76e-03 2.58e-09  7.23e-09  23520s
 474   1.64567474e+00  1.64661436e+00  1.76e-03 2.83e-09  7.27e-09  23557s
 475   1.64567660e+00  1.64661376e+00  1.76e-03 3.00e-09  7.25e-09  23588s
 476   1.64567861e+00  1.64661418e+00  1.75e-03 3.74e-09  7.23e-09  23680s
 477   1.64567955e+00  1.64661411e+00  1.75e-03 3.74e-09  7.23e-09  23728s
 478   1.64568418e+00  1.64661275e+00  1.74e-03 3.87e-09  7.18e-09  23768s
 479   1.64568481e+00  1.64661274e+00  1.74e-03 3.96e-09  7.18e-09  23809s
 480   1.64569207e+00  1.64661445e+00  1.73e-03 3.57e-09  7.15e-09  23848s
 481   1.64569884e+00  1.64661401e+00  1.72e-03 3.51e-09  7.09e-09  23884s
 482   1.64570082e+00  1.64661273e+00  1.71e-03 2.73e-09  7.07e-09  23929s
 483   1.64570083e+00  1.64661246e+00  1.71e-03 2.70e-09  7.07e-09  23964s
 484   1.64570123e+00  1.64661374e+00  1.71e-03 2.97e-09  7.07e-09  24017s
 485   1.64570618e+00  1.64661221e+00  1.70e-03 3.40e-09  7.01e-09  24070s
 486   1.64570671e+00  1.64661162e+00  1.70e-03 3.95e-09  7.00e-09  24127s
 487   1.64571498e+00  1.64661146e+00  1.68e-03 3.97e-09  6.94e-09  24166s
 488   1.64572045e+00  1.64661002e+00  1.67e-03 3.78e-09  6.89e-09  24222s
 489   1.64572109e+00  1.64660911e+00  1.67e-03 3.51e-09  6.88e-09  24262s
 490   1.64572175e+00  1.64661044e+00  1.67e-03 4.25e-09  6.88e-09  24319s
 491   1.64572314e+00  1.64660957e+00  1.67e-03 3.88e-09  6.86e-09  24372s
 492   1.64572538e+00  1.64661061e+00  1.66e-03 4.29e-09  6.85e-09  24430s
 493   1.64572794e+00  1.64660998e+00  1.66e-03 4.61e-09  6.82e-09  24469s
 494   1.64572883e+00  1.64660891e+00  1.66e-03 4.55e-09  6.81e-09  24512s
 495   1.64573062e+00  1.64660865e+00  1.65e-03 4.82e-09  6.80e-09  24564s
 496   1.64573091e+00  1.64660875e+00  1.65e-03 4.85e-09  6.80e-09  24602s
 497   1.64573211e+00  1.64660875e+00  1.65e-03 4.83e-09  6.79e-09  24636s
 498   1.64573214e+00  1.64660871e+00  1.65e-03 4.83e-09  6.79e-09  24671s
 499   1.64573484e+00  1.64661594e+00  1.65e-03 4.68e-09  6.80e-09  24727s
 500   1.64573884e+00  1.64661588e+00  1.64e-03 4.79e-09  6.77e-09  24765s
 501   1.64574190e+00  1.64661512e+00  1.63e-03 4.45e-09  6.74e-09  24810s
 502   1.64574208e+00  1.64661505e+00  1.63e-03 4.47e-09  6.73e-09  24859s
 503   1.64574223e+00  1.64661504e+00  1.63e-03 4.51e-09  6.73e-09  24898s
 504   1.64574279e+00  1.64661407e+00  1.63e-03 4.35e-09  6.73e-09  24942s
 505   1.64574415e+00  1.64661538e+00  1.63e-03 4.81e-09  6.72e-09  24980s
 506   1.64574454e+00  1.64661421e+00  1.63e-03 4.85e-09  6.71e-09  25021s
 507   1.64574546e+00  1.64661403e+00  1.63e-03 4.77e-09  6.70e-09  25060s
 508   1.64574756e+00  1.64661478e+00  1.62e-03 3.08e-09  6.69e-09  25098s
 509   1.64574959e+00  1.64661469e+00  1.62e-03 2.89e-09  6.67e-09  25153s
 510   1.64575092e+00  1.64661356e+00  1.62e-03 2.70e-09  6.66e-09  25203s
 511   1.64575212e+00  1.64661113e+00  1.61e-03 1.10e-08  6.64e-09  25268s
 512   1.64575544e+00  1.64661035e+00  1.61e-03 9.82e-09  6.61e-09  25322s
 513   1.64575722e+00  1.64661141e+00  1.60e-03 7.69e-09  6.60e-09  25381s
 514   1.64576418e+00  1.64661072e+00  1.59e-03 7.01e-09  6.54e-09  25430s
 515   1.64576436e+00  1.64661103e+00  1.59e-03 7.53e-09  6.54e-09  25480s
 516   1.64576690e+00  1.64661490e+00  1.59e-03 6.67e-09  6.54e-09  25519s
 517   1.64576710e+00  1.64661445e+00  1.59e-03 6.30e-09  6.53e-09  25555s
 518   1.64577198e+00  1.64661360e+00  1.58e-03 6.01e-09  6.49e-09  25582s
 519   1.64577441e+00  1.64661387e+00  1.57e-03 8.43e-09  6.47e-09  25633s
 520   1.64577970e+00  1.64661302e+00  1.56e-03 7.21e-09  6.43e-09  25674s
 521   1.64578240e+00  1.64661384e+00  1.56e-03 7.00e-09  6.41e-09  25707s
 522   1.64578643e+00  1.64661421e+00  1.55e-03 6.15e-09  6.38e-09  25750s
 523   1.64578809e+00  1.64661491e+00  1.55e-03 5.48e-09  6.36e-09  25819s
 524   1.64578827e+00  1.64661496e+00  1.55e-03 8.02e-09  6.36e-09  25893s
 525   1.64579528e+00  1.64661361e+00  1.53e-03 7.17e-09  6.31e-09  25941s
 526   1.64579529e+00  1.64661404e+00  1.53e-03 5.96e-09  6.31e-09  25985s
 527   1.64579629e+00  1.64661420e+00  1.53e-03 5.92e-09  6.30e-09  26043s
 528   1.64580473e+00  1.64661236e+00  1.52e-03 4.44e-09  6.23e-09  26089s
 529   1.64580610e+00  1.64661144e+00  1.51e-03 4.25e-09  6.22e-09  26124s
 530   1.64580647e+00  1.64660832e+00  1.51e-03 3.71e-09  6.21e-09  26221s
 531   1.64581026e+00  1.64660804e+00  1.50e-03 3.75e-09  6.18e-09  26260s
 532   1.64581696e+00  1.64660800e+00  1.49e-03 3.62e-09  6.13e-09  26293s
 533   1.64581936e+00  1.64660793e+00  1.49e-03 3.85e-09  6.11e-09  26331s
 534   1.64582307e+00  1.64660821e+00  1.48e-03 4.08e-09  6.08e-09  26385s
 535   1.64582308e+00  1.64660849e+00  1.48e-03 4.07e-09  6.08e-09  26415s
 536   1.64582380e+00  1.64660956e+00  1.48e-03 3.82e-09  6.08e-09  26468s
 537   1.64582486e+00  1.64660881e+00  1.48e-03 4.72e-09  6.06e-09  26522s
 538   1.64582618e+00  1.64660528e+00  1.47e-03 3.87e-09  6.05e-09  26560s
 539   1.64582726e+00  1.64660586e+00  1.47e-03 4.40e-09  6.04e-09  26590s
 540   1.64582991e+00  1.64660632e+00  1.47e-03 3.35e-09  6.01e-09  26653s
 541   1.64582991e+00  1.64660627e+00  1.47e-03 3.35e-09  6.01e-09  26681s
 542   1.64582997e+00  1.64660619e+00  1.47e-03 3.34e-09  6.01e-09  26723s
 543   1.64583014e+00  1.64660644e+00  1.47e-03 7.07e-09  6.01e-09  26752s
 544   1.64583523e+00  1.64661973e+00  1.46e-03 4.36e-09  6.05e-09  26802s
 545   1.64583942e+00  1.64661905e+00  1.45e-03 3.46e-09  6.01e-09  26881s
 546   1.64584025e+00  1.64661946e+00  1.45e-03 3.40e-09  6.00e-09  26920s
 547   1.64596756e+00  1.64661871e+00  1.21e-03 3.16e-09  5.05e-09  26948s
 548   1.64596770e+00  1.64661865e+00  1.21e-03 2.47e-09  5.05e-09  26985s
 549   1.64597708e+00  1.64663196e+00  1.20e-03 3.85e-09  5.06e-09  27027s
 550   1.64597712e+00  1.64663220e+00  1.20e-03 3.87e-09  5.06e-09  27079s
 551   1.64597944e+00  1.64664007e+00  1.19e-03 3.75e-09  5.09e-09  27109s
 552   1.64597947e+00  1.64664009e+00  1.19e-03 3.70e-09  5.09e-09  27145s
 553   1.64598056e+00  1.64663824e+00  1.19e-03 3.57e-09  5.07e-09  27183s
 554   1.64598176e+00  1.64663379e+00  1.19e-03 3.30e-09  5.04e-09  27229s
 555   1.64598189e+00  1.64663376e+00  1.19e-03 3.30e-09  5.04e-09  27259s
 556   1.64598196e+00  1.64663385e+00  1.19e-03 3.31e-09  5.04e-09  27282s
 557   1.64598400e+00  1.64663459e+00  1.18e-03 5.57e-09  5.03e-09  27329s
 558   1.64598676e+00  1.64663083e+00  1.18e-03 3.85e-09  4.99e-09  27368s
 559   1.64598756e+00  1.64662851e+00  1.18e-03 3.99e-09  4.96e-09  27407s
 560   1.64598780e+00  1.64662842e+00  1.18e-03 3.97e-09  4.95e-09  27440s
 561   1.64598789e+00  1.64662710e+00  1.18e-03 3.97e-09  4.95e-09  27494s
 562   1.64599101e+00  1.64663702e+00  1.17e-03 4.32e-09  4.97e-09  27545s
 563   1.64599422e+00  1.64663580e+00  1.16e-03 5.01e-09  4.94e-09  27591s
 564   1.64599713e+00  1.64663464e+00  1.16e-03 4.05e-09  4.90e-09  27624s
 565   1.64599793e+00  1.64663602e+00  1.16e-03 4.06e-09  4.89e-09  27652s
 566   1.64599814e+00  1.64663447e+00  1.16e-03 3.94e-09  4.88e-09  27688s
 567   1.64599839e+00  1.64663575e+00  1.16e-03 4.05e-09  4.88e-09  27783s
 568   1.64600231e+00  1.64664073e+00  1.15e-03 4.09e-09  4.90e-09  27883s
 569   1.64600547e+00  1.64664030e+00  1.14e-03 7.11e-09  4.87e-09  27915s
 570   1.64600579e+00  1.64664009e+00  1.14e-03 7.05e-09  4.87e-09  27962s
 571   1.64600969e+00  1.64664252e+00  1.14e-03 5.57e-09  4.85e-09  28001s
 572   1.64601047e+00  1.64664157e+00  1.13e-03 5.73e-09  4.84e-09  28043s
 573   1.64602521e+00  1.64663995e+00  1.11e-03 5.39e-09  4.71e-09  28072s
 574   1.64602638e+00  1.64663867e+00  1.10e-03 4.51e-09  4.68e-09  28119s
 575   1.64602782e+00  1.64663595e+00  1.10e-03 5.29e-09  4.66e-09  28149s
 576   1.64603604e+00  1.64663345e+00  1.09e-03 3.91e-09  4.60e-09  28197s
 577   1.64603820e+00  1.64663185e+00  1.08e-03 4.05e-09  4.57e-09  28242s
 578   1.64603906e+00  1.64663178e+00  1.08e-03 4.05e-09  4.55e-09  28288s
 579   1.64603982e+00  1.64662991e+00  1.08e-03 3.80e-09  4.53e-09  28339s
 580   1.64604001e+00  1.64663556e+00  1.08e-03 3.66e-09  4.54e-09  28395s
 581   1.64604092e+00  1.64663719e+00  1.08e-03 3.53e-09  4.54e-09  28453s
 582   1.64604111e+00  1.64663721e+00  1.08e-03 3.45e-09  4.54e-09  28500s
 583   1.64604144e+00  1.64663574e+00  1.08e-03 3.34e-09  4.54e-09  28562s
 584   1.64604172e+00  1.64664114e+00  1.08e-03 3.07e-09  4.55e-09  28614s
 585   1.64604227e+00  1.64664091e+00  1.08e-03 2.70e-09  4.54e-09  28655s
 586   1.64604149e+00  1.64664101e+00  1.08e-03 2.68e-09  4.56e-09  28684s
 587   1.64621888e+00  1.64664558e+00  7.82e-04 2.41e-09  3.53e-09  28726s
 588   1.64621925e+00  1.64664376e+00  7.82e-04 1.91e-09  3.51e-09  28786s
 589   1.64621976e+00  1.64664317e+00  7.81e-04 5.02e-09  3.50e-09  28829s
 590   1.64621998e+00  1.64664415e+00  7.80e-04 8.30e-09  3.50e-09  28860s
 591   1.64622137e+00  1.64664552e+00  7.78e-04 2.32e-09  3.49e-09  28899s
 592   1.64622209e+00  1.64664301e+00  7.77e-04 2.85e-09  3.48e-09  28941s
 593   1.64622268e+00  1.64664219e+00  7.76e-04 2.48e-09  3.47e-09  28970s
 594   1.64622495e+00  1.64664140e+00  7.71e-04 2.45e-09  3.44e-09  29001s
 595   1.64622541e+00  1.64664060e+00  7.70e-04 3.32e-09  3.43e-09  29038s
 596   1.64622594e+00  1.64664109e+00  7.69e-04 3.78e-09  3.43e-09  29086s
 597   1.64622622e+00  1.64664186e+00  7.69e-04 4.22e-09  3.43e-09  29122s
 598   1.64622666e+00  1.64664205e+00  7.68e-04 5.21e-09  3.42e-09  29150s
 599   1.64622687e+00  1.64663976e+00  7.68e-04 3.59e-09  3.42e-09  29203s
 600   1.64622771e+00  1.64663950e+00  7.66e-04 4.54e-09  3.41e-09  29243s
 601   1.64622812e+00  1.64663946e+00  7.65e-04 4.61e-09  3.40e-09  29272s
 602   1.64622865e+00  1.64663874e+00  7.64e-04 7.64e-09  3.42e-09  29316s
 603   1.64622881e+00  1.64663822e+00  7.64e-04 7.15e-09  3.41e-09  29359s
 604   1.64622883e+00  1.64664080e+00  7.64e-04 6.52e-09  3.42e-09  29385s
 605   1.64622884e+00  1.64664070e+00  7.64e-04 3.44e-09  3.42e-09  29425s
 606   1.64622895e+00  1.64664047e+00  7.64e-04 9.80e-09  3.41e-09  29458s
 607   1.64622897e+00  1.64664028e+00  7.64e-04 8.74e-09  3.41e-09  29497s
 608   1.64623257e+00  1.64664235e+00  7.57e-04 2.32e-09  3.40e-09  29528s
 609   1.64623376e+00  1.64664162e+00  7.55e-04 2.25e-09  3.38e-09  29581s
 610   1.64623383e+00  1.64664159e+00  7.55e-04 3.18e-09  3.38e-09  29613s
 611   1.64623474e+00  1.64666061e+00  7.53e-04 2.05e-09  3.49e-09  29642s
 612   1.64630108e+00  1.64665736e+00  6.28e-04 8.50e-09  2.96e-09  29671s
 613   1.64630659e+00  1.64664888e+00  6.17e-04 1.99e-08  2.86e-09  29713s
 614   1.64630759e+00  1.64664783e+00  6.15e-04 2.21e-08  2.84e-09  29758s
 615   1.64630759e+00  1.64664781e+00  6.15e-04 1.84e-08  2.84e-09  29790s
 616   1.64630760e+00  1.64664764e+00  6.15e-04 1.84e-08  2.84e-09  29836s
 617   1.64630783e+00  1.64664781e+00  6.15e-04 1.80e-08  2.84e-09  29866s
 618   1.64630875e+00  1.64664711e+00  6.13e-04 1.62e-08  2.82e-09  29913s
 619   1.64630969e+00  1.64664403e+00  6.11e-04 1.36e-08  2.80e-09  29949s
 620   1.64631029e+00  1.64664365e+00  6.10e-04 1.38e-08  2.79e-09  29984s
 621   1.64631401e+00  1.64664379e+00  6.05e-04 1.31e-08  2.79e-09  30018s
 622   1.64631442e+00  1.64664278e+00  6.04e-04 1.39e-08  2.78e-09  30075s
 623   1.64631484e+00  1.64664261e+00  6.03e-04 1.12e-08  2.77e-09  30122s
 624   1.64631493e+00  1.64664484e+00  6.03e-04 1.07e-08  2.77e-09  30170s
 625   1.64631500e+00  1.64664346e+00  6.03e-04 1.04e-08  2.77e-09  30227s
 626   1.64631517e+00  1.64664263e+00  6.02e-04 9.98e-09  2.76e-09  30265s
 627   1.64631518e+00  1.64664246e+00  6.02e-04 8.09e-09  2.76e-09  30299s
 628   1.64631612e+00  1.64664588e+00  6.01e-04 5.05e-09  2.77e-09  30362s
 629   1.64631625e+00  1.64664486e+00  6.01e-04 4.29e-09  2.75e-09  30408s
 630   1.64631631e+00  1.64664563e+00  6.01e-04 4.11e-09  2.75e-09  30446s
 631   1.64631683e+00  1.64664897e+00  6.00e-04 3.27e-09  2.75e-09  30501s
 632   1.64631692e+00  1.64665044e+00  6.00e-04 3.30e-09  2.75e-09  30529s
 633   1.64631720e+00  1.64664972e+00  5.99e-04 3.60e-09  2.76e-09  30571s
 634   1.64631719e+00  1.64664928e+00  5.99e-04 4.42e-09  2.76e-09  30597s
 635   1.64631762e+00  1.64664925e+00  5.98e-04 4.41e-09  2.75e-09  30629s
 636   1.64631781e+00  1.64664920e+00  5.98e-04 3.86e-09  2.75e-09  30693s
 637   1.64631832e+00  1.64665781e+00  5.97e-04 3.25e-09  2.79e-09  30746s
 638   1.64631834e+00  1.64665674e+00  5.97e-04 2.78e-09  2.79e-09  30791s
 639   1.64631897e+00  1.64665648e+00  5.96e-04 2.71e-09  2.78e-09  30828s
 640   1.64631898e+00  1.64665635e+00  5.96e-04 2.30e-09  2.78e-09  30868s
 641   1.64631910e+00  1.64665443e+00  5.96e-04 5.64e-09  2.77e-09  30914s
 642   1.64631955e+00  1.64665136e+00  5.95e-04 2.24e-09  2.75e-09  30964s
 643   1.64632011e+00  1.64665039e+00  5.94e-04 2.39e-09  2.74e-09  30993s
 644   1.64632070e+00  1.64664998e+00  5.93e-04 2.29e-09  2.73e-09  31038s
 645   1.64632072e+00  1.64665024e+00  5.93e-04 4.34e-09  2.73e-09  31074s
 646   1.64632154e+00  1.64665264e+00  5.91e-04 3.37e-09  2.75e-09  31131s
 647   1.64632196e+00  1.64665370e+00  5.90e-04 3.70e-09  2.72e-09  31193s
 648   1.64632240e+00  1.64665185e+00  5.89e-04 3.64e-09  2.71e-09  31236s
 649   1.64632316e+00  1.64665166e+00  5.88e-04 4.83e-09  2.70e-09  31290s
 650   1.64632412e+00  1.64665211e+00  5.86e-04 3.66e-09  2.69e-09  31331s
 651   1.64632418e+00  1.64665035e+00  5.86e-04 4.07e-09  2.68e-09  31369s
 652   1.64632435e+00  1.64665043e+00  5.86e-04 3.85e-08  2.68e-09  31405s
 653   1.64632459e+00  1.64665019e+00  5.85e-04 3.83e-09  2.68e-09  31452s
 654   1.64632458e+00  1.64664937e+00  5.85e-04 3.82e-09  2.68e-09  31475s
 655   1.64632477e+00  1.64664937e+00  5.85e-04 4.58e-09  2.67e-09  31515s
 656   1.64632479e+00  1.64664936e+00  5.85e-04 3.94e-09  2.67e-09  31544s
 657   1.64632928e+00  1.64664941e+00  5.78e-04 4.04e-09  2.64e-09  31578s
 658   1.64632959e+00  1.64664766e+00  5.78e-04 3.86e-09  2.64e-09  31644s
 659   1.64633061e+00  1.64664748e+00  5.76e-04 3.94e-09  2.62e-09  31697s
 660   1.64633088e+00  1.64665009e+00  5.75e-04 2.51e-09  2.62e-09  31752s

Barrier solved model in 660 iterations and 31752.46 seconds (19558.87 work units)
Optimal objective 1.64632412e+00

