Set parameter Username
Academic license - for non-commercial use only - expires 2027-02-09
Set parameter Threads to value 4
Set parameter Method to value 2
Set parameter BarOrder to value 1
Set parameter BarHomogeneous to value 1
Set parameter NumericFocus to value 2
Set parameter Crossover to value 0
Gurobi Optimizer version 9.5.1 build v9.5.1rc2 (linux64)
Thread count: 32 physical cores, 64 logical processors, using up to 4 threads
Optimize a model with 4757035 rows, 5673230 columns and 26874001 nonzeros
Model fingerprint: 0xf16e84f5
Coefficient statistics:
  Matrix range     [1e-04, 3e+00]
  Objective range  [1e+00, 1e+00]
  Bounds range     [0e+00, 0e+00]
  RHS range        [1e-03, 1e+00]
Presolve removed 1754013 rows and 4619507 columns (presolve time = 6s) ...
Presolve removed 1757734 rows and 4623228 columns (presolve time = 15s) ...
Presolve removed 1765176 rows and 4623229 columns
Presolve time: 18.46s
Presolved: 2991859 rows, 1050001 columns, 19021372 nonzeros
Ordering time: 2.62s

Barrier statistics:
 Dense cols : 264
 AA' NZ     : 4.722e+07
 Factor NZ  : 7.295e+07 (roughly 1.7 GB of memory)
 Factor Ops : 4.781e+09 (less than 1 second per iteration)
 Threads    : 4

                  Objective                Residual
Iter       Primal          Dual         Primal    Dual     Compl     Time
   0   9.59740963e+00  1.25000000e+02  6.05e+07 6.25e-02  1.00e+06   625s
   1   9.59740963e-01  1.63797524e+06  4.13e+07 2.40e+02  5.26e+05   629s
   2   4.43206641e+00  2.71871258e+06  3.68e+07 8.11e+01  3.67e+05   635s
   3   3.03689586e+01  1.74842458e+06  2.66e+07 5.70e+01  2.62e+05   643s
   4   7.54931117e+01  1.33072496e+06  1.50e+07 5.13e+01  1.74e+05   650s
   5   1.54994071e+01  1.72547628e+05  1.79e+06 6.10e+00  3.00e+03   654s
   6   2.45400592e+00  1.17518579e+04  2.65e+04 4.96e-01  4.62e+00   658s
   7   2.13306197e+00  1.96691779e+03  3.80e+03 7.49e-02  3.02e-01   664s
   8   2.10962012e+00  5.52306670e+02  1.42e+03 2.22e-02  8.81e-02   670s
   9   2.09968205e+00  3.27446717e+02  7.80e+02 1.31e-02  4.56e-02   676s
  10   2.09081164e+00  2.08258351e+02  3.87e+02 8.29e-03  2.31e-02   680s
  11   2.08894353e+00  1.64780945e+02  3.14e+02 6.54e-03  1.83e-02   685s
  12   2.08845546e+00  1.40606492e+02  2.85e+02 5.54e-03  1.65e-02   692s
  13   2.09216326e+00  9.19542072e+01  2.14e+02 3.60e-03  1.31e-02   700s
  14   2.08224507e+00  6.71614347e+01  1.91e+02 2.63e-03  1.44e-02   709s
  15   1.97488803e+00  3.04097956e+01  1.40e+02 1.02e-03  8.32e-03   717s
  16   1.95498225e+00  1.90883085e+01  1.30e+02 5.71e-04  6.51e-03   725s
  17   1.90738434e+00  1.56846844e+01  1.09e+02 4.45e-04  5.22e-03   732s
  18   1.87677165e+00  1.11466722e+01  9.62e+01 2.74e-04  3.83e-03   737s
  19   1.83863935e+00  8.34312474e+00  8.07e+01 1.74e-04  2.70e-03   744s
  20   1.73005327e+00  6.34960046e+00  4.06e+01 1.11e-04  1.22e-03   753s
  21   1.68762425e+00  4.66638848e+00  2.68e+01 6.64e-05  6.62e-04   762s
  22   1.63529931e+00  4.05095986e+00  1.49e+01 5.29e-05  3.50e-04   770s
  23   1.57542436e+00  3.38843402e+00  4.01e+00 3.92e-05  1.05e-04   779s
  24   1.54770292e+00  2.73774262e+00  2.15e+00 2.58e-05  5.60e-05   788s
  25   1.50626016e+00  2.21055735e+00  9.25e-01 1.51e-05  2.78e-05   797s
  26   1.49158047e+00  1.87272316e+00  6.59e-01 8.38e-06  1.56e-05   807s
  27   1.47960026e+00  1.68872827e+00  4.30e-01 4.64e-06  8.30e-06   815s
  28   1.47395488e+00  1.63819570e+00  2.91e-01 3.58e-06  5.88e-06   822s
  29   1.47140875e+00  1.62923363e+00  1.97e-01 3.40e-06  5.08e-06   829s
  30   1.47048483e+00  1.61222160e+00  1.58e-01 3.04e-06  4.31e-06   837s
  31   1.47052142e+00  1.57168307e+00  1.34e-01 2.19e-06  3.02e-06   846s
  32   1.47537660e+00  1.53691054e+00  8.25e-02 1.38e-06  1.71e-06   859s
  33   1.47820582e+00  1.52888741e+00  7.26e-02 1.14e-06  1.37e-06   873s
  34   1.48179780e+00  1.52529110e+00  6.14e-02 9.89e-07  1.15e-06   887s
  35   1.48771140e+00  1.52363657e+00  4.75e-02 7.68e-07  8.51e-07   903s
  36   1.49292872e+00  1.52235468e+00  3.89e-02 6.34e-07  6.73e-07   920s
  37   1.49973254e+00  1.52218716e+00  3.06e-02 5.65e-07  5.50e-07   938s
  38   1.50267598e+00  1.52250777e+00  2.69e-02 3.98e-07  3.95e-07   958s
  39   1.50842931e+00  1.52381805e+00  2.05e-02 2.88e-07  2.79e-07   978s
  40   1.51498352e+00  1.52448909e+00  1.46e-02 2.52e-07  2.22e-07  1003s
  41   1.51942483e+00  1.52886493e+00  1.17e-02 1.67e-07  1.59e-07  1033s
  42   1.52195698e+00  1.53177145e+00  1.04e-02 1.33e-07  1.38e-07  1070s
  43   1.52583496e+00  1.53479479e+00  8.82e-03 1.07e-07  1.17e-07  1110s
  44   1.52895306e+00  1.53831111e+00  7.63e-03 7.85e-08  9.79e-08  1152s
  45   1.53312600e+00  1.54067265e+00  6.08e-03 6.17e-08  8.04e-08  1198s
  46   1.53567750e+00  1.54251413e+00  5.12e-03 4.87e-08  6.78e-08  1254s
  47   1.53686581e+00  1.54360401e+00  4.66e-03 4.08e-08  6.05e-08  1307s
  48   1.53990903e+00  1.54456743e+00  3.41e-03 3.21e-08  4.53e-08  1373s
  49   1.54108674e+00  1.54516113e+00  2.90e-03 2.70e-08  3.86e-08  1398s
  50   1.54144249e+00  1.54576924e+00  2.73e-03 2.13e-08  3.43e-08  1421s
  51   1.54243770e+00  1.54604728e+00  2.28e-03 1.79e-08  2.87e-08  1437s
  52   1.54312099e+00  1.54624986e+00  1.97e-03 1.54e-08  2.48e-08  1457s
  53   1.54363109e+00  1.54631290e+00  1.75e-03 1.47e-08  2.26e-08  1474s
  54   1.54459270e+00  1.54661781e+00  1.39e-03 1.24e-08  1.81e-08  1494s
  55   1.54514420e+00  1.54710066e+00  1.18e-03 8.10e-09  1.41e-08  1525s
  56   1.54583476e+00  1.54728759e+00  8.83e-04 6.43e-09  1.08e-08  1544s
  57   1.54629173e+00  1.54765347e+00  6.94e-04 3.27e-09  7.63e-09  1562s
  58   1.54665287e+00  1.54770276e+00  5.35e-04 2.64e-09  5.97e-09  1579s
  59   1.54683203e+00  1.54776375e+00  4.54e-04 1.76e-09  4.79e-09  1589s
  60   1.54686315e+00  1.54777960e+00  4.40e-04 1.47e-09  4.48e-09  1598s
  61   1.54698670e+00  1.54778749e+00  3.85e-04 1.33e-09  3.93e-09  1605s
  62   1.54704859e+00  1.54778917e+00  3.57e-04 1.28e-09  3.67e-09  1615s
  63   1.54708559e+00  1.54779011e+00  3.40e-04 1.25e-09  3.52e-09  1628s
  64   1.54709994e+00  1.54779432e+00  3.34e-04 1.17e-09  3.42e-09  1640s
  65   1.54725697e+00  1.54780109e+00  2.65e-04 1.08e-09  2.80e-09  1656s
  66   1.54731118e+00  1.54780914e+00  2.42e-04 9.86e-10  2.57e-09  1669s
  67   1.54731655e+00  1.54782442e+00  2.40e-04 9.43e-10  2.45e-09  1681s
  68   1.54736686e+00  1.54783593e+00  2.18e-04 1.48e-09  2.19e-09  1695s
  69   1.54749086e+00  1.54784018e+00  1.65e-04 1.53e-09  1.71e-09  1710s
  70   1.54749346e+00  1.54784223e+00  1.64e-04 1.69e-09  1.69e-09  1727s
  71   1.54751887e+00  1.54784394e+00  1.54e-04 9.71e-10  1.59e-09  1742s
  72   1.54753112e+00  1.54784888e+00  1.48e-04 9.50e-10  1.51e-09  1761s
  73   1.54753795e+00  1.54785733e+00  1.46e-04 8.57e-10  1.45e-09  1773s
  74   1.54754767e+00  1.54786488e+00  1.41e-04 8.40e-10  1.37e-09  1785s
  75   1.54755245e+00  1.54787128e+00  1.39e-04 1.03e-09  1.32e-09  1801s
  76   1.54757065e+00  1.54787226e+00  1.32e-04 1.18e-09  1.25e-09  1812s
  77   1.54757615e+00  1.54787294e+00  1.29e-04 1.19e-09  1.23e-09  1826s
  78   1.54757902e+00  1.54787306e+00  1.28e-04 1.88e-09  1.22e-09  1838s
  79   1.54758100e+00  1.54787493e+00  1.27e-04 2.09e-09  1.20e-09  1851s
  80   1.54758334e+00  1.54787737e+00  1.26e-04 1.79e-09  1.18e-09  1868s
  81   1.54773304e+00  1.54788072e+00  6.35e-05 1.59e-09  6.35e-10  1886s
  82   1.54775689e+00  1.54788097e+00  5.38e-05 1.54e-09  5.48e-10  1901s
  83   1.54775725e+00  1.54788327e+00  5.36e-05 1.02e-09  5.27e-10  1921s
  84   1.54775881e+00  1.54788371e+00  5.30e-05 2.55e-09  5.17e-10  1939s
  85   1.54776073e+00  1.54788371e+00  5.22e-05 2.45e-09  5.11e-10  1955s
  86   1.54776837e+00  1.54788415e+00  4.92e-05 2.26e-09  4.81e-10  1968s
  87   1.54776936e+00  1.54788475e+00  4.88e-05 2.00e-09  4.73e-10  1982s
  88   1.54777319e+00  1.54788573e+00  4.72e-05 1.55e-09  4.50e-10  1999s
  89   1.54777321e+00  1.54788588e+00  4.72e-05 1.52e-09  4.49e-10  2012s
  90   1.54778656e+00  1.54788722e+00  4.19e-05 1.13e-09  3.98e-10  2029s
  91   1.54778767e+00  1.54788757e+00  4.15e-05 9.72e-10  3.89e-10  2044s
  92   1.54779078e+00  1.54788785e+00  4.02e-05 7.97e-10  3.73e-10  2058s
  93   1.54779383e+00  1.54788787e+00  3.89e-05 8.01e-10  3.62e-10  2072s
  94   1.54779530e+00  1.54788817e+00  3.83e-05 7.74e-10  3.54e-10  2093s
  95   1.54779998e+00  1.54788827e+00  3.64e-05 7.42e-10  3.36e-10  2108s
  96   1.54780177e+00  1.54788872e+00  3.57e-05 5.66e-10  3.27e-10  2121s
  97   1.54780185e+00  1.54788907e+00  3.57e-05 4.49e-10  3.25e-10  2132s
  98   1.54780980e+00  1.54788912e+00  3.24e-05 3.65e-10  2.94e-10  2149s
  99   1.54781097e+00  1.54788916e+00  3.19e-05 4.64e-10  2.88e-10  2164s
 100   1.54781337e+00  1.54788913e+00  3.09e-05 4.25e-10  2.78e-10  2180s
 101   1.54781405e+00  1.54788920e+00  3.07e-05 3.65e-10  2.75e-10  2193s
 102   1.54781856e+00  1.54788921e+00  2.88e-05 1.32e-09  2.58e-10  2220s
 103   1.54781911e+00  1.54788920e+00  2.86e-05 1.37e-09  2.56e-10  2235s
 104   1.54782188e+00  1.54788916e+00  2.74e-05 1.00e-09  2.46e-10  2249s
 105   1.54782267e+00  1.54788917e+00  2.71e-05 9.35e-10  2.42e-10  2268s
 106   1.54782321e+00  1.54788917e+00  2.69e-05 1.10e-09  2.40e-10  2282s
 107   1.54782321e+00  1.54788918e+00  2.69e-05 6.56e-09  2.40e-10  2294s
 108   1.54782875e+00  1.54788939e+00  2.47e-05 6.24e-09  2.21e-10  2312s
 109   1.54782936e+00  1.54788937e+00  2.44e-05 5.95e-09  2.19e-10  2331s
 110   1.54782976e+00  1.54788929e+00  2.43e-05 4.27e-09  2.17e-10  2348s
 111   1.54783092e+00  1.54788929e+00  2.38e-05 4.20e-09  2.13e-10  2365s
 112   1.54783131e+00  1.54788923e+00  2.36e-05 2.86e-09  2.11e-10  2378s
 113   1.54783624e+00  1.54788912e+00  2.16e-05 1.84e-09  1.92e-10  2405s
 114   1.54784026e+00  1.54788911e+00  1.99e-05 1.75e-09  1.77e-10  2424s
 115   1.54784936e+00  1.54788908e+00  1.61e-05 1.24e-09  1.44e-10  2444s
 116   1.54785151e+00  1.54788904e+00  1.53e-05 8.44e-10  1.36e-10  2467s
 117   1.54785339e+00  1.54788904e+00  1.45e-05 8.05e-10  1.29e-10  2483s
 118   1.54786022e+00  1.54788899e+00  1.15e-05 2.14e-09  1.05e-10  2500s
 119   1.54786170e+00  1.54788896e+00  1.09e-05 1.49e-09  9.90e-11  2516s
 120   1.54786463e+00  1.54788894e+00  9.75e-06 2.01e-09  8.84e-11  2540s
 121   1.54786519e+00  1.54788892e+00  9.53e-06 1.38e-09  8.62e-11  2572s
 122   1.54787556e+00  1.54788889e+00  5.35e-06 7.36e-10  4.85e-11  2601s
 123   1.54787760e+00  1.54788888e+00  4.53e-06 1.36e-09  4.11e-11  2635s
 124   1.54787773e+00  1.54788885e+00  4.48e-06 3.43e-10  4.05e-11  2668s
 125   1.54787794e+00  1.54788884e+00  4.39e-06 4.38e-10  3.97e-11  2679s
 126   1.54787913e+00  1.54788882e+00  3.91e-06 8.50e-10  3.53e-11  2695s
 127   1.54787922e+00  1.54788881e+00  3.88e-06 4.55e-10  3.50e-11  2722s
 128   1.54787970e+00  1.54788880e+00  3.68e-06 2.27e-10  3.32e-11  2749s
 129   1.54787972e+00  1.54788880e+00  3.67e-06 3.37e-10  3.31e-11  2764s
 130   1.54788002e+00  1.54788879e+00  3.55e-06 1.50e-10  3.20e-11  2790s
 131   1.54788012e+00  1.54788879e+00  3.51e-06 2.55e-10  3.16e-11  2808s
 132   1.54788063e+00  1.54788879e+00  3.32e-06 2.94e-10  2.98e-11  2822s
 133   1.54788130e+00  1.54788879e+00  3.05e-06 2.47e-10  2.73e-11  2836s
 134   1.54788139e+00  1.54788879e+00  3.01e-06 3.03e-10  2.70e-11  2862s
 135   1.54788141e+00  1.54788879e+00  3.00e-06 2.49e-10  2.69e-11  2890s
 136   1.54788147e+00  1.54788879e+00  2.98e-06 3.31e-10  2.67e-11  2902s
 137   1.54788177e+00  1.54788879e+00  2.86e-06 6.24e-10  2.56e-11  2915s
 138   1.54788197e+00  1.54788879e+00  2.77e-06 3.77e-10  2.49e-11  2935s
 139   1.54788219e+00  1.54788879e+00  2.68e-06 4.61e-10  2.41e-11  2949s
 140   1.54788347e+00  1.54788879e+00  2.15e-06 3.02e-10  1.94e-11  2966s
 141   1.54788419e+00  1.54788879e+00  1.87e-06 2.19e-10  1.68e-11  2992s
 142   1.54788448e+00  1.54788879e+00  1.75e-06 4.74e-10  1.57e-11  3009s
 143   1.54788470e+00  1.54788878e+00  1.66e-06 2.54e-10  1.49e-11  3021s
 144   1.54788531e+00  1.54788878e+00  1.41e-06 1.05e-10  1.27e-11  3029s
 145   1.54788624e+00  1.54788878e+00  1.02e-06 3.17e-10  9.30e-12  3047s
 146   1.54788645e+00  1.54788879e+00  9.43e-07 5.50e-10  8.54e-12  3059s
 147   1.54788736e+00  1.54788878e+00  5.70e-07 6.44e-10  5.17e-12  3067s
 148   1.54788740e+00  1.54788878e+00  5.54e-07 8.55e-10  5.04e-12  3077s
 149   1.54788741e+00  1.54788878e+00  5.42e-07 1.13e-09  4.98e-12  3088s
 150   1.54788751e+00  1.54788878e+00  4.98e-07 8.32e-10  4.64e-12  3108s
 151   1.54788751e+00  1.54788878e+00  4.97e-07 1.11e-09  4.61e-12  3130s
 152   1.54788759e+00  1.54788878e+00  4.78e-07 1.16e-09  4.35e-12  3151s
 153   1.54788779e+00  1.54788878e+00  3.97e-07 5.16e-10  3.62e-12  3168s
 154   1.54788796e+00  1.54788878e+00  3.25e-07 2.57e-10  3.00e-12  3191s
 155   1.54788796e+00  1.54788878e+00  3.21e-07 1.93e-09  3.00e-12  3208s
 156   1.54788796e+00  1.54788878e+00  3.21e-07 1.56e-09  3.00e-12  3219s
 157   1.54788796e+00  1.54788883e+00  3.11e-07 1.38e-09  3.16e-12  3237s
 158   1.54788867e+00  1.54788882e+00  5.05e-08 1.06e-09  5.43e-13  3253s
 159   1.54788877e+00  1.54788879e+00  2.60e-08 1.17e-08  5.50e-14  3272s

Barrier solved model in 159 iterations and 3271.90 seconds (1991.69 work units)
Optimal objective 1.54788877e+00

