Set parameter Username
Academic license - for non-commercial use only - expires 2027-02-09
Set parameter Threads to value 4
Set parameter Method to value 2
Set parameter BarOrder to value 1
Set parameter BarHomogeneous to value 1
Set parameter NumericFocus to value 2
Set parameter Crossover to value 0
Gurobi Optimizer version 9.5.1 build v9.5.1rc2 (linux64)
Thread count: 32 physical cores, 64 logical processors, using up to 4 threads
Optimize a model with 245131 rows, 32000 columns and 1810699 nonzeros
Model fingerprint: 0x5126e05f
Coefficient statistics:
  Matrix range     [7e-05, 3e+00]
  Objective range  [1e+00, 1e+00]
  Bounds range     [0e+00, 0e+00]
  RHS range        [1e-03, 1e+00]
Presolve removed 26273 rows and 116614 columns
Presolve time: 0.91s
Presolved: 5727 rows, 128517 columns, 911168 nonzeros
Ordering time: 0.03s

Barrier statistics:
 Dense cols : 36
 AA' NZ     : 4.228e+04
 Factor NZ  : 1.271e+05 (roughly 50 MB of memory)
 Factor Ops : 4.705e+06 (less than 1 second per iteration)
 Threads    : 4

                  Objective                Residual
Iter       Primal          Dual         Primal    Dual     Compl     Time
   0   2.11514311e+06  0.00000000e+00  2.88e+07 0.00e+00  1.00e+06     1s
   1   1.56654535e+06  5.18840308e+01  2.12e+07 7.87e+02  7.65e+05     1s
   2   1.23495319e+06  2.86351041e+01  1.66e+07 6.85e+02  6.07e+05     1s
   3   9.44892488e+05  1.75995618e+01  1.27e+07 5.40e+02  4.67e+05     1s
   4   7.85630904e+05  1.64691369e+01  1.05e+07 5.04e+02  3.94e+05     2s
   5   7.27315414e+05  1.69015496e+01  9.74e+06 4.51e+02  3.68e+05     2s
   6   6.90059131e+05  2.19810002e+01  9.28e+06 3.99e+02  3.55e+05     2s
   7   5.73557186e+05  2.04655203e+01  7.73e+06 3.70e+02  3.09e+05     2s
   8   5.14981732e+05  1.95878535e+01  6.93e+06 3.32e+02  2.76e+05     2s
   9   5.01396528e+05  2.28956420e+01  6.75e+06 3.11e+02  2.66e+05     2s
  10   4.53933993e+05  2.70219033e+01  6.11e+06 2.79e+02  2.41e+05     2s
  11   4.30808241e+05  2.49178731e+01  5.80e+06 2.73e+02  2.31e+05     3s
  12   3.83489689e+05  2.22046077e+01  5.15e+06 2.40e+02  2.05e+05     3s
  13   2.70349091e+05  7.69099281e+00  3.56e+06 1.96e+02  1.37e+05     3s
  14   2.09964601e+05  2.55763202e+00  2.72e+06 1.52e+02  8.77e+04     3s
  15   1.62258398e+05  5.11781568e-01  2.07e+06 1.01e+02  5.05e+04     3s
  16   8.61757194e+04  1.92794125e-01  1.05e+06 8.36e+01  2.25e+04     3s
  17   5.15048689e+02  4.92949420e-02  6.44e+03 1.31e+00  2.54e+00     3s
  18   1.01956968e+02  3.08972828e-02  1.24e+03 2.61e-01  1.75e-01     4s
  19   3.03778430e+01  3.07812063e-02  3.68e+02 1.48e-01  4.34e-02     4s
  20   2.03657675e+01  1.46987274e-01  2.46e+02 4.85e-02  1.72e-02     4s
  21   1.40417392e+01  6.95917672e-01  1.67e+02 1.71e-02  6.55e-03     4s
  22   8.43167173e+00  9.43255695e-01  9.43e+01 9.12e-03  2.64e-03     4s
  23   5.09978755e+00  1.21117403e+00  4.96e+01 3.32e-03  8.58e-04     4s
  24   4.56009625e+00  1.40157313e+00  4.23e+01 1.05e-03  4.36e-04     4s
  25   3.61361064e+00  1.42739881e+00  2.93e+01 7.31e-04  2.77e-04     4s
  26   3.37301132e+00  1.45666836e+00  2.59e+01 5.07e-04  2.18e-04     5s
  27   3.15993730e+00  1.51868648e+00  2.28e+01 3.73e-04  1.77e-04     5s
  28   2.30450097e+00  1.55946507e+00  1.01e+01 2.39e-04  8.31e-05     5s
  29   2.15071902e+00  1.58818095e+00  7.71e+00 1.65e-04  6.10e-05     5s
  30   1.93254777e+00  1.61016016e+00  4.31e+00 1.11e-04  3.52e-05     5s
  31   1.89733876e+00  1.62784145e+00  3.77e+00 6.35e-05  2.70e-05     5s
  32   1.80524049e+00  1.63061369e+00  2.36e+00 5.46e-05  1.82e-05     6s
  33   1.78523300e+00  1.64275199e+00  2.05e+00 2.60e-05  1.21e-05     6s
  34   1.71312552e+00  1.64641655e+00  9.47e-01 1.47e-05  5.57e-06     6s
  35   1.68582918e+00  1.64843512e+00  5.34e-01 6.07e-06  2.98e-06     6s
  36   1.67454187e+00  1.64920984e+00  3.68e-01 2.25e-06  1.91e-06     6s
  37   1.66302260e+00  1.64950415e+00  1.96e-01 1.07e-06  1.01e-06     6s
  38   1.65842247e+00  1.64981447e+00  1.27e-01 5.12e-07  5.97e-07     7s
  39   1.65516585e+00  1.64990953e+00  7.68e-02 3.55e-07  3.66e-07     7s
  40   1.65400934e+00  1.65001245e+00  5.91e-02 1.93e-07  2.65e-07     7s
  41   1.65220029e+00  1.65005803e+00  3.14e-02 1.20e-07  1.44e-07     7s
  42   1.65115526e+00  1.65008224e+00  1.55e-02 7.30e-08  7.46e-08     7s
  43   1.65069540e+00  1.65009727e+00  8.67e-03 3.67e-08  4.12e-08     8s
  44   1.65041649e+00  1.65010453e+00  4.54e-03 1.45e-08  2.12e-08     8s
  45   1.65029427e+00  1.65010709e+00  2.73e-03 7.08e-09  1.27e-08     8s
  46   1.65021524e+00  1.65010787e+00  1.56e-03 4.13e-09  7.31e-09     8s
  47   1.65015881e+00  1.65010866e+00  7.30e-04 1.50e-09  3.40e-09     9s
  48   1.65014897e+00  1.65010890e+00  5.86e-04 6.56e-10  2.71e-09     9s
  49   1.65014880e+00  1.65010899e+00  5.83e-04 4.05e-10  2.67e-09     9s
  50   1.65014447e+00  1.65010904e+00  5.19e-04 2.37e-10  2.37e-09     9s
  51   1.65013258e+00  1.65010909e+00  3.45e-04 1.22e-10  1.58e-09    10s
  52   1.65012098e+00  1.65010911e+00  1.74e-04 6.10e-11  7.98e-10    10s
  53   1.65011506e+00  1.65010912e+00  8.71e-05 3.05e-11  4.00e-10    10s
  54   1.65011212e+00  1.65010913e+00  4.38e-05 1.53e-11  2.01e-10    11s
  55   1.65011063e+00  1.65010913e+00  2.20e-05 7.66e-12  1.01e-10    11s
  56   1.65010992e+00  1.65010914e+00  1.16e-05 3.83e-12  5.30e-11    11s
  57   1.65010958e+00  1.65010914e+00  6.52e-06 1.92e-12  2.99e-11    11s
  58   1.65010954e+00  1.65010914e+00  5.95e-06 9.84e-13  2.72e-11    11s
  59   1.65010954e+00  1.65010914e+00  5.94e-06 5.00e-13  2.71e-11    12s
  60   1.65010954e+00  1.65010914e+00  5.94e-06 5.23e-13  2.71e-11    12s
  61   1.65010954e+00  1.65010914e+00  5.93e-06 3.69e-13  2.72e-11    12s
  62   1.65010954e+00  1.65010914e+00  5.92e-06 1.71e-13  2.71e-11    13s
  63   1.65010954e+00  1.65010914e+00  5.91e-06 1.58e-13  2.70e-11    13s
  64   1.65010954e+00  1.65010914e+00  5.90e-06 1.36e-13  2.69e-11    13s
  65   1.65010954e+00  1.65010914e+00  5.89e-06 9.43e-14  2.69e-11    14s
  66   1.65010954e+00  1.65010914e+00  5.88e-06 2.71e-13  2.68e-11    14s
  67   1.65010954e+00  1.65010914e+00  5.88e-06 1.09e-13  2.68e-11    14s
  68   1.65010954e+00  1.65010914e+00  5.87e-06 1.38e-13  2.68e-11    15s
  69   1.65010954e+00  1.65010914e+00  5.87e-06 2.13e-13  2.68e-11    15s
  70   1.65010954e+00  1.65010914e+00  5.87e-06 4.44e-13  2.68e-11    15s
  71   1.65010954e+00  1.65010914e+00  5.87e-06 1.06e-11  2.69e-11    15s
  72   1.65010954e+00  1.65010913e+00  5.86e-06 1.39e-12  2.77e-11    16s
  73   1.65010950e+00  1.65010914e+00  5.35e-06 7.88e-13  2.49e-11    16s
  74   1.65010938e+00  1.65010914e+00  3.61e-06 4.45e-13  1.67e-11    17s
  75   1.65010936e+00  1.65010914e+00  3.34e-06 3.28e-13  1.54e-11    17s
  76   1.65010928e+00  1.65010914e+00  2.13e-06 2.45e-13  9.80e-12    17s
  77   1.65010928e+00  1.65010914e+00  2.07e-06 1.77e-13  9.48e-12    18s
  78   1.65010927e+00  1.65010914e+00  1.98e-06 2.30e-13  9.06e-12    18s
  79   1.65010927e+00  1.65010914e+00  1.97e-06 3.08e-13  9.01e-12    18s
  80   1.65010927e+00  1.65010914e+00  1.90e-06 9.85e-14  8.68e-12    19s
  81   1.65010927e+00  1.65010914e+00  1.90e-06 1.88e-13  8.68e-12    19s
  82   1.65010927e+00  1.65010914e+00  1.89e-06 1.21e-13  8.66e-12    19s
  83   1.65010922e+00  1.65010914e+00  1.14e-06 1.21e-13  5.23e-12    20s
  84   1.65010921e+00  1.65010914e+00  1.09e-06 1.28e-13  4.98e-12    20s
  85   1.65010921e+00  1.65010914e+00  1.05e-06 2.10e-13  4.81e-12    20s
  86   1.65010921e+00  1.65010914e+00  1.01e-06 1.32e-13  4.64e-12    20s
  87   1.65010919e+00  1.65010914e+00  7.90e-07 9.39e-14  3.62e-12    20s
  88   1.65010917e+00  1.65010914e+00  4.88e-07 1.21e-13  2.24e-12    21s
  89   1.65010916e+00  1.65010914e+00  2.56e-07 2.35e-13  1.17e-12    21s

Barrier solved model in 89 iterations and 20.83 seconds (19.89 work units)
Optimal objective 1.65010916e+00

