Set parameter Username
Academic license - for non-commercial use only - expires 2027-02-09
Set parameter Threads to value 4
Set parameter Method to value 2
Set parameter BarOrder to value 1
Set parameter BarHomogeneous to value 1
Set parameter NumericFocus to value 2
Set parameter Crossover to value 0
Gurobi Optimizer version 9.5.1 build v9.5.1rc2 (linux64)
Thread count: 32 physical cores, 64 logical processors, using up to 4 threads
Optimize a model with 6274935 rows, 8210954 columns and 43896761 nonzeros
Model fingerprint: 0x86e1e3e6
Coefficient statistics:
  Matrix range     [7e-05, 3e+00]
  Objective range  [1e+00, 1e+00]
  Bounds range     [0e+00, 0e+00]
  RHS range        [1e-03, 1e+00]
Presolve removed 1754055 rows and 6945574 columns (presolve time = 7s) ...
Presolve removed 2746485 rows and 6945635 columns (presolve time = 11s) ...
Presolve removed 2750206 rows and 6949356 columns (presolve time = 22s) ...
Presolve removed 2757648 rows and 6949357 columns (presolve time = 26s) ...
Presolve removed 2757648 rows and 6949357 columns
Presolve time: 26.38s
Presolved: 3517287 rows, 1261597 columns, 24532326 nonzeros
Ordering time: 3.86s

Barrier statistics:
 Dense cols : 285
 AA' NZ     : 6.040e+07
 Factor NZ  : 9.387e+07 (roughly 2.0 GB of memory)
 Factor Ops : 6.883e+09 (less than 1 second per iteration)
 Threads    : 4

                  Objective                Residual
Iter       Primal          Dual         Primal    Dual     Compl     Time
   0   3.31757394e+00  1.25000000e+02  6.05e+07 6.25e-02  1.00e+06   993s
   1   7.77012289e+00  2.67252596e+06  5.02e+07 6.04e+02  8.24e+05   999s
   2   6.97401598e+00  3.42616733e+06  4.15e+07 2.27e+02  4.91e+05  1006s
   3   4.00731693e+01  3.20501684e+06  2.57e+07 1.67e+02  3.12e+05  1013s
   4   9.20040895e+00  1.94437957e+05  2.38e+06 1.02e+01  2.61e+03  1023s
   5   5.63082162e+00  5.98950399e+04  8.12e+05 3.19e+00  3.59e+02  1029s
   6   4.67205488e+00  2.19002438e+04  4.69e+05 1.16e+00  1.05e+02  1037s
   7   4.16832555e+00  1.14533457e+04  2.97e+05 6.03e-01  4.62e+01  1043s
   8   3.84437440e+00  4.54542489e+03  1.94e+05 2.35e-01  1.97e+01  1050s
   9   3.57573640e+00  1.70498780e+03  1.18e+05 8.49e-02  9.08e+00  1060s
  10   2.97492925e+00  8.79697009e+02  7.35e+04 4.43e-02  5.32e+00  1069s
  11   2.67648089e+00  6.23012521e+02  5.08e+04 3.25e-02  3.66e+00  1076s
  12   2.61392490e+00  5.16643950e+02  3.63e+04 2.69e-02  2.63e+00  1082s
  13   2.69294535e+00  3.31993891e+02  2.81e+04 1.70e-02  1.96e+00  1089s
  14   2.69195218e+00  2.29156906e+02  1.76e+04 1.16e-02  1.23e+00  1097s
  15   2.78725458e+00  1.46163408e+02  1.23e+04 7.38e-03  8.45e-01  1109s
  16   2.86607875e+00  8.19346401e+01  7.23e+03 4.04e-03  4.86e-01  1120s
  17   2.95762753e+00  4.22889998e+01  3.27e+03 2.00e-03  2.13e-01  1129s
  18   2.97844796e+00  3.66964678e+01  2.77e+03 1.71e-03  1.79e-01  1136s
  19   2.98045962e+00  2.77221314e+01  2.54e+03 1.24e-03  1.54e-01  1142s
  20   2.99627258e+00  2.07637981e+01  2.20e+03 8.75e-04  1.24e-01  1150s
  21   3.09182264e+00  1.77843358e+01  1.45e+03 7.14e-04  7.88e-02  1157s
  22   3.30275192e+00  1.43835986e+01  7.62e+02 5.37e-04  3.84e-02  1166s
  23   3.24428589e+00  1.25281013e+01  6.40e+02 4.47e-04  2.99e-02  1178s
  24   3.03234521e+00  1.13628932e+01  5.85e+02 3.95e-04  2.59e-02  1191s
  25   2.87039151e+00  8.66265184e+00  4.94e+02 2.83e-04  1.83e-02  1202s
  26   2.37406964e+00  4.17415113e+00  3.05e+02 9.82e-05  5.68e-03  1215s
  27   1.71489412e+00  2.20921589e+00  4.64e+01 2.11e-05  3.46e-04  1228s
  28   1.64562644e+00  1.87094688e+00  1.74e+01 9.22e-06  8.52e-05  1239s
  29   1.63489360e+00  1.80494466e+00  1.10e+01 6.80e-06  4.83e-05  1249s
  30   1.63423791e+00  1.77192587e+00  1.00e+01 5.59e-06  4.01e-05  1256s
  31   1.63412865e+00  1.75325384e+00  8.62e+00 4.67e-06  3.18e-05  1265s
  32   1.63662713e+00  1.73287648e+00  6.39e+00 3.76e-06  2.25e-05  1276s
  33   1.64169742e+00  1.71318894e+00  5.56e+00 2.74e-06  1.71e-05  1290s
  34   1.65236647e+00  1.70340155e+00  4.25e+00 2.05e-06  1.19e-05  1305s
  35   1.65906136e+00  1.69800383e+00  3.25e+00 1.50e-06  8.36e-06  1321s
  36   1.66538747e+00  1.69637983e+00  2.37e+00 1.34e-06  6.38e-06  1338s
  37   1.67098929e+00  1.69283808e+00  1.66e+00 9.52e-07  4.39e-06  1356s
  38   1.67137225e+00  1.69000138e+00  1.50e+00 7.04e-07  3.71e-06  1375s
  39   1.66838008e+00  1.68706996e+00  9.25e-01 6.33e-07  2.75e-06  1395s
  40   1.66843250e+00  1.68460588e+00  8.96e-01 5.69e-07  2.62e-06  1413s
  41   1.66828301e+00  1.68157051e+00  8.52e-01 4.83e-07  2.44e-06  1430s
  42   1.66637388e+00  1.67920387e+00  7.13e-01 4.51e-07  2.20e-06  1452s
  43   1.66420452e+00  1.67603634e+00  6.37e-01 4.02e-07  2.03e-06  1474s
  44   1.66369299e+00  1.67310913e+00  6.14e-01 3.56e-07  1.93e-06  1494s
  45   1.66054574e+00  1.67040520e+00  5.04e-01 3.21e-07  1.71e-06  1519s
  46   1.65907586e+00  1.66575350e+00  4.58e-01 2.58e-07  1.52e-06  1546s
  47   1.65616592e+00  1.66138348e+00  3.56e-01 1.97e-07  1.22e-06  1572s
  48   1.65184306e+00  1.65669688e+00  2.35e-01 1.22e-07  8.29e-07  1604s
  49   1.64812225e+00  1.65064644e+00  1.72e-01 8.28e-08  5.73e-07  1645s
  50   1.64605712e+00  1.64881485e+00  1.26e-01 6.86e-08  4.48e-07  1694s
  51   1.64489289e+00  1.64811404e+00  1.01e-01 6.29e-08  3.89e-07  1754s
  52   1.64465175e+00  1.64764735e+00  9.60e-02 5.92e-08  3.67e-07  1768s
  53   1.64455449e+00  1.64736885e+00  9.36e-02 5.67e-08  3.55e-07  1789s
  54   1.64416754e+00  1.64720172e+00  8.36e-02 5.52e-08  3.32e-07  1810s
  55   1.64400464e+00  1.64668904e+00  7.88e-02 5.16e-08  3.08e-07  1827s
  56   1.64384894e+00  1.64633511e+00  7.17e-02 4.68e-08  2.80e-07  1856s
  57   1.64380489e+00  1.64628668e+00  6.91e-02 4.61e-08  2.73e-07  1871s
  58   1.64379118e+00  1.64614976e+00  6.85e-02 4.50e-08  2.67e-07  1890s
  59   1.64378910e+00  1.64613796e+00  6.84e-02 4.48e-08  2.66e-07  1906s
  60   1.64378699e+00  1.64612593e+00  6.84e-02 4.45e-08  2.66e-07  1923s
  61   1.64375910e+00  1.64607409e+00  6.56e-02 4.39e-08  2.58e-07  1944s
  62   1.64375885e+00  1.64607135e+00  6.56e-02 4.40e-08  2.57e-07  1963s
  63   1.64375606e+00  1.64606486e+00  6.55e-02 4.41e-08  2.57e-07  1979s
  64   1.64374531e+00  1.64585782e+00  6.39e-02 4.23e-08  2.45e-07  1997s
  65   1.64380270e+00  1.64572367e+00  5.81e-02 3.84e-08  2.22e-07  2016s
  66   1.64380510e+00  1.64572383e+00  5.81e-02 3.84e-08  2.22e-07  2034s
  67   1.64380595e+00  1.64572484e+00  5.81e-02 3.84e-08  2.22e-07  2049s
  68   1.64385457e+00  1.64572603e+00  5.66e-02 3.75e-08  2.17e-07  2073s
  69   1.64410185e+00  1.64572965e+00  5.20e-02 3.71e-08  2.02e-07  2101s
  70   1.64410403e+00  1.64573285e+00  5.19e-02 3.66e-08  2.02e-07  2123s
  71   1.64417757e+00  1.64575803e+00  5.06e-02 3.55e-08  1.97e-07  2151s
  72   1.64418111e+00  1.64575914e+00  5.05e-02 3.54e-08  1.97e-07  2167s
  73   1.64418812e+00  1.64576525e+00  5.04e-02 3.51e-08  1.96e-07  2185s
  74   1.64418882e+00  1.64576793e+00  5.03e-02 3.50e-08  1.96e-07  2201s
  75   1.64422908e+00  1.64578823e+00  4.96e-02 3.46e-08  1.92e-07  2230s
  76   1.64423327e+00  1.64580157e+00  4.95e-02 3.44e-08  1.92e-07  2255s
  77   1.64424910e+00  1.64581956e+00  4.92e-02 3.37e-08  1.90e-07  2275s
  78   1.64430053e+00  1.64584118e+00  4.82e-02 3.31e-08  1.86e-07  2294s
  79   1.64430801e+00  1.64584470e+00  4.81e-02 3.30e-08  1.86e-07  2312s
  80   1.64430901e+00  1.64584514e+00  4.81e-02 3.30e-08  1.86e-07  2326s
  81   1.64431191e+00  1.64584918e+00  4.81e-02 3.29e-08  1.86e-07  2349s
  82   1.64468332e+00  1.64594317e+00  4.28e-02 3.01e-08  1.66e-07  2374s
  83   1.64470742e+00  1.64596595e+00  4.24e-02 2.95e-08  1.64e-07  2392s
  84   1.64471199e+00  1.64596832e+00  4.23e-02 2.95e-08  1.63e-07  2410s
  85   1.64477700e+00  1.64600599e+00  4.13e-02 2.86e-08  1.59e-07  2431s
  86   1.64477800e+00  1.64600851e+00  4.13e-02 2.85e-08  1.59e-07  2458s
  87   1.64477790e+00  1.64600834e+00  4.13e-02 2.85e-08  1.59e-07  2480s
  88   1.64478745e+00  1.64606228e+00  4.12e-02 2.77e-08  1.57e-07  2520s
  89   1.64478769e+00  1.64606215e+00  4.12e-02 2.77e-08  1.57e-07  2538s
  90   1.64504564e+00  1.64620874e+00  3.69e-02 2.45e-08  1.40e-07  2578s
  91   1.64504568e+00  1.64620798e+00  3.69e-02 2.45e-08  1.40e-07  2597s
  92   1.64505118e+00  1.64620866e+00  3.68e-02 2.45e-08  1.39e-07  2614s
  93   1.64505113e+00  1.64620854e+00  3.68e-02 2.45e-08  1.39e-07  2628s
  94   1.64505221e+00  1.64620862e+00  3.67e-02 2.45e-08  1.39e-07  2644s
  95   1.64505666e+00  1.64623287e+00  3.67e-02 2.40e-08  1.38e-07  2665s
  96   1.64506261e+00  1.64623547e+00  3.66e-02 2.39e-08  1.38e-07  2684s
  97   1.64507689e+00  1.64624634e+00  3.64e-02 2.44e-08  1.38e-07  2704s
  98   1.64531097e+00  1.64627636e+00  3.25e-02 2.37e-08  1.25e-07  2729s
  99   1.64531085e+00  1.64627585e+00  3.24e-02 2.35e-08  1.25e-07  2748s
 100   1.64538873e+00  1.64637090e+00  3.10e-02 2.14e-08  1.18e-07  2823s
 101   1.64552714e+00  1.64642395e+00  2.87e-02 2.04e-08  1.09e-07  2838s
 102   1.64552713e+00  1.64642352e+00  2.87e-02 2.02e-08  1.09e-07  2851s
 103   1.64561847e+00  1.64643637e+00  2.71e-02 1.98e-08  1.04e-07  2874s
 104   1.64561865e+00  1.64643641e+00  2.71e-02 1.98e-08  1.04e-07  2895s
 105   1.64562900e+00  1.64643877e+00  2.68e-02 2.01e-08  1.03e-07  2918s
 106   1.64566918e+00  1.64644539e+00  2.61e-02 2.00e-08  1.01e-07  2933s
 107   1.64567034e+00  1.64644855e+00  2.61e-02 1.97e-08  1.01e-07  2951s
 108   1.64582704e+00  1.64648771e+00  2.33e-02 1.85e-08  9.13e-08  2978s
 109   1.64583852e+00  1.64649750e+00  2.31e-02 1.84e-08  9.06e-08  3006s
 110   1.64586114e+00  1.64650091e+00  2.27e-02 1.83e-08  8.94e-08  3025s
 111   1.64588317e+00  1.64651774e+00  2.23e-02 1.79e-08  8.76e-08  3055s
 112   1.64588553e+00  1.64651964e+00  2.23e-02 1.79e-08  8.77e-08  3075s
 113   1.64589153e+00  1.64653923e+00  2.22e-02 1.71e-08  8.64e-08  3106s
 114   1.64595681e+00  1.64656829e+00  2.10e-02 1.62e-08  8.15e-08  3123s
 115   1.64601335e+00  1.64661032e+00  1.99e-02 1.51e-08  7.64e-08  3149s
 116   1.64603108e+00  1.64664242e+00  1.95e-02 1.41e-08  7.40e-08  3163s
 117   1.64607907e+00  1.64666090e+00  1.86e-02 1.34e-08  7.04e-08  3182s
 118   1.64611321e+00  1.64667212e+00  1.79e-02 1.28e-08  6.79e-08  3211s
 119   1.64616663e+00  1.64669128e+00  1.68e-02 1.21e-08  6.37e-08  3235s
 120   1.64616742e+00  1.64669359e+00  1.68e-02 1.20e-08  6.35e-08  3260s
 121   1.64623185e+00  1.64670874e+00  1.55e-02 1.15e-08  5.91e-08  3286s
 122   1.64624349e+00  1.64671966e+00  1.53e-02 1.12e-08  5.78e-08  3302s
 123   1.64624421e+00  1.64672238e+00  1.53e-02 1.13e-08  5.77e-08  3320s
 124   1.64633056e+00  1.64674618e+00  1.35e-02 1.03e-08  5.15e-08  3361s
 125   1.64636859e+00  1.64677190e+00  1.26e-02 9.30e-09  4.72e-08  3385s
 126   1.64640601e+00  1.64678717e+00  1.18e-02 8.58e-09  4.36e-08  3413s
 127   1.64640937e+00  1.64679533e+00  1.17e-02 7.85e-09  4.27e-08  3437s
 128   1.64645001e+00  1.64680561e+00  1.08e-02 7.24e-09  3.97e-08  3456s
 129   1.64646091e+00  1.64681835e+00  1.06e-02 6.40e-09  3.78e-08  3473s
 130   1.64649401e+00  1.64682109e+00  9.77e-03 6.21e-09  3.52e-08  3495s
 131   1.64651367e+00  1.64682400e+00  9.29e-03 5.94e-09  3.35e-08  3514s
 132   1.64651407e+00  1.64682399e+00  9.28e-03 5.95e-09  3.35e-08  3529s
 133   1.64654487e+00  1.64682737e+00  8.49e-03 5.74e-09  3.09e-08  3552s
 134   1.64655894e+00  1.64682912e+00  8.14e-03 5.57e-09  2.98e-08  3569s
 135   1.64658902e+00  1.64683240e+00  7.35e-03 5.47e-09  2.73e-08  3583s
 136   1.64659668e+00  1.64683325e+00  7.19e-03 5.54e-09  2.68e-08  3602s
 137   1.64662546e+00  1.64683867e+00  6.46e-03 6.43e-09  2.40e-08  3620s
 138   1.64663166e+00  1.64684249e+00  6.28e-03 8.32e-09  2.25e-08  3634s
 139   1.64667718e+00  1.64684291e+00  4.96e-03 7.89e-09  1.78e-08  3663s
 140   1.64667944e+00  1.64684301e+00  4.90e-03 8.48e-09  1.76e-08  3682s
 141   1.64668888e+00  1.64684271e+00  4.50e-03 1.57e-08  1.62e-08  3697s
 142   1.64668944e+00  1.64683968e+00  4.48e-03 1.61e-08  1.57e-08  3725s
 143   1.64669370e+00  1.64683791e+00  4.32e-03 1.56e-08  1.50e-08  3751s
 144   1.64669370e+00  1.64683789e+00  4.32e-03 1.56e-08  1.50e-08  3766s
 145   1.64670445e+00  1.64683618e+00  3.95e-03 1.33e-08  1.37e-08  3783s
 146   1.64671467e+00  1.64683371e+00  3.59e-03 1.26e-08  1.25e-08  3816s
 147   1.64672577e+00  1.64683008e+00  3.19e-03 9.64e-09  1.10e-08  3838s
 148   1.64672789e+00  1.64682760e+00  3.11e-03 8.91e-09  1.06e-08  3870s
 149   1.64672979e+00  1.64682544e+00  3.05e-03 8.23e-09  1.01e-08  3910s
 150   1.64673223e+00  1.64682361e+00  2.97e-03 7.60e-09  9.76e-09  3939s
 151   1.64673362e+00  1.64682314e+00  2.91e-03 7.49e-09  9.57e-09  3965s
 152   1.64673685e+00  1.64682179e+00  2.79e-03 5.37e-09  9.07e-09  3989s
 153   1.64673697e+00  1.64682168e+00  2.78e-03 5.20e-09  9.05e-09  4003s
 154   1.64673695e+00  1.64682161e+00  2.78e-03 5.15e-09  9.04e-09  4021s
 155   1.64674284e+00  1.64682681e+00  2.56e-03 5.41e-09  8.28e-09  4051s
 156   1.64674373e+00  1.64682554e+00  2.53e-03 4.92e-09  8.10e-09  4078s
 157   1.64674466e+00  1.64682440e+00  2.49e-03 4.75e-09  7.93e-09  4101s
 158   1.64674517e+00  1.64682226e+00  2.47e-03 3.55e-09  7.69e-09  4140s
 159   1.64674517e+00  1.64682223e+00  2.47e-03 3.55e-09  7.69e-09  4155s
 160   1.64675110e+00  1.64682021e+00  2.25e-03 3.28e-09  6.93e-09  4192s
 161   1.64675315e+00  1.64681908e+00  2.17e-03 3.76e-09  6.64e-09  4221s
 162   1.64675415e+00  1.64681790e+00  2.13e-03 4.94e-09  6.45e-09  4248s
 163   1.64675477e+00  1.64681745e+00  2.10e-03 6.03e-09  6.36e-09  4267s
 164   1.64675496e+00  1.64681702e+00  2.09e-03 5.70e-09  6.31e-09  4290s
 165   1.64675575e+00  1.64681678e+00  2.06e-03 5.72e-09  6.21e-09  4304s
 166   1.64675793e+00  1.64681598e+00  1.96e-03 5.18e-09  5.87e-09  4327s
 167   1.64676033e+00  1.64681525e+00  1.86e-03 5.19e-09  5.56e-09  4347s
 168   1.64676115e+00  1.64681488e+00  1.83e-03 5.48e-09  5.46e-09  4361s
 169   1.64676115e+00  1.64681487e+00  1.83e-03 5.48e-09  5.46e-09  4377s
 170   1.64676206e+00  1.64681640e+00  1.79e-03 5.40e-09  5.37e-09  4391s
 171   1.64676499e+00  1.64681553e+00  1.67e-03 5.14e-09  4.99e-09  4415s
 172   1.64676500e+00  1.64681553e+00  1.67e-03 5.15e-09  4.99e-09  4432s
 173   1.64676506e+00  1.64681461e+00  1.66e-03 4.54e-09  4.93e-09  4463s
 174   1.64676506e+00  1.64681461e+00  1.66e-03 4.54e-09  4.93e-09  4485s
 175   1.64676506e+00  1.64681459e+00  1.66e-03 4.54e-09  4.93e-09  4502s
 176   1.64676572e+00  1.64681416e+00  1.63e-03 6.37e-09  4.84e-09  4520s
 177   1.64676583e+00  1.64681329e+00  1.63e-03 8.88e-09  4.78e-09  4547s
 178   1.64676687e+00  1.64681312e+00  1.58e-03 9.15e-09  4.65e-09  4560s
 179   1.64676687e+00  1.64681311e+00  1.58e-03 9.14e-09  4.65e-09  4580s
 180   1.64676741e+00  1.64681303e+00  1.56e-03 9.07e-09  4.59e-09  4594s
 181   1.64676774e+00  1.64681276e+00  1.55e-03 8.86e-09  4.53e-09  4615s
 182   1.64676774e+00  1.64681241e+00  1.55e-03 8.96e-09  4.52e-09  4655s
 183   1.64676843e+00  1.64681625e+00  1.51e-03 8.47e-09  4.46e-09  4669s
 184   1.64676859e+00  1.64681459e+00  1.51e-03 7.70e-09  4.38e-09  4697s
 185   1.64676863e+00  1.64681379e+00  1.51e-03 9.24e-09  4.34e-09  4713s
 186   1.64677132e+00  1.64681317e+00  1.38e-03 8.99e-09  3.98e-09  4729s
 187   1.64677135e+00  1.64681318e+00  1.38e-03 9.00e-09  3.98e-09  4751s
 188   1.64677288e+00  1.64681259e+00  1.31e-03 9.35e-09  3.78e-09  4769s
 189   1.64677326e+00  1.64681245e+00  1.29e-03 9.56e-09  3.73e-09  4786s
 190   1.64677333e+00  1.64681130e+00  1.29e-03 1.09e-08  3.69e-09  4823s
 191   1.64677398e+00  1.64681094e+00  1.26e-03 1.06e-08  3.60e-09  4842s
 192   1.64677399e+00  1.64681080e+00  1.26e-03 1.09e-08  3.60e-09  4858s
 193   1.64677401e+00  1.64681078e+00  1.26e-03 1.09e-08  3.59e-09  4869s
 194   1.64677429e+00  1.64681140e+00  1.24e-03 1.05e-08  3.55e-09  4888s
 195   1.64677453e+00  1.64681121e+00  1.23e-03 1.03e-08  3.52e-09  4908s
 196   1.64677540e+00  1.64681111e+00  1.19e-03 1.05e-08  3.41e-09  4921s
 197   1.64677564e+00  1.64681076e+00  1.18e-03 1.03e-08  3.37e-09  4942s
 198   1.64677650e+00  1.64681033e+00  1.14e-03 9.49e-09  3.26e-09  4972s
 199   1.64677672e+00  1.64680988e+00  1.13e-03 9.19e-09  3.22e-09  4996s
 200   1.64677726e+00  1.64680963e+00  1.10e-03 8.97e-09  3.14e-09  5034s
 201   1.64677778e+00  1.64680936e+00  1.08e-03 9.50e-09  3.06e-09  5050s
 202   1.64677896e+00  1.64680926e+00  1.02e-03 9.46e-09  2.91e-09  5069s
 203   1.64677969e+00  1.64680879e+00  9.85e-04 9.00e-09  2.80e-09  5089s
 204   1.64678059e+00  1.64680798e+00  9.38e-04 8.26e-09  2.66e-09  5109s
 205   1.64678071e+00  1.64680770e+00  9.32e-04 7.99e-09  2.64e-09  5127s
 206   1.64678071e+00  1.64680770e+00  9.32e-04 7.99e-09  2.64e-09  5150s
 207   1.64678117e+00  1.64680749e+00  9.09e-04 7.78e-09  2.57e-09  5169s
 208   1.64678163e+00  1.64680734e+00  8.86e-04 7.74e-09  2.51e-09  5186s
 209   1.64678167e+00  1.64680695e+00  8.84e-04 7.54e-09  2.49e-09  5210s
 210   1.64678188e+00  1.64680669e+00  8.73e-04 7.33e-09  2.46e-09  5233s
 211   1.64678202e+00  1.64680639e+00  8.65e-04 7.26e-09  2.43e-09  5258s
 212   1.64678218e+00  1.64680628e+00  8.57e-04 7.17e-09  2.41e-09  5282s
 213   1.64678226e+00  1.64680611e+00  8.53e-04 7.02e-09  2.40e-09  5303s
 214   1.64678247e+00  1.64680604e+00  8.43e-04 6.95e-09  2.37e-09  5322s
 215   1.64678271e+00  1.64680557e+00  8.32e-04 6.56e-09  2.33e-09  5343s
 216   1.64678274e+00  1.64680529e+00  8.30e-04 6.75e-09  2.32e-09  5374s
 217   1.64678294e+00  1.64680511e+00  8.19e-04 6.58e-09  2.29e-09  5394s
 218   1.64678295e+00  1.64680512e+00  8.19e-04 6.58e-09  2.29e-09  5412s
 219   1.64678300e+00  1.64680503e+00  8.16e-04 6.76e-09  2.28e-09  5431s
 220   1.64678303e+00  1.64680502e+00  8.15e-04 6.75e-09  2.27e-09  5451s
 221   1.64678303e+00  1.64680502e+00  8.15e-04 6.73e-09  2.27e-09  5480s
 222   1.64678305e+00  1.64680480e+00  8.14e-04 6.51e-09  2.27e-09  5521s
 223   1.64678317e+00  1.64680433e+00  8.08e-04 5.98e-09  2.24e-09  5553s
 224   1.64678328e+00  1.64680390e+00  8.02e-04 6.43e-09  2.21e-09  5568s
 225   1.64678328e+00  1.64680376e+00  8.02e-04 6.23e-09  2.21e-09  5588s
 226   1.64678391e+00  1.64680570e+00  7.68e-04 5.06e-09  2.13e-09  5627s
 227   1.64678397e+00  1.64680566e+00  7.64e-04 4.97e-09  2.12e-09  5647s
 228   1.64678397e+00  1.64680566e+00  7.64e-04 4.97e-09  2.12e-09  5669s
 229   1.64678400e+00  1.64680563e+00  7.62e-04 5.01e-09  2.12e-09  5689s
 230   1.64678439e+00  1.64680527e+00  7.42e-04 4.48e-09  2.06e-09  5714s
 231   1.64678441e+00  1.64680508e+00  7.40e-04 4.28e-09  2.05e-09  5737s
 232   1.64678442e+00  1.64680508e+00  7.40e-04 4.28e-09  2.05e-09  5756s
 233   1.64678442e+00  1.64680508e+00  7.40e-04 4.28e-09  2.05e-09  5785s
 234   1.64678453e+00  1.64680478e+00  7.34e-04 4.20e-09  2.03e-09  5806s
 235   1.64678464e+00  1.64680432e+00  7.27e-04 3.96e-09  2.01e-09  5826s
 236   1.64678464e+00  1.64680432e+00  7.27e-04 3.96e-09  2.01e-09  5842s
 237   1.64678464e+00  1.64680431e+00  7.27e-04 3.96e-09  2.01e-09  5856s
 238   1.64678466e+00  1.64680431e+00  7.27e-04 3.96e-09  2.01e-09  5879s
 239   1.64678467e+00  1.64680431e+00  7.27e-04 3.96e-09  2.01e-09  5899s
 240   1.64678475e+00  1.64680424e+00  7.23e-04 3.97e-09  1.99e-09  5920s
 241   1.64678477e+00  1.64680410e+00  7.21e-04 3.91e-09  1.99e-09  5960s
 242   1.64678481e+00  1.64680408e+00  7.19e-04 3.90e-09  1.98e-09  5981s
 243   1.64678489e+00  1.64680396e+00  7.15e-04 3.80e-09  1.97e-09  5999s
 244   1.64678494e+00  1.64680392e+00  7.13e-04 7.32e-09  1.96e-09  6025s
 245   1.64678510e+00  1.64680389e+00  7.04e-04 7.28e-09  1.94e-09  6044s
 246   1.64678511e+00  1.64680391e+00  7.04e-04 7.28e-09  1.94e-09  6069s
 247   1.64678512e+00  1.64680389e+00  7.03e-04 7.27e-09  1.94e-09  6087s
 248   1.64678521e+00  1.64680378e+00  6.98e-04 7.14e-09  1.92e-09  6110s
 249   1.64678527e+00  1.64680369e+00  6.94e-04 7.04e-09  1.91e-09  6129s
 250   1.64678528e+00  1.64680364e+00  6.94e-04 7.03e-09  1.91e-09  6142s
 251   1.64678590e+00  1.64680387e+00  6.89e-04 7.09e-09  1.90e-09  6164s
 252   1.64678591e+00  1.64680387e+00  6.88e-04 7.07e-09  1.90e-09  6182s
 253   1.64678625e+00  1.64680619e+00  6.69e-04 5.55e-09  1.87e-09  6213s
 254   1.64678625e+00  1.64680621e+00  6.69e-04 5.55e-09  1.87e-09  6232s
 255   1.64678635e+00  1.64680585e+00  6.63e-04 5.30e-09  1.85e-09  6259s
 256   1.64678640e+00  1.64680574e+00  6.60e-04 5.24e-09  1.84e-09  6275s
 257   1.64678645e+00  1.64680562e+00  6.57e-04 5.17e-09  1.83e-09  6295s
 258   1.64678645e+00  1.64680565e+00  6.57e-04 5.17e-09  1.83e-09  6311s
 259   1.64678645e+00  1.64680561e+00  6.57e-04 5.16e-09  1.83e-09  6350s
 260   1.64678646e+00  1.64680561e+00  6.57e-04 5.16e-09  1.83e-09  6363s
 261   1.64678648e+00  1.64680549e+00  6.55e-04 5.15e-09  1.83e-09  6380s
 262   1.64678650e+00  1.64680537e+00  6.54e-04 5.08e-09  1.82e-09  6408s
 263   1.64678670e+00  1.64680533e+00  6.41e-04 5.05e-09  1.79e-09  6422s
 264   1.64678686e+00  1.64680474e+00  6.32e-04 4.71e-09  1.76e-09  6450s
 265   1.64678726e+00  1.64680434e+00  6.08e-04 4.48e-09  1.69e-09  6469s
 266   1.64678752e+00  1.64680368e+00  5.91e-04 5.49e-09  1.64e-09  6495s
 267   1.64678763e+00  1.64680358e+00  5.85e-04 5.42e-09  1.62e-09  6511s
 268   1.64678766e+00  1.64680359e+00  5.84e-04 5.42e-09  1.62e-09  6539s
 269   1.64678769e+00  1.64680352e+00  5.83e-04 5.36e-09  1.61e-09  6567s
 270   1.64678769e+00  1.64680352e+00  5.83e-04 5.36e-09  1.61e-09  6591s
 271   1.64678769e+00  1.64680351e+00  5.83e-04 5.36e-09  1.61e-09  6608s
 272   1.64678783e+00  1.64680353e+00  5.74e-04 5.07e-09  1.59e-09  6651s
 273   1.64678784e+00  1.64680350e+00  5.73e-04 5.05e-09  1.59e-09  6671s
 274   1.64678784e+00  1.64680354e+00  5.73e-04 5.05e-09  1.59e-09  6696s
 275   1.64678786e+00  1.64680357e+00  5.72e-04 5.05e-09  1.58e-09  6726s
 276   1.64678792e+00  1.64680344e+00  5.68e-04 5.00e-09  1.57e-09  6744s
 277   1.64678794e+00  1.64680344e+00  5.67e-04 4.99e-09  1.57e-09  6764s
 278   1.64678824e+00  1.64680307e+00  5.52e-04 4.67e-09  1.52e-09  6788s
 279   1.64678830e+00  1.64680290e+00  5.47e-04 4.74e-09  1.51e-09  6805s
 280   1.64678835e+00  1.64680287e+00  5.44e-04 4.72e-09  1.50e-09  6826s
 281   1.64678851e+00  1.64680320e+00  5.34e-04 4.42e-09  1.48e-09  6873s
 282   1.64678851e+00  1.64680320e+00  5.34e-04 4.42e-09  1.48e-09  6897s
 283   1.64678851e+00  1.64680319e+00  5.34e-04 4.42e-09  1.48e-09  6912s
 284   1.64678851e+00  1.64680319e+00  5.34e-04 4.42e-09  1.48e-09  6934s
 285   1.64678870e+00  1.64680434e+00  5.21e-04 4.05e-09  1.46e-09  6952s
 286   1.64678910e+00  1.64680337e+00  4.94e-04 3.52e-09  1.38e-09  6974s
 287   1.64678918e+00  1.64680327e+00  4.89e-04 3.48e-09  1.36e-09  6993s
 288   1.64678920e+00  1.64680316e+00  4.87e-04 3.43e-09  1.35e-09  7013s
 289   1.64679014e+00  1.64680176e+00  4.32e-04 2.78e-09  1.20e-09  7030s
 290   1.64679014e+00  1.64680177e+00  4.32e-04 2.77e-09  1.20e-09  7054s
 291   1.64679020e+00  1.64680526e+00  4.28e-04 3.10e-09  1.22e-09  7094s
 292   1.64679024e+00  1.64680516e+00  4.25e-04 3.07e-09  1.22e-09  7109s
 293   1.64679024e+00  1.64680515e+00  4.25e-04 3.02e-09  1.21e-09  7131s
 294   1.64679031e+00  1.64680500e+00  4.20e-04 2.96e-09  1.20e-09  7151s
 295   1.64679031e+00  1.64680499e+00  4.20e-04 2.96e-09  1.20e-09  7172s
 296   1.64679033e+00  1.64680498e+00  4.19e-04 2.95e-09  1.20e-09  7189s
 297   1.64679037e+00  1.64680462e+00  4.17e-04 2.79e-09  1.19e-09  7249s
 298   1.64679056e+00  1.64680322e+00  4.01e-04 2.39e-09  1.13e-09  7279s
 299   1.64679056e+00  1.64680322e+00  4.01e-04 2.39e-09  1.13e-09  7299s
 300   1.64679057e+00  1.64680308e+00  4.01e-04 2.34e-09  1.13e-09  7324s
 301   1.64679057e+00  1.64680283e+00  4.00e-04 2.24e-09  1.12e-09  7342s
 302   1.64679065e+00  1.64680218e+00  3.96e-04 2.04e-09  1.11e-09  7361s
 303   1.64679068e+00  1.64680203e+00  3.93e-04 2.00e-09  1.10e-09  7379s
 304   1.64679069e+00  1.64680192e+00  3.93e-04 1.97e-09  1.09e-09  7400s
 305   1.64679069e+00  1.64680185e+00  3.92e-04 1.98e-09  1.09e-09  7431s
 306   1.64679073e+00  1.64680184e+00  3.91e-04 1.96e-09  1.09e-09  7454s
 307   1.64679073e+00  1.64680177e+00  3.90e-04 3.27e-09  1.09e-09  7480s
 308   1.64679076e+00  1.64680115e+00  3.89e-04 2.84e-09  1.07e-09  7521s
 309   1.64679077e+00  1.64680060e+00  3.88e-04 3.04e-09  1.07e-09  7567s
 310   1.64679077e+00  1.64680060e+00  3.88e-04 3.04e-09  1.07e-09  7584s
 311   1.64679077e+00  1.64680058e+00  3.88e-04 3.03e-09  1.07e-09  7600s
 312   1.64679077e+00  1.64680058e+00  3.88e-04 3.03e-09  1.07e-09  7616s
 313   1.64679078e+00  1.64680058e+00  3.87e-04 3.02e-09  1.06e-09  7634s
 314   1.64679081e+00  1.64680057e+00  3.84e-04 2.94e-09  1.06e-09  7657s
 315   1.64679082e+00  1.64680054e+00  3.83e-04 2.93e-09  1.05e-09  7671s
 316   1.64679083e+00  1.64680048e+00  3.83e-04 3.01e-09  1.05e-09  7692s
 317   1.64679083e+00  1.64680048e+00  3.83e-04 3.01e-09  1.05e-09  7711s
 318   1.64679084e+00  1.64680034e+00  3.82e-04 2.90e-09  1.05e-09  7726s
 319   1.64679089e+00  1.64680010e+00  3.81e-04 3.61e-09  1.04e-09  7768s
 320   1.64679089e+00  1.64680010e+00  3.81e-04 3.62e-09  1.04e-09  7785s
 321   1.64679093e+00  1.64680012e+00  3.77e-04 4.00e-09  1.04e-09  7802s
 322   1.64679097e+00  1.64680010e+00  3.74e-04 3.97e-09  1.03e-09  7818s
 323   1.64679099e+00  1.64680003e+00  3.73e-04 4.05e-09  1.02e-09  7837s
 324   1.64679100e+00  1.64679987e+00  3.72e-04 3.97e-09  1.02e-09  7861s
 325   1.64679100e+00  1.64679940e+00  3.71e-04 6.43e-09  1.01e-09  7886s
 326   1.64679100e+00  1.64679940e+00  3.71e-04 6.42e-09  1.01e-09  7904s
 327   1.64679108e+00  1.64679941e+00  3.68e-04 5.87e-09  1.00e-09  7940s
 328   1.64679108e+00  1.64679937e+00  3.68e-04 5.78e-09  1.00e-09  7980s
 329   1.64679114e+00  1.64679926e+00  3.63e-04 6.79e-09  9.90e-10  7997s
 330   1.64679114e+00  1.64679926e+00  3.63e-04 6.79e-09  9.90e-10  8013s
 331   1.64679114e+00  1.64679917e+00  3.63e-04 8.16e-09  9.89e-10  8056s
 332   1.64679114e+00  1.64679917e+00  3.63e-04 8.16e-09  9.89e-10  8074s
 333   1.64679114e+00  1.64679917e+00  3.63e-04 8.15e-09  9.89e-10  8097s
 334   1.64679114e+00  1.64679914e+00  3.63e-04 7.92e-09  9.88e-10  8117s
 335   1.64679114e+00  1.64679914e+00  3.63e-04 7.92e-09  9.88e-10  8134s
 336   1.64679134e+00  1.64679898e+00  3.56e-04 7.32e-09  9.70e-10  8162s
 337   1.64679134e+00  1.64679897e+00  3.56e-04 7.34e-09  9.69e-10  8183s
 338   1.64679134e+00  1.64679897e+00  3.56e-04 7.31e-09  9.69e-10  8203s
 339   1.64679134e+00  1.64679895e+00  3.56e-04 7.32e-09  9.69e-10  8240s
 340   1.64679135e+00  1.64679894e+00  3.55e-04 7.35e-09  9.67e-10  8272s
 341   1.64679137e+00  1.64679893e+00  3.54e-04 7.37e-09  9.64e-10  8290s
 342   1.64679139e+00  1.64679907e+00  3.51e-04 6.99e-09  9.59e-10  8315s
 343   1.64679140e+00  1.64679907e+00  3.51e-04 6.99e-09  9.58e-10  8333s
 344   1.64679140e+00  1.64679906e+00  3.51e-04 7.01e-09  9.58e-10  8366s
 345   1.64679145e+00  1.64679899e+00  3.47e-04 7.07e-09  9.47e-10  8384s
 346   1.64679145e+00  1.64679899e+00  3.47e-04 7.07e-09  9.47e-10  8400s
 347   1.64679145e+00  1.64679899e+00  3.47e-04 7.14e-09  9.47e-10  8431s
 348   1.64679146e+00  1.64679896e+00  3.46e-04 7.06e-09  9.45e-10  8450s
 349   1.64679146e+00  1.64679896e+00  3.46e-04 7.06e-09  9.44e-10  8470s
 350   1.64679149e+00  1.64679890e+00  3.44e-04 6.97e-09  9.37e-10  8488s
 351   1.64679149e+00  1.64679877e+00  3.43e-04 7.53e-09  9.35e-10  8545s
 352   1.64679150e+00  1.64679876e+00  3.43e-04 7.50e-09  9.33e-10  8565s
 353   1.64679150e+00  1.64679876e+00  3.43e-04 7.50e-09  9.33e-10  8593s
 354   1.64679150e+00  1.64679876e+00  3.43e-04 7.50e-09  9.33e-10  8610s
 355   1.64679154e+00  1.64679862e+00  3.40e-04 8.29e-09  9.24e-10  8644s
 356   1.64679154e+00  1.64679862e+00  3.40e-04 8.41e-09  9.24e-10  8679s
 357   1.64679161e+00  1.64679872e+00  3.37e-04 8.11e-09  9.18e-10  8726s
 358   1.64679162e+00  1.64679867e+00  3.35e-04 8.04e-09  9.14e-10  8748s
 359   1.64679165e+00  1.64679857e+00  3.33e-04 7.98e-09  9.06e-10  8767s
 360   1.64679166e+00  1.64679826e+00  3.32e-04 8.21e-09  9.01e-10  8784s
 361   1.64679166e+00  1.64679826e+00  3.32e-04 8.21e-09  9.01e-10  8803s
 362   1.64679169e+00  1.64679827e+00  3.29e-04 8.68e-09  8.95e-10  8822s
 363   1.64679174e+00  1.64679820e+00  3.25e-04 8.67e-09  8.83e-10  8834s
 364   1.64679174e+00  1.64679815e+00  3.25e-04 9.41e-09  8.82e-10  8885s
 365   1.64679176e+00  1.64679800e+00  3.24e-04 9.37e-09  8.77e-10  8921s
 366   1.64679179e+00  1.64679791e+00  3.21e-04 9.25e-09  8.68e-10  8939s
 367   1.64679179e+00  1.64679791e+00  3.20e-04 9.25e-09  8.68e-10  8958s
 368   1.64679182e+00  1.64679999e+00  3.19e-04 7.53e-09  8.88e-10  8993s
 369   1.64679182e+00  1.64679998e+00  3.19e-04 7.43e-09  8.88e-10  9013s
 370   1.64679182e+00  1.64679998e+00  3.19e-04 7.43e-09  8.88e-10  9031s
 371   1.64679185e+00  1.64679986e+00  3.17e-04 7.30e-09  8.79e-10  9050s
 372   1.64679201e+00  1.64679934e+00  3.03e-04 6.52e-09  8.39e-10  9095s
 373   1.64679204e+00  1.64679934e+00  3.00e-04 6.53e-09  8.31e-10  9113s
 374   1.64679204e+00  1.64679934e+00  3.00e-04 6.53e-09  8.31e-10  9134s
 375   1.64679206e+00  1.64679918e+00  2.98e-04 6.70e-09  8.24e-10  9174s
 376   1.64679207e+00  1.64679900e+00  2.97e-04 6.86e-09  8.19e-10  9199s
 377   1.64679208e+00  1.64679899e+00  2.96e-04 6.81e-09  8.16e-10  9218s
 378   1.64679212e+00  1.64679883e+00  2.92e-04 6.80e-09  8.06e-10  9238s
 379   1.64679214e+00  1.64679863e+00  2.90e-04 5.60e-09  7.97e-10  9263s
 380   1.64679214e+00  1.64679860e+00  2.90e-04 5.54e-09  7.97e-10  9299s
 381   1.64679216e+00  1.64679851e+00  2.88e-04 5.15e-09  7.91e-10  9321s
 382   1.64679216e+00  1.64679848e+00  2.88e-04 4.91e-09  7.90e-10  9341s
 383   1.64679216e+00  1.64679847e+00  2.88e-04 4.88e-09  7.90e-10  9353s
 384   1.64679229e+00  1.64679849e+00  2.85e-04 3.75e-09  7.85e-10  9378s
 385   1.64679229e+00  1.64679849e+00  2.85e-04 3.75e-09  7.85e-10  9396s
 386   1.64679229e+00  1.64679849e+00  2.85e-04 3.75e-09  7.85e-10  9411s
 387   1.64679229e+00  1.64679849e+00  2.85e-04 3.75e-09  7.85e-10  9455s
 388   1.64679229e+00  1.64679849e+00  2.85e-04 3.75e-09  7.85e-10  9471s
 389   1.64679230e+00  1.64679832e+00  2.85e-04 4.27e-09  7.83e-10  9491s
 390   1.64679230e+00  1.64679826e+00  2.85e-04 3.95e-09  7.81e-10  9535s
 391   1.64679233e+00  1.64679814e+00  2.84e-04 4.10e-09  7.79e-10  9578s
 392   1.64679236e+00  1.64679793e+00  2.80e-04 4.31e-09  7.67e-10  9597s
 393   1.64679236e+00  1.64679791e+00  2.80e-04 4.21e-09  7.66e-10  9627s
 394   1.64679236e+00  1.64679791e+00  2.80e-04 4.21e-09  7.66e-10  9644s
 395   1.64679238e+00  1.64679790e+00  2.79e-04 4.18e-09  7.64e-10  9694s
 396   1.64679238e+00  1.64679788e+00  2.79e-04 4.12e-09  7.63e-10  9721s
 397   1.64679240e+00  1.64679792e+00  2.78e-04 3.44e-09  7.62e-10  9762s
 398   1.64679242e+00  1.64679780e+00  2.76e-04 3.27e-09  7.56e-10  9787s
 399   1.64679242e+00  1.64679780e+00  2.76e-04 4.13e-09  7.55e-10  9805s
 400   1.64679242e+00  1.64679780e+00  2.76e-04 4.13e-09  7.55e-10  9822s
 401   1.64679242e+00  1.64679779e+00  2.76e-04 4.12e-09  7.55e-10  9845s
 402   1.64679242e+00  1.64679779e+00  2.76e-04 4.09e-09  7.55e-10  9861s
 403   1.64679242e+00  1.64679779e+00  2.76e-04 4.09e-09  7.55e-10  9874s
 404   1.64679242e+00  1.64679779e+00  2.76e-04 4.08e-09  7.55e-10  9892s
 405   1.64679242e+00  1.64679777e+00  2.76e-04 4.15e-09  7.54e-10  9913s
 406   1.64679242e+00  1.64679777e+00  2.76e-04 4.15e-09  7.54e-10  9928s
 407   1.64679242e+00  1.64679777e+00  2.76e-04 4.15e-09  7.54e-10  9945s
 408   1.64679242e+00  1.64679777e+00  2.76e-04 4.15e-09  7.54e-10  9961s

Barrier solved model in 408 iterations and 9960.92 seconds (6024.65 work units)
Optimal objective 1.64679242e+00

