Set parameter Username
Academic license - for non-commercial use only - expires 2027-02-09
Set parameter Threads to value 4
Set parameter Method to value 2
Set parameter BarOrder to value 1
Set parameter BarHomogeneous to value 1
Set parameter NumericFocus to value 2
Set parameter Crossover to value 0
Gurobi Optimizer version 9.5.1 build v9.5.1rc2 (linux64)
Thread count: 32 physical cores, 64 logical processors, using up to 4 threads
Optimize a model with 759859 rows, 451472 columns and 4318791 nonzeros
Model fingerprint: 0xeb4766c3
Coefficient statistics:
  Matrix range     [1e-04, 3e+00]
  Objective range  [1e+00, 1e+00]
  Bounds range     [0e+00, 0e+00]
  RHS range        [1e-03, 1e+00]
Presolve removed 244497 rows and 341945 columns
Presolve time: 2.36s
Presolved: 515362 rows, 109527 columns, 3429971 nonzeros
Ordering time: 0.45s

Barrier statistics:
 Dense cols : 135
 AA' NZ     : 4.856e+06
 Factor NZ  : 6.865e+06 (roughly 260 MB of memory)
 Factor Ops : 2.123e+08 (less than 1 second per iteration)
 Threads    : 4

                  Objective                Residual
Iter       Primal          Dual         Primal    Dual     Compl     Time
   0   3.15466574e+00  6.25000000e+01  8.42e+06 6.25e-02  1.00e+06    61s
   1   6.21920685e+00  3.89532248e+05  6.45e+06 5.68e+02  7.61e+05    62s
   2   1.98412869e+01  3.95557871e+05  4.48e+06 3.93e+02  5.04e+05    62s
   3   4.15920997e+01  5.72021328e+05  3.12e+06 1.50e+02  2.52e+05    63s
   4   1.45046061e+01  1.07753236e+05  5.17e+05 2.41e+01  9.76e+03    64s
   5   4.31599388e+00  1.70514773e+04  5.77e+04 4.20e+00  2.51e+02    65s
   6   3.98927803e+00  9.55097341e+03  3.45e+04 2.34e+00  1.12e+02    66s
   7   3.80368603e+00  4.10615410e+03  2.54e+04 9.79e-01  5.17e+01    66s
   8   3.56177788e+00  1.84148811e+03  1.51e+04 4.28e-01  2.49e+01    67s
   9   3.07798527e+00  1.32204207e+03  1.04e+04 3.32e-01  1.90e+01    68s
  10   2.88077200e+00  1.07692254e+03  7.63e+03 2.87e-01  1.46e+01    69s
  11   2.91024494e+00  8.90627487e+02  5.89e+03 2.42e-01  1.14e+01    70s
  12   2.89736141e+00  3.65416378e+02  3.08e+03 9.64e-02  5.02e+00    71s
  13   2.91562215e+00  1.48670825e+02  1.90e+03 3.78e-02  2.57e+00    72s
  14   2.94791568e+00  5.66321717e+01  1.05e+03 1.33e-02  1.19e+00    73s
  15   2.95856199e+00  3.37679245e+01  5.71e+02 7.35e-03  6.08e-01    73s
  16   3.01335554e+00  2.03077103e+01  3.29e+02 3.94e-03  3.06e-01    74s
  17   3.03858786e+00  1.51314938e+01  2.38e+02 2.63e-03  1.93e-01    75s
  18   2.86065717e+00  9.14510365e+00  1.58e+02 1.25e-03  9.61e-02    77s
  19   2.54199191e+00  6.33007403e+00  1.03e+02 7.59e-04  4.86e-02    78s
  20   2.37207613e+00  4.72753726e+00  8.43e+01 4.75e-04  3.00e-02    79s
  21   1.74579814e+00  3.43214986e+00  1.95e+01 2.66e-04  5.63e-03    80s
  22   1.64202470e+00  2.73153659e+00  7.03e+00 1.66e-04  1.89e-03    81s
  23   1.60433230e+00  2.48103434e+00  3.81e+00 1.30e-04  1.09e-03    82s
  24   1.58569203e+00  2.28849096e+00  2.33e+00 1.03e-04  7.18e-04    83s
  25   1.57200526e+00  2.15512074e+00  1.50e+00 8.44e-05  5.18e-04    84s
  26   1.55574212e+00  1.79040153e+00  8.92e-01 3.48e-05  2.22e-04    86s
  27   1.55316211e+00  1.65449224e+00  4.09e-01 1.37e-05  7.94e-05    87s
  28   1.56916376e+00  1.62772511e+00  2.27e-01 8.76e-06  4.46e-05    89s
  29   1.57776972e+00  1.62575303e+00  1.78e-01 6.31e-06  3.16e-05    90s
  30   1.58071813e+00  1.62534107e+00  1.65e-01 5.44e-06  2.76e-05    91s
  31   1.58550573e+00  1.62626419e+00  1.47e-01 5.00e-06  2.49e-05    93s
  32   1.59057525e+00  1.62576829e+00  1.27e-01 4.01e-06  2.01e-05    94s
  33   1.59963175e+00  1.62721163e+00  1.00e-01 3.35e-06  1.63e-05    97s
  34   1.60736592e+00  1.62830692e+00  7.23e-02 2.84e-06  1.27e-05    99s
  35   1.61055251e+00  1.62890275e+00  6.45e-02 2.66e-06  1.17e-05   101s
  36   1.61278836e+00  1.63032436e+00  5.88e-02 2.11e-06  9.60e-06   103s
  37   1.61619196e+00  1.63080784e+00  5.09e-02 1.97e-06  8.60e-06   105s
  38   1.62355376e+00  1.63189305e+00  3.85e-02 1.83e-06  7.39e-06   107s
  39   1.62845580e+00  1.63539042e+00  3.12e-02 1.37e-06  5.59e-06   109s
  40   1.63628799e+00  1.64016116e+00  1.89e-02 8.37e-07  3.23e-06   112s
  41   1.64000571e+00  1.64221521e+00  1.19e-02 5.23e-07  1.90e-06   115s
  42   1.64313569e+00  1.64412065e+00  7.05e-03 3.89e-07  1.29e-06   119s
  43   1.64554156e+00  1.64606116e+00  4.52e-03 2.47e-07  7.89e-07   123s
  44   1.64691686e+00  1.64730093e+00  2.67e-03 1.47e-07  4.64e-07   127s
  45   1.64762217e+00  1.64788357e+00  1.68e-03 9.84e-08  3.06e-07   130s
  46   1.64773451e+00  1.64807113e+00  1.53e-03 8.18e-08  2.65e-07   132s
  47   1.64795257e+00  1.64844038e+00  1.25e-03 4.79e-08  1.79e-07   135s
  48   1.64802182e+00  1.64850726e+00  1.15e-03 4.08e-08  1.58e-07   137s
  49   1.64809420e+00  1.64858694e+00  1.06e-03 3.23e-08  1.34e-07   139s
  50   1.64835541e+00  1.64865404e+00  7.13e-04 2.49e-08  9.62e-08   143s
  51   1.64840895e+00  1.64873427e+00  6.42e-04 1.66e-08  7.44e-08   146s
  52   1.64844434e+00  1.64878298e+00  5.96e-04 1.12e-08  6.15e-08   148s
  53   1.64846655e+00  1.64881068e+00  5.68e-04 8.40e-09  5.38e-08   150s
  54   1.64846912e+00  1.64883377e+00  5.64e-04 5.96e-09  4.91e-08   153s
  55   1.64852490e+00  1.64885966e+00  4.90e-04 3.38e-09  3.95e-08   156s
  56   1.64858402e+00  1.64886569e+00  4.13e-04 2.75e-09  3.31e-08   158s
  57   1.64858872e+00  1.64887336e+00  4.07e-04 2.04e-09  3.11e-08   159s
  58   1.64860015e+00  1.64887924e+00  3.91e-04 1.85e-09  2.93e-08   161s
  59   1.64860204e+00  1.64888075e+00  3.88e-04 2.09e-09  2.86e-08   163s
  60   1.64860617e+00  1.64888186e+00  3.83e-04 1.64e-09  2.78e-08   165s
  61   1.64865892e+00  1.64888784e+00  3.11e-04 4.83e-09  2.19e-08   167s
  62   1.64865960e+00  1.64888783e+00  3.10e-04 4.64e-09  2.18e-08   170s
  63   1.64866011e+00  1.64888777e+00  3.09e-04 4.80e-09  2.18e-08   172s
  64   1.64866081e+00  1.64891723e+00  3.08e-04 2.53e-09  2.32e-08   174s
  65   1.64866335e+00  1.64891418e+00  3.05e-04 2.18e-09  2.28e-08   176s
  66   1.64867405e+00  1.64890732e+00  2.90e-04 2.15e-09  2.12e-08   179s
  67   1.64868263e+00  1.64889695e+00  2.78e-04 1.43e-09  1.96e-08   181s
  68   1.64869043e+00  1.64889087e+00  2.67e-04 6.49e-10  1.83e-08   183s
  69   1.64869769e+00  1.64888742e+00  2.57e-04 3.08e-10  1.74e-08   185s
  70   1.64870604e+00  1.64888542e+00  2.46e-04 4.78e-10  1.65e-08   188s
  71   1.64875446e+00  1.64888425e+00  1.78e-04 1.99e-10  1.19e-08   190s
  72   1.64880566e+00  1.64888358e+00  1.07e-04 1.84e-10  7.21e-09   192s
  73   1.64883126e+00  1.64888307e+00  7.16e-05 1.57e-10  4.83e-09   193s
  74   1.64883171e+00  1.64888256e+00  7.09e-05 1.98e-10  4.75e-09   195s
  75   1.64884727e+00  1.64888193e+00  4.87e-05 1.41e-10  3.26e-09   197s
  76   1.64884731e+00  1.64888120e+00  4.87e-05 1.16e-10  3.21e-09   198s
  77   1.64885143e+00  1.64888066e+00  4.25e-05 9.48e-11  2.78e-09   200s
  78   1.64885947e+00  1.64888005e+00  4.58e-05 1.59e-10  1.99e-09   203s
  79   1.64886000e+00  1.64887934e+00  4.45e-05 1.84e-10  1.89e-09   207s
  80   1.64886539e+00  1.64887887e+00  3.11e-05 1.25e-10  1.33e-09   209s
  81   1.64886796e+00  1.64887851e+00  2.46e-05 1.16e-10  1.05e-09   212s
  82   1.64886820e+00  1.64887831e+00  2.39e-05 4.97e-10  1.01e-09   215s
  83   1.64887049e+00  1.64887813e+00  1.81e-05 7.72e-10  7.62e-10   219s
  84   1.64887129e+00  1.64887796e+00  1.60e-05 2.87e-09  6.68e-10   224s
  85   1.64887380e+00  1.64887787e+00  9.32e-06 4.66e-09  4.02e-10   227s
  86   1.64887393e+00  1.64887765e+00  8.99e-06 2.63e-09  3.75e-10   229s
  87   1.64887440e+00  1.64887755e+00  7.71e-06 1.29e-09  3.18e-10   233s
  88   1.64887550e+00  1.64887749e+00  4.84e-06 9.73e-10  2.02e-10   235s
  89   1.64887552e+00  1.64887746e+00  4.78e-06 1.27e-09  1.98e-10   240s
  90   1.64887556e+00  1.64887742e+00  4.67e-06 6.81e-10  1.91e-10   242s
  91   1.64887584e+00  1.64887740e+00  3.94e-06 5.02e-10  1.61e-10   245s
  92   1.64887590e+00  1.64887739e+00  3.76e-06 6.94e-10  1.54e-10   248s
  93   1.64887610e+00  1.64887737e+00  3.25e-06 1.68e-09  1.32e-10   251s
  94   1.64887612e+00  1.64887736e+00  3.18e-06 1.44e-09  1.29e-10   254s
  95   1.64887615e+00  1.64887736e+00  3.11e-06 1.44e-09  1.26e-10   257s
  96   1.64887679e+00  1.64887735e+00  1.40e-06 1.78e-10  5.75e-11   265s
  97   1.64887682e+00  1.64887734e+00  1.32e-06 2.85e-10  5.35e-11   268s
  98   1.64887689e+00  1.64887733e+00  1.14e-06 2.14e-10  4.61e-11   270s
  99   1.64887694e+00  1.64887733e+00  1.01e-06 3.34e-10  4.04e-11   272s
 100   1.64887709e+00  1.64887733e+00  6.11e-07 1.46e-10  2.46e-11   275s
 101   1.64887722e+00  1.64887732e+00  2.83e-07 1.13e-10  1.14e-11   279s
 102   1.64887724e+00  1.64887732e+00  2.11e-07 8.17e-10  8.54e-12   282s
 103   1.64887730e+00  1.64887732e+00  6.77e-08 1.18e-09  2.74e-12   286s

Barrier solved model in 103 iterations and 286.20 seconds (202.76 work units)
Optimal objective 1.64887730e+00

