Set parameter Username
Academic license - for non-commercial use only - expires 2027-02-09
Set parameter Threads to value 4
Set parameter Method to value 2
Set parameter BarOrder to value 1
Set parameter BarHomogeneous to value 1
Set parameter NumericFocus to value 2
Set parameter Crossover to value 0
Gurobi Optimizer version 9.5.1 build v9.5.1rc2 (linux64)
Thread count: 32 physical cores, 64 logical processors, using up to 4 threads
Optimize a model with 2966558 rows, 2796719 columns and 20370758 nonzeros
Model fingerprint: 0xa9ddec12
Coefficient statistics:
  Matrix range     [7e-05, 3e+00]
  Objective range  [1e+00, 1e+00]
  Bounds range     [0e+00, 0e+00]
  RHS range        [1e-03, 1e+00]
Presolve removed 1346696 rows and 2323643 columns (presolve time = 6s) ...
Presolve removed 1350928 rows and 2323644 columns (presolve time = 10s) ...
Presolve removed 1350928 rows and 2323644 columns
Presolve time: 11.15s
Presolved: 1615630 rows, 473075 columns, 11199891 nonzeros
Ordering time: 1.40s

Barrier statistics:
 Dense cols : 215
 AA' NZ     : 2.120e+07
 Factor NZ  : 3.188e+07 (roughly 900 MB of memory)
 Factor Ops : 1.704e+09 (less than 1 second per iteration)
 Threads    : 4

                  Objective                Residual
Iter       Primal          Dual         Primal    Dual     Compl     Time
   0   3.28512780e+00  1.25000000e+02  2.65e+07 6.25e-02  1.00e+06   431s
   1   6.27857931e+00  1.47877733e+06  2.25e+07 6.73e+02  8.23e+05   434s
   2   6.14393320e+00  1.72272502e+06  1.77e+07 2.73e+02  4.78e+05   437s
   3   2.96937357e+01  2.08274376e+06  1.14e+07 1.77e+02  3.13e+05   440s
   4   2.22351776e+01  1.30090453e+06  5.63e+06 1.12e+02  1.12e+05   444s
   5   8.10806137e+00  7.13711287e+04  9.61e+05 6.44e+00  1.75e+03   446s
   6   6.14134856e+00  2.74384222e+04  4.63e+05 2.44e+00  4.20e+02   449s
   7   4.86224503e+00  1.24171228e+04  2.48e+05 1.06e+00  1.33e+02   452s
   8   4.07220712e+00  4.39458170e+03  1.22e+05 3.63e-01  3.64e+01   456s
   9   3.69613644e+00  1.69115397e+03  6.95e+04 1.36e-01  1.37e+01   461s
  10   3.29786108e+00  6.92664800e+02  3.76e+04 5.34e-02  6.08e+00   465s
  11   2.98459935e+00  5.08731309e+02  2.72e+04 4.21e-02  4.51e+00   468s
  12   2.82147682e+00  4.17409148e+02  2.11e+04 3.64e-02  3.52e+00   471s
  13   2.87125300e+00  3.39783488e+02  1.62e+04 2.88e-02  2.68e+00   473s
  14   2.88605692e+00  2.25192602e+02  1.07e+04 1.95e-02  1.75e+00   476s
  15   2.95490638e+00  1.01536402e+02  6.39e+03 8.53e-03  9.51e-01   480s
  16   2.99934576e+00  5.45534958e+01  2.64e+03 4.43e-03  3.91e-01   485s
  17   3.02408189e+00  3.08916431e+01  1.58e+03 2.37e-03  2.18e-01   490s
  18   3.07096229e+00  2.10144383e+01  9.70e+02 1.52e-03  1.28e-01   493s
  19   3.07197879e+00  1.76478642e+01  9.24e+02 1.22e-03  1.15e-01   496s
  20   3.12553251e+00  1.54748594e+01  7.83e+02 1.03e-03  9.38e-02   500s
  21   3.21801373e+00  1.17809960e+01  5.09e+02 7.04e-04  5.43e-02   504s
  22   3.17042379e+00  9.97707621e+00  3.69e+02 5.59e-04  3.60e-02   510s
  23   2.64302677e+00  6.46618417e+00  2.43e+02 3.26e-04  1.81e-02   516s
  24   2.05423832e+00  3.20884157e+00  1.05e+02 1.06e-04  3.79e-03   522s
  25   1.68262421e+00  2.19333954e+00  2.01e+01 3.80e-05  4.48e-04   528s
  26   1.62483411e+00  1.88077921e+00  5.46e+00 1.79e-05  1.06e-04   533s
  27   1.62118480e+00  1.75169895e+00  3.19e+00 9.02e-06  4.91e-05   538s
  28   1.62447559e+00  1.73470613e+00  2.15e+00 7.74e-06  3.60e-05   542s
  29   1.62476026e+00  1.71502486e+00  1.95e+00 6.32e-06  3.02e-05   546s
  30   1.62722659e+00  1.70672299e+00  1.49e+00 5.70e-06  2.50e-05   550s
  31   1.62824244e+00  1.68996954e+00  1.27e+00 4.36e-06  1.99e-05   555s
  32   1.62876580e+00  1.68182403e+00  8.94e-01 3.76e-06  1.58e-05   562s
  33   1.63174795e+00  1.66448331e+00  7.56e-01 2.35e-06  1.12e-05   569s
  34   1.63082511e+00  1.65854981e+00  6.88e-01 1.90e-06  9.72e-06   577s
  35   1.63244974e+00  1.65301893e+00  4.94e-01 1.39e-06  7.22e-06   585s
  36   1.63274453e+00  1.65152509e+00  4.39e-01 1.18e-06  6.32e-06   593s
  37   1.63246906e+00  1.65052200e+00  2.96e-01 1.06e-06  5.10e-06   603s
  38   1.63261205e+00  1.64953175e+00  2.65e-01 9.57e-07  4.63e-06   614s
  39   1.63289280e+00  1.64701386e+00  1.72e-01 8.05e-07  3.65e-06   626s
  40   1.63441997e+00  1.64632572e+00  1.45e-01 5.68e-07  2.76e-06   639s
  41   1.63668826e+00  1.64566127e+00  9.57e-02 4.09e-07  1.94e-06   650s
  42   1.63761025e+00  1.64476185e+00  7.09e-02 2.92e-07  1.40e-06   665s
  43   1.63794386e+00  1.64414082e+00  6.09e-02 2.54e-07  1.20e-06   679s
  44   1.63798978e+00  1.64369028e+00  5.76e-02 2.33e-07  1.10e-06   692s
  45   1.63856190e+00  1.64330940e+00  4.35e-02 2.04e-07  9.02e-07   707s
  46   1.63909347e+00  1.64306508e+00  3.45e-02 1.80e-07  7.55e-07   729s
  47   1.64051732e+00  1.64293778e+00  2.50e-02 1.56e-07  5.89e-07   752s
  48   1.64195426e+00  1.64436138e+00  1.97e-02 9.96e-08  4.05e-07   786s
  49   1.64197388e+00  1.64443361e+00  1.97e-02 9.61e-08  3.96e-07   798s
  50   1.64297901e+00  1.64480361e+00  1.58e-02 8.09e-08  3.20e-07   810s
  51   1.64349685e+00  1.64516140e+00  1.39e-02 6.94e-08  2.76e-07   821s
  52   1.64349798e+00  1.64517807e+00  1.39e-02 6.87e-08  2.74e-07   831s
  53   1.64352655e+00  1.64526895e+00  1.38e-02 6.63e-08  2.68e-07   843s
  54   1.64354557e+00  1.64527080e+00  1.37e-02 6.62e-08  2.65e-07   852s
  55   1.64357810e+00  1.64528848e+00  1.36e-02 6.58e-08  2.63e-07   860s
  56   1.64384199e+00  1.64544666e+00  1.27e-02 6.10e-08  2.43e-07   879s
  57   1.64398226e+00  1.64548116e+00  1.22e-02 6.01e-08  2.36e-07   887s
  58   1.64456636e+00  1.64566281e+00  1.01e-02 5.46e-08  2.02e-07   905s
  59   1.64456758e+00  1.64566296e+00  1.01e-02 5.46e-08  2.02e-07   914s
  60   1.64471947e+00  1.64576404e+00  9.61e-03 5.16e-08  1.91e-07   924s
  61   1.64479399e+00  1.64580349e+00  9.34e-03 5.05e-08  1.86e-07   930s
  62   1.64484530e+00  1.64585654e+00  9.16e-03 4.88e-08  1.80e-07   939s
  63   1.64504057e+00  1.64593883e+00  8.46e-03 4.61e-08  1.68e-07   952s
  64   1.64510153e+00  1.64596708e+00  8.24e-03 4.50e-08  1.64e-07   962s
  65   1.64510424e+00  1.64597671e+00  8.23e-03 4.46e-08  1.64e-07   970s
  66   1.64517924e+00  1.64602293e+00  7.95e-03 4.33e-08  1.58e-07   977s
  67   1.64517927e+00  1.64602200e+00  7.95e-03 4.30e-08  1.58e-07   985s
  68   1.64518215e+00  1.64603211e+00  7.94e-03 4.26e-08  1.57e-07   994s
  69   1.64518552e+00  1.64608047e+00  7.93e-03 4.17e-08  1.55e-07  1016s
  70   1.64523955e+00  1.64611028e+00  7.73e-03 4.07e-08  1.51e-07  1025s
  71   1.64523969e+00  1.64611079e+00  7.73e-03 4.03e-08  1.50e-07  1036s
  72   1.64524323e+00  1.64611216e+00  7.71e-03 4.02e-08  1.50e-07  1043s
  73   1.64542281e+00  1.64616554e+00  7.05e-03 3.85e-08  1.40e-07  1053s
  74   1.64544158e+00  1.64619548e+00  6.98e-03 3.79e-08  1.37e-07  1063s
  75   1.64565842e+00  1.64628556e+00  6.18e-03 3.49e-08  1.24e-07  1075s
  76   1.64582743e+00  1.64639068e+00  5.55e-03 3.19e-08  1.11e-07  1083s
  77   1.64583895e+00  1.64639738e+00  5.52e-03 3.17e-08  1.10e-07  1090s
  78   1.64595605e+00  1.64651757e+00  5.07e-03 2.74e-08  9.85e-08  1100s
  79   1.64596332e+00  1.64652817e+00  5.04e-03 2.72e-08  9.74e-08  1107s
  80   1.64603271e+00  1.64658539e+00  4.78e-03 2.50e-08  9.12e-08  1115s
  81   1.64606319e+00  1.64662488e+00  4.66e-03 2.38e-08  8.76e-08  1122s
  82   1.64617663e+00  1.64665920e+00  4.23e-03 2.26e-08  8.09e-08  1131s
  83   1.64621963e+00  1.64668457e+00  4.06e-03 2.18e-08  7.77e-08  1138s
  84   1.64622001e+00  1.64668504e+00  4.06e-03 2.17e-08  7.76e-08  1147s
  85   1.64625404e+00  1.64673526e+00  3.93e-03 2.00e-08  7.35e-08  1155s
  86   1.64628241e+00  1.64676182e+00  3.81e-03 1.95e-08  7.06e-08  1164s
  87   1.64630137e+00  1.64677330e+00  3.74e-03 1.90e-08  6.91e-08  1173s
  88   1.64631369e+00  1.64678987e+00  3.69e-03 1.83e-08  6.74e-08  1188s
  89   1.64638663e+00  1.64681120e+00  3.40e-03 1.74e-08  6.28e-08  1201s
  90   1.64644779e+00  1.64687444e+00  3.16e-03 1.80e-08  5.67e-08  1213s
  91   1.64644783e+00  1.64687464e+00  3.16e-03 1.80e-08  5.67e-08  1223s
  92   1.64646742e+00  1.64689890e+00  3.11e-03 1.70e-08  5.46e-08  1232s
  93   1.64647046e+00  1.64690042e+00  3.10e-03 1.72e-08  5.44e-08  1239s
  94   1.64647047e+00  1.64690059e+00  3.10e-03 1.73e-08  5.45e-08  1246s
  95   1.64647095e+00  1.64690199e+00  3.10e-03 1.67e-08  5.45e-08  1255s
  96   1.64654764e+00  1.64695358e+00  2.80e-03 1.40e-08  4.80e-08  1269s
  97   1.64659368e+00  1.64698283e+00  2.61e-03 1.24e-08  4.41e-08  1278s
  98   1.64667351e+00  1.64704099e+00  2.28e-03 9.61e-09  3.69e-08  1293s
  99   1.64667956e+00  1.64704128e+00  2.26e-03 9.62e-09  3.66e-08  1300s
 100   1.64669149e+00  1.64708148e+00  2.21e-03 7.32e-09  3.32e-08  1313s
 101   1.64673393e+00  1.64709205e+00  2.02e-03 7.78e-09  3.05e-08  1319s
 102   1.64673397e+00  1.64709207e+00  2.02e-03 7.77e-09  3.05e-08  1325s
 103   1.64674737e+00  1.64711445e+00  1.97e-03 6.30e-09  2.84e-08  1335s
 104   1.64675917e+00  1.64712652e+00  1.92e-03 5.41e-09  2.68e-08  1345s
 105   1.64675920e+00  1.64712832e+00  1.92e-03 5.47e-09  2.66e-08  1358s
 106   1.64675920e+00  1.64712828e+00  1.92e-03 6.59e-09  2.66e-08  1365s
 107   1.64675919e+00  1.64712850e+00  1.92e-03 6.76e-09  2.67e-08  1374s
 108   1.64681747e+00  1.64713849e+00  1.67e-03 6.05e-09  2.34e-08  1386s
 109   1.64687313e+00  1.64714428e+00  1.43e-03 4.98e-09  2.02e-08  1394s
 110   1.64687789e+00  1.64714956e+00  1.41e-03 4.70e-09  1.94e-08  1402s
 111   1.64687794e+00  1.64714960e+00  1.41e-03 4.70e-09  1.94e-08  1410s
 112   1.64691575e+00  1.64715368e+00  1.24e-03 4.27e-09  1.72e-08  1419s
 113   1.64691912e+00  1.64715679e+00  1.22e-03 4.10e-09  1.66e-08  1426s
 114   1.64692132e+00  1.64715685e+00  1.21e-03 4.05e-09  1.64e-08  1434s
 115   1.64692190e+00  1.64715687e+00  1.21e-03 4.05e-09  1.64e-08  1439s
 116   1.64692944e+00  1.64715856e+00  1.17e-03 3.70e-09  1.58e-08  1445s
 117   1.64692944e+00  1.64715855e+00  1.17e-03 3.70e-09  1.58e-08  1453s
 118   1.64693091e+00  1.64715875e+00  1.17e-03 4.38e-09  1.57e-08  1460s
 119   1.64693094e+00  1.64715885e+00  1.17e-03 5.44e-09  1.57e-08  1470s
 120   1.64693253e+00  1.64715914e+00  1.16e-03 5.53e-09  1.55e-08  1478s
 121   1.64693331e+00  1.64715934e+00  1.16e-03 7.20e-09  1.54e-08  1487s
 122   1.64693357e+00  1.64715972e+00  1.15e-03 5.37e-09  1.54e-08  1493s
 123   1.64693365e+00  1.64715956e+00  1.15e-03 8.34e-09  1.54e-08  1500s
 124   1.64693851e+00  1.64715881e+00  1.13e-03 2.05e-08  1.51e-08  1511s
 125   1.64693848e+00  1.64715829e+00  1.13e-03 2.26e-08  1.50e-08  1522s
 126   1.64694577e+00  1.64716178e+00  1.09e-03 2.65e-08  1.45e-08  1530s
 127   1.64694607e+00  1.64716179e+00  1.09e-03 2.65e-08  1.45e-08  1536s
 128   1.64695580e+00  1.64716198e+00  1.04e-03 2.75e-08  1.40e-08  1546s
 129   1.64695585e+00  1.64716208e+00  1.04e-03 2.72e-08  1.39e-08  1562s
 130   1.64696264e+00  1.64716386e+00  1.01e-03 2.72e-08  1.36e-08  1570s
 131   1.64696694e+00  1.64716374e+00  9.87e-04 2.88e-08  1.33e-08  1581s
 132   1.64697010e+00  1.64716372e+00  9.71e-04 2.90e-08  1.31e-08  1588s
 133   1.64697085e+00  1.64716369e+00  9.67e-04 2.94e-08  1.30e-08  1595s
 134   1.64697132e+00  1.64716378e+00  9.64e-04 2.94e-08  1.30e-08  1603s
 135   1.64697176e+00  1.64716374e+00  9.62e-04 2.96e-08  1.29e-08  1614s
 136   1.64697558e+00  1.64716483e+00  9.45e-04 2.76e-08  1.26e-08  1621s
 137   1.64697566e+00  1.64716483e+00  9.44e-04 2.77e-08  1.26e-08  1627s
 138   1.64697578e+00  1.64716486e+00  9.44e-04 2.76e-08  1.26e-08  1635s
 139   1.64697640e+00  1.64716503e+00  9.41e-04 2.71e-08  1.25e-08  1644s
 140   1.64698008e+00  1.64716511e+00  9.22e-04 2.74e-08  1.23e-08  1654s
 141   1.64698103e+00  1.64716486e+00  9.17e-04 2.84e-08  1.22e-08  1661s
 142   1.64698129e+00  1.64716482e+00  9.16e-04 2.86e-08  1.22e-08  1668s
 143   1.64698238e+00  1.64716579e+00  9.11e-04 2.89e-08  1.21e-08  1680s
 144   1.64698253e+00  1.64716644e+00  9.11e-04 2.68e-08  1.21e-08  1688s
 145   1.64698343e+00  1.64716675e+00  9.08e-04 2.61e-08  1.20e-08  1696s
 146   1.64698525e+00  1.64716629e+00  8.98e-04 2.76e-08  1.19e-08  1704s
 147   1.64699031e+00  1.64716607e+00  8.70e-04 2.85e-08  1.15e-08  1712s
 148   1.64699436e+00  1.64716641e+00  8.51e-04 2.75e-08  1.12e-08  1719s
 149   1.64700343e+00  1.64716624e+00  8.04e-04 2.88e-08  1.07e-08  1728s
 150   1.64700321e+00  1.64716574e+00  8.03e-04 3.05e-08  1.07e-08  1739s
 151   1.64700812e+00  1.64716547e+00  7.77e-04 3.27e-08  1.04e-08  1750s
 152   1.64700811e+00  1.64716544e+00  7.77e-04 3.27e-08  1.04e-08  1759s
 153   1.64701024e+00  1.64716630e+00  7.67e-04 3.04e-08  1.01e-08  1770s
 154   1.64701181e+00  1.64716638e+00  7.60e-04 3.03e-08  1.00e-08  1777s
 155   1.64701198e+00  1.64716639e+00  7.59e-04 3.01e-08  9.99e-09  1787s
 156   1.64701198e+00  1.64716651e+00  7.59e-04 2.96e-08  9.99e-09  1795s
 157   1.64701201e+00  1.64716643e+00  7.59e-04 2.97e-08  9.97e-09  1804s
 158   1.64701739e+00  1.64716697e+00  7.42e-04 2.82e-08  9.70e-09  1814s
 159   1.64701744e+00  1.64716756e+00  7.42e-04 2.65e-08  9.70e-09  1822s
 160   1.64701824e+00  1.64716830e+00  7.38e-04 2.46e-08  9.56e-09  1836s
 161   1.64701845e+00  1.64716889e+00  7.37e-04 2.31e-08  9.48e-09  1853s
 162   1.64701896e+00  1.64716913e+00  7.36e-04 2.24e-08  9.47e-09  1862s
 163   1.64701907e+00  1.64716915e+00  7.35e-04 2.25e-08  9.45e-09  1872s
 164   1.64701917e+00  1.64716910e+00  7.35e-04 2.26e-08  9.44e-09  1881s
 165   1.64701919e+00  1.64716897e+00  7.35e-04 2.29e-08  9.43e-09  1891s
 166   1.64701919e+00  1.64716894e+00  7.35e-04 2.30e-08  9.43e-09  1899s
 167   1.64701967e+00  1.64716911e+00  7.33e-04 2.26e-08  9.40e-09  1907s
 168   1.64701969e+00  1.64716913e+00  7.33e-04 2.26e-08  9.40e-09  1917s
 169   1.64701974e+00  1.64716922e+00  7.33e-04 2.27e-08  9.39e-09  1925s
 170   1.64702247e+00  1.64716938e+00  7.20e-04 2.23e-08  9.25e-09  1935s
 171   1.64702364e+00  1.64716924e+00  7.14e-04 2.26e-08  9.16e-09  1945s
 172   1.64702627e+00  1.64716965e+00  7.02e-04 2.18e-08  8.98e-09  1960s
 173   1.64702698e+00  1.64716965e+00  6.99e-04 2.19e-08  8.94e-09  1967s
 174   1.64702782e+00  1.64716927e+00  6.94e-04 2.27e-08  8.83e-09  1979s
 175   1.64702672e+00  1.64716866e+00  6.94e-04 2.47e-08  8.83e-09  1990s
 176   1.64702838e+00  1.64716862e+00  6.86e-04 2.47e-08  8.72e-09  1998s
 177   1.64702838e+00  1.64716802e+00  6.86e-04 2.59e-08  8.70e-09  2015s
 178   1.64702939e+00  1.64716849e+00  6.82e-04 2.45e-08  8.61e-09  2024s
 179   1.64702957e+00  1.64716849e+00  6.81e-04 2.46e-08  8.60e-09  2032s
 180   1.64702961e+00  1.64716852e+00  6.81e-04 2.46e-08  8.60e-09  2041s
 181   1.64702963e+00  1.64716859e+00  6.81e-04 2.45e-08  8.61e-09  2051s
 182   1.64703013e+00  1.64716837e+00  6.78e-04 2.47e-08  8.55e-09  2059s
 183   1.64703016e+00  1.64716829e+00  6.78e-04 2.49e-08  8.55e-09  2066s
 184   1.64703019e+00  1.64716832e+00  6.78e-04 2.48e-08  8.55e-09  2074s
 185   1.64703053e+00  1.64716835e+00  6.77e-04 2.47e-08  8.53e-09  2084s
 186   1.64703058e+00  1.64716837e+00  6.77e-04 2.47e-08  8.53e-09  2091s
 187   1.64702982e+00  1.64716288e+00  6.77e-04 4.62e-08  8.53e-09  2097s
 188   1.64702982e+00  1.64716285e+00  6.77e-04 4.63e-08  8.53e-09  2103s
 189   1.64702982e+00  1.64716266e+00  6.76e-04 4.67e-08  8.52e-09  2112s
 190   1.64703041e+00  1.64716378e+00  6.74e-04 4.43e-08  8.39e-09  2126s
 191   1.64703063e+00  1.64716393e+00  6.73e-04 4.40e-08  8.34e-09  2141s
 192   1.64703066e+00  1.64716397e+00  6.72e-04 4.39e-08  8.34e-09  2148s
 193   1.64703185e+00  1.64716413e+00  6.67e-04 4.34e-08  8.26e-09  2156s
 194   1.64703183e+00  1.64716397e+00  6.67e-04 4.37e-08  8.26e-09  2164s
 195   1.64703187e+00  1.64716399e+00  6.67e-04 4.36e-08  8.26e-09  2173s
 196   1.64703187e+00  1.64716400e+00  6.67e-04 4.36e-08  8.26e-09  2182s
 197   1.64703206e+00  1.64716396e+00  6.66e-04 4.38e-08  8.24e-09  2191s
 198   1.64703208e+00  1.64716398e+00  6.66e-04 4.38e-08  8.24e-09  2198s
 199   1.64703211e+00  1.64716431e+00  6.66e-04 4.34e-08  8.24e-09  2207s
 200   1.64703238e+00  1.64716423e+00  6.64e-04 4.33e-08  8.21e-09  2217s
 201   1.64703247e+00  1.64716429e+00  6.64e-04 4.32e-08  8.21e-09  2224s
 202   1.64703247e+00  1.64716428e+00  6.64e-04 4.33e-08  8.20e-09  2231s
 203   1.64703345e+00  1.64716435e+00  6.59e-04 4.36e-08  8.13e-09  2242s
 204   1.64703539e+00  1.64716499e+00  6.51e-04 4.21e-08  8.02e-09  2255s
 205   1.64703740e+00  1.64716563e+00  6.41e-04 3.99e-08  7.87e-09  2267s
 206   1.64703768e+00  1.64716560e+00  6.40e-04 4.04e-08  7.84e-09  2277s
 207   1.64703776e+00  1.64716562e+00  6.40e-04 4.04e-08  7.84e-09  2284s
 208   1.64703781e+00  1.64716595e+00  6.40e-04 4.02e-08  7.84e-09  2292s
 209   1.64703819e+00  1.64716568e+00  6.38e-04 4.02e-08  7.80e-09  2301s
 210   1.64703928e+00  1.64716565e+00  6.32e-04 3.96e-08  7.64e-09  2314s
 211   1.64703962e+00  1.64716539e+00  6.30e-04 4.00e-08  7.60e-09  2322s
 212   1.64704014e+00  1.64716567e+00  6.30e-04 3.90e-08  7.59e-09  2332s
 213   1.64704011e+00  1.64716565e+00  6.30e-04 3.91e-08  7.59e-09  2344s
 214   1.64704055e+00  1.64716632e+00  6.29e-04 3.65e-08  7.57e-09  2354s
 215   1.64704057e+00  1.64716638e+00  6.29e-04 3.65e-08  7.57e-09  2361s
 216   1.64703944e+00  1.64716536e+00  6.19e-04 3.94e-08  7.46e-09  2373s
 217   1.64704274e+00  1.64716597e+00  6.05e-04 3.75e-08  7.27e-09  2380s
 218   1.64704279e+00  1.64716601e+00  6.05e-04 3.74e-08  7.27e-09  2390s
 219   1.64704292e+00  1.64716612e+00  6.04e-04 3.67e-08  7.24e-09  2400s
 220   1.64704381e+00  1.64716639e+00  6.00e-04 3.51e-08  7.14e-09  2417s
 221   1.64704381e+00  1.64716632e+00  6.00e-04 3.53e-08  7.13e-09  2425s
 222   1.64704397e+00  1.64716642e+00  5.99e-04 3.54e-08  7.12e-09  2443s
 223   1.64704488e+00  1.64716696e+00  5.95e-04 3.51e-08  7.05e-09  2452s
 224   1.64704590e+00  1.64716819e+00  5.94e-04 3.18e-08  7.04e-09  2462s
 225   1.64704596e+00  1.64716793e+00  5.93e-04 3.16e-08  7.01e-09  2488s
 226   1.64704611e+00  1.64716750e+00  5.93e-04 3.30e-08  6.99e-09  2498s
 227   1.64704619e+00  1.64716736e+00  5.92e-04 3.30e-08  6.98e-09  2508s
 228   1.64704622e+00  1.64716742e+00  5.92e-04 3.29e-08  6.98e-09  2518s
 229   1.64704624e+00  1.64716784e+00  5.92e-04 3.19e-08  6.97e-09  2528s
 230   1.64704659e+00  1.64716774e+00  5.90e-04 3.21e-08  6.95e-09  2544s
 231   1.64704737e+00  1.64716745e+00  5.86e-04 3.19e-08  6.88e-09  2551s
 232   1.64704742e+00  1.64716881e+00  5.86e-04 2.76e-08  6.85e-09  2561s
 233   1.64705119e+00  1.64716871e+00  5.66e-04 3.01e-08  6.63e-09  2573s
 234   1.64705125e+00  1.64716814e+00  5.66e-04 3.20e-08  6.61e-09  2582s
 235   1.64705127e+00  1.64716817e+00  5.66e-04 3.18e-08  6.60e-09  2592s
 236   1.64705201e+00  1.64716822e+00  5.62e-04 3.16e-08  6.56e-09  2599s
 237   1.64705205e+00  1.64716888e+00  5.62e-04 3.07e-08  6.55e-09  2609s
 238   1.64705300e+00  1.64717095e+00  5.58e-04 2.78e-08  6.50e-09  2618s
 239   1.64705302e+00  1.64717100e+00  5.58e-04 2.78e-08  6.50e-09  2627s
 240   1.64705389e+00  1.64717103e+00  5.54e-04 2.71e-08  6.45e-09  2634s
 241   1.64705388e+00  1.64717095e+00  5.54e-04 2.74e-08  6.45e-09  2650s
 242   1.64705391e+00  1.64717082e+00  5.54e-04 2.76e-08  6.44e-09  2658s
 243   1.64705578e+00  1.64717379e+00  5.46e-04 2.53e-08  6.36e-09  2672s
 244   1.64705579e+00  1.64717378e+00  5.46e-04 2.52e-08  6.36e-09  2684s
 245   1.64705623e+00  1.64717332e+00  5.43e-04 2.48e-08  6.30e-09  2693s
 246   1.64705760e+00  1.64717326e+00  5.37e-04 2.46e-08  6.23e-09  2701s
 247   1.64706001e+00  1.64717241e+00  5.26e-04 2.47e-08  6.08e-09  2711s
 248   1.64706002e+00  1.64717241e+00  5.26e-04 2.47e-08  6.08e-09  2716s
 249   1.64706003e+00  1.64717240e+00  5.25e-04 2.47e-08  6.08e-09  2722s
 250   1.64706140e+00  1.64717291e+00  5.19e-04 2.17e-08  5.95e-09  2736s
 251   1.64706140e+00  1.64717278e+00  5.19e-04 2.18e-08  5.95e-09  2745s
 252   1.64706143e+00  1.64717264e+00  5.17e-04 2.18e-08  5.93e-09  2751s
 253   1.64706161e+00  1.64717258e+00  5.17e-04 2.18e-08  5.92e-09  2761s
 254   1.64706170e+00  1.64717257e+00  5.16e-04 2.18e-08  5.91e-09  2770s
 255   1.64706172e+00  1.64717260e+00  5.16e-04 2.18e-08  5.91e-09  2779s
 256   1.64706171e+00  1.64717232e+00  5.16e-04 2.22e-08  5.91e-09  2788s
 257   1.64706196e+00  1.64717228e+00  5.15e-04 2.22e-08  5.90e-09  2795s
 258   1.64706329e+00  1.64717267e+00  5.09e-04 1.95e-08  5.77e-09  2808s
 259   1.64706332e+00  1.64717319e+00  5.09e-04 1.85e-08  5.76e-09  2817s
 260   1.64706335e+00  1.64717318e+00  5.09e-04 1.86e-08  5.76e-09  2831s
 261   1.64706349e+00  1.64717274e+00  5.07e-04 1.95e-08  5.75e-09  2840s
 262   1.64706357e+00  1.64717256e+00  5.07e-04 1.95e-08  5.73e-09  2853s
 263   1.64706393e+00  1.64717228e+00  5.05e-04 1.97e-08  5.71e-09  2861s
 264   1.64706500e+00  1.64717242e+00  5.00e-04 1.94e-08  5.65e-09  2871s
 265   1.64706621e+00  1.64717308e+00  4.98e-04 1.83e-08  5.61e-09  2880s
 266   1.64706622e+00  1.64717310e+00  4.98e-04 1.83e-08  5.61e-09  2888s
 267   1.64706645e+00  1.64717319e+00  4.97e-04 1.81e-08  5.60e-09  2898s
 268   1.64706664e+00  1.64717292e+00  4.96e-04 1.86e-08  5.57e-09  2931s
 269   1.64706733e+00  1.64717309e+00  4.93e-04 1.84e-08  5.54e-09  2939s
 270   1.64706731e+00  1.64717277e+00  4.93e-04 1.94e-08  5.54e-09  2954s
 271   1.64706731e+00  1.64717276e+00  4.93e-04 1.94e-08  5.54e-09  2962s
 272   1.64706752e+00  1.64717293e+00  4.92e-04 1.92e-08  5.53e-09  2971s
 273   1.64706752e+00  1.64717291e+00  4.92e-04 1.92e-08  5.53e-09  2982s
 274   1.64706778e+00  1.64717252e+00  4.91e-04 1.82e-08  5.49e-09  2990s
 275   1.64706706e+00  1.64717194e+00  4.90e-04 1.81e-08  5.47e-09  3006s
 276   1.64706737e+00  1.64717211e+00  4.88e-04 1.80e-08  5.45e-09  3014s
 277   1.64706737e+00  1.64717211e+00  4.88e-04 1.80e-08  5.45e-09  3026s
 278   1.64706818e+00  1.64717266e+00  4.86e-04 1.69e-08  5.41e-09  3036s
 279   1.64706819e+00  1.64717267e+00  4.86e-04 1.69e-08  5.41e-09  3043s
 280   1.64706819e+00  1.64717267e+00  4.86e-04 1.69e-08  5.41e-09  3052s
 281   1.64706829e+00  1.64717245e+00  4.85e-04 1.68e-08  5.40e-09  3060s
 282   1.64706844e+00  1.64717212e+00  4.84e-04 1.62e-08  5.38e-09  3068s
 283   1.64706846e+00  1.64717199e+00  4.84e-04 1.62e-08  5.38e-09  3080s
 284   1.64706876e+00  1.64717151e+00  4.84e-04 1.64e-08  5.37e-09  3089s
 285   1.64706877e+00  1.64717153e+00  4.84e-04 1.64e-08  5.37e-09  3095s
 286   1.64706878e+00  1.64717155e+00  4.84e-04 1.64e-08  5.37e-09  3105s
 287   1.64706890e+00  1.64717192e+00  4.84e-04 1.59e-08  5.37e-09  3114s
 288   1.64706890e+00  1.64717208e+00  4.84e-04 1.59e-08  5.36e-09  3131s
 289   1.64706897e+00  1.64717163e+00  4.83e-04 1.69e-08  5.35e-09  3141s
 290   1.64706898e+00  1.64717187e+00  4.83e-04 1.70e-08  5.35e-09  3152s
 291   1.64706930e+00  1.64717151e+00  4.81e-04 1.76e-08  5.33e-09  3160s
 292   1.64706969e+00  1.64717118e+00  4.79e-04 1.81e-08  5.30e-09  3169s
 293   1.64706971e+00  1.64717149e+00  4.79e-04 1.76e-08  5.30e-09  3177s
 294   1.64706987e+00  1.64717157e+00  4.78e-04 1.79e-08  5.28e-09  3185s
 295   1.64706987e+00  1.64717155e+00  4.78e-04 1.79e-08  5.28e-09  3197s
 296   1.64706988e+00  1.64717165e+00  4.78e-04 1.79e-08  5.28e-09  3206s
 297   1.64706989e+00  1.64717165e+00  4.78e-04 1.79e-08  5.28e-09  3217s
 298   1.64706998e+00  1.64717214e+00  4.78e-04 1.73e-08  5.28e-09  3225s
 299   1.64706997e+00  1.64717214e+00  4.79e-04 1.73e-08  5.28e-09  3235s
 300   1.64707007e+00  1.64717165e+00  4.78e-04 1.82e-08  5.26e-09  3253s
 301   1.64707009e+00  1.64717194e+00  4.78e-04 1.77e-08  5.26e-09  3264s
 302   1.64707027e+00  1.64717189e+00  4.77e-04 1.80e-08  5.25e-09  3271s
 303   1.64707026e+00  1.64717213e+00  4.77e-04 1.78e-08  5.25e-09  3292s
 304   1.64707031e+00  1.64717198e+00  4.76e-04 1.81e-08  5.24e-09  3300s
 305   1.64707032e+00  1.64717190e+00  4.76e-04 1.83e-08  5.24e-09  3315s
 306   1.64707034e+00  1.64717162e+00  4.76e-04 1.87e-08  5.24e-09  3329s
 307   1.64707037e+00  1.64717159e+00  4.76e-04 1.88e-08  5.24e-09  3338s
 308   1.64707063e+00  1.64717150e+00  4.75e-04 1.84e-08  5.21e-09  3349s
 309   1.64707063e+00  1.64717150e+00  4.75e-04 1.84e-08  5.21e-09  3363s
 310   1.64707113e+00  1.64717168e+00  4.73e-04 1.86e-08  5.19e-09  3374s
 311   1.64707171e+00  1.64717169e+00  4.68e-04 1.88e-08  5.14e-09  3386s
 312   1.64707174e+00  1.64717151e+00  4.68e-04 1.88e-08  5.13e-09  3393s
 313   1.64707174e+00  1.64717150e+00  4.68e-04 1.88e-08  5.13e-09  3403s
 314   1.64707187e+00  1.64717175e+00  4.68e-04 1.87e-08  5.13e-09  3410s
 315   1.64707187e+00  1.64717178e+00  4.68e-04 1.87e-08  5.13e-09  3418s
 316   1.64707246e+00  1.64717162e+00  4.65e-04 1.72e-08  5.08e-09  3429s
 317   1.64707245e+00  1.64717159e+00  4.65e-04 1.72e-08  5.08e-09  3437s
 318   1.64707251e+00  1.64717160e+00  4.64e-04 1.72e-08  5.07e-09  3444s
 319   1.64707272e+00  1.64717125e+00  4.64e-04 1.80e-08  5.07e-09  3449s
 320   1.64707274e+00  1.64717128e+00  4.64e-04 1.80e-08  5.07e-09  3459s
 321   1.64707274e+00  1.64717122e+00  4.64e-04 1.86e-08  5.06e-09  3467s
 322   1.64707278e+00  1.64717075e+00  4.64e-04 1.94e-08  5.06e-09  3478s
 323   1.64707391e+00  1.64717065e+00  4.59e-04 1.90e-08  4.99e-09  3486s
 324   1.64707397e+00  1.64717069e+00  4.59e-04 1.90e-08  4.99e-09  3494s
 325   1.64707444e+00  1.64717101e+00  4.57e-04 1.84e-08  4.96e-09  3505s
 326   1.64707445e+00  1.64717101e+00  4.57e-04 1.84e-08  4.96e-09  3512s
 327   1.64707528e+00  1.64717140e+00  4.52e-04 1.81e-08  4.92e-09  3519s
 328   1.64707573e+00  1.64717090e+00  4.49e-04 1.92e-08  4.88e-09  3530s
 329   1.64707628e+00  1.64717102e+00  4.48e-04 1.89e-08  4.87e-09  3540s
 330   1.64707643e+00  1.64717094e+00  4.47e-04 1.95e-08  4.85e-09  3552s
 331   1.64707684e+00  1.64717076e+00  4.45e-04 1.99e-08  4.83e-09  3562s
 332   1.64707713e+00  1.64717081e+00  4.44e-04 2.00e-08  4.81e-09  3569s
 333   1.64708059e+00  1.64717134e+00  4.31e-04 2.08e-08  4.72e-09  3580s
 334   1.64708060e+00  1.64717123e+00  4.31e-04 2.10e-08  4.71e-09  3587s
 335   1.64708153e+00  1.64717118e+00  4.26e-04 2.10e-08  4.68e-09  3599s
 336   1.64708157e+00  1.64717095e+00  4.26e-04 2.17e-08  4.67e-09  3606s
 337   1.64708159e+00  1.64717132e+00  4.26e-04 2.04e-08  4.65e-09  3624s
 338   1.64708161e+00  1.64717095e+00  4.26e-04 2.11e-08  4.65e-09  3633s
 339   1.64708214e+00  1.64717100e+00  4.23e-04 2.12e-08  4.62e-09  3643s
 340   1.64708236e+00  1.64717113e+00  4.22e-04 2.08e-08  4.60e-09  3655s
 341   1.64708270e+00  1.64717073e+00  4.20e-04 2.20e-08  4.58e-09  3662s
 342   1.64708772e+00  1.64717025e+00  3.94e-04 2.15e-08  4.29e-09  3674s
 343   1.64708815e+00  1.64717042e+00  3.92e-04 2.08e-08  4.26e-09  3681s
 344   1.64708816e+00  1.64717005e+00  3.92e-04 2.09e-08  4.26e-09  3690s
 345   1.64708817e+00  1.64716999e+00  3.91e-04 2.04e-08  4.26e-09  3700s
 346   1.64708831e+00  1.64716989e+00  3.91e-04 2.06e-08  4.25e-09  3711s
 347   1.64708852e+00  1.64716950e+00  3.89e-04 2.12e-08  4.23e-09  3719s
 348   1.64708862e+00  1.64716936e+00  3.89e-04 2.17e-08  4.22e-09  3728s
 349   1.64708862e+00  1.64716899e+00  3.89e-04 2.25e-08  4.22e-09  3746s
 350   1.64709150e+00  1.64716959e+00  3.77e-04 2.08e-08  4.09e-09  3758s
 351   1.64709182e+00  1.64716976e+00  3.76e-04 2.05e-08  4.09e-09  3769s
 352   1.64709196e+00  1.64716996e+00  3.76e-04 2.06e-08  4.08e-09  3778s
 353   1.64709231e+00  1.64716967e+00  3.74e-04 2.11e-08  4.06e-09  3785s
 354   1.64709235e+00  1.64716957e+00  3.74e-04 2.13e-08  4.05e-09  3795s
 355   1.64709236e+00  1.64716957e+00  3.74e-04 2.13e-08  4.05e-09  3802s
 356   1.64709248e+00  1.64716913e+00  3.73e-04 2.21e-08  4.04e-09  3810s
 357   1.64709249e+00  1.64716908e+00  3.73e-04 2.22e-08  4.04e-09  3818s
 358   1.64709343e+00  1.64717014e+00  3.69e-04 2.05e-08  4.00e-09  3831s
 359   1.64709399e+00  1.64716963e+00  3.66e-04 2.14e-08  3.96e-09  3840s
 360   1.64709420e+00  1.64716945e+00  3.64e-04 2.15e-08  3.94e-09  3848s
 361   1.64709419e+00  1.64716925e+00  3.64e-04 2.17e-08  3.94e-09  3855s
 362   1.64709452e+00  1.64716909e+00  3.63e-04 2.18e-08  3.93e-09  3862s
 363   1.64709475e+00  1.64716894e+00  3.62e-04 2.21e-08  3.91e-09  3867s
 364   1.64709476e+00  1.64716863e+00  3.62e-04 2.26e-08  3.91e-09  3876s
 365   1.64709580e+00  1.64716991e+00  3.58e-04 2.34e-08  3.89e-09  3891s
 366   1.64709582e+00  1.64716931e+00  3.58e-04 2.41e-08  3.89e-09  3899s
 367   1.64709586e+00  1.64716965e+00  3.57e-04 2.29e-08  3.88e-09  3913s
 368   1.64709656e+00  1.64716937e+00  3.54e-04 2.37e-08  3.84e-09  3920s
 369   1.64709775e+00  1.64716914e+00  3.48e-04 2.42e-08  3.77e-09  3932s
 370   1.64709805e+00  1.64716860e+00  3.44e-04 2.48e-08  3.73e-09  3940s
 371   1.64709835e+00  1.64716855e+00  3.43e-04 2.48e-08  3.71e-09  3951s
 372   1.64709836e+00  1.64716854e+00  3.43e-04 2.48e-08  3.71e-09  3960s
 373   1.64709837e+00  1.64716853e+00  3.42e-04 2.48e-08  3.71e-09  3971s
 374   1.64709879e+00  1.64716990e+00  3.41e-04 2.47e-08  3.71e-09  3978s
 375   1.64709901e+00  1.64716975e+00  3.39e-04 2.51e-08  3.69e-09  3987s
 376   1.64709937e+00  1.64716967e+00  3.38e-04 2.39e-08  3.65e-09  3996s
 377   1.64709954e+00  1.64717018e+00  3.37e-04 2.20e-08  3.63e-09  4007s
 378   1.64710219e+00  1.64716989e+00  3.23e-04 2.20e-08  3.45e-09  4019s
 379   1.64710298e+00  1.64716978e+00  3.18e-04 2.21e-08  3.40e-09  4029s
 380   1.64710359e+00  1.64716948e+00  3.15e-04 2.25e-08  3.36e-09  4039s
 381   1.64710384e+00  1.64716937e+00  3.14e-04 2.25e-08  3.34e-09  4047s
 382   1.64710387e+00  1.64716924e+00  3.13e-04 2.32e-08  3.34e-09  4056s
 383   1.64710490e+00  1.64717111e+00  3.08e-04 2.27e-08  3.32e-09  4063s
 384   1.64710520e+00  1.64717158e+00  3.08e-04 2.31e-08  3.31e-09  4070s
 385   1.64710520e+00  1.64717158e+00  3.08e-04 2.30e-08  3.31e-09  4079s
 386   1.64710521e+00  1.64717159e+00  3.08e-04 2.30e-08  3.31e-09  4087s
 387   1.64710526e+00  1.64717103e+00  3.07e-04 2.28e-08  3.30e-09  4095s
 388   1.64710597e+00  1.64717103e+00  3.05e-04 2.18e-08  3.27e-09  4112s
 389   1.64710597e+00  1.64717097e+00  3.05e-04 2.26e-08  3.27e-09  4121s
 390   1.64710633e+00  1.64717065e+00  3.03e-04 2.32e-08  3.25e-09  4148s
 391   1.64710671e+00  1.64716990e+00  3.01e-04 2.37e-08  3.21e-09  4160s
 392   1.64710680e+00  1.64717000e+00  3.01e-04 2.29e-08  3.21e-09  4168s
 393   1.64710725e+00  1.64717010e+00  2.99e-04 2.11e-08  3.17e-09  4185s
 394   1.64710741e+00  1.64716978e+00  2.98e-04 2.18e-08  3.16e-09  4192s
 395   1.64710744e+00  1.64716972e+00  2.97e-04 2.18e-08  3.16e-09  4199s
 396   1.64710744e+00  1.64716966e+00  2.97e-04 2.21e-08  3.16e-09  4207s
 397   1.64710752e+00  1.64716955e+00  2.97e-04 2.28e-08  3.15e-09  4218s
 398   1.64710752e+00  1.64716929e+00  2.97e-04 2.34e-08  3.15e-09  4227s
 399   1.64710807e+00  1.64716978e+00  2.95e-04 2.16e-08  3.13e-09  4235s
 400   1.64711024e+00  1.64717009e+00  2.84e-04 1.68e-08  3.00e-09  4247s
 401   1.64711164e+00  1.64716983e+00  2.76e-04 1.68e-08  2.91e-09  4255s
 402   1.64711164e+00  1.64716985e+00  2.76e-04 1.67e-08  2.91e-09  4270s
 403   1.64711213e+00  1.64717099e+00  2.74e-04 1.63e-08  2.91e-09  4278s
 404   1.64711246e+00  1.64717076e+00  2.72e-04 1.70e-08  2.89e-09  4287s
 405   1.64711249e+00  1.64717061e+00  2.72e-04 1.72e-08  2.88e-09  4298s
 406   1.64711260e+00  1.64717049e+00  2.72e-04 1.67e-08  2.87e-09  4309s
 407   1.64711395e+00  1.64717099e+00  2.65e-04 1.37e-08  2.80e-09  4321s
 408   1.64711413e+00  1.64717077e+00  2.64e-04 1.36e-08  2.79e-09  4331s
 409   1.64711435e+00  1.64717062e+00  2.63e-04 1.40e-08  2.77e-09  4348s
 410   1.64711439e+00  1.64717040e+00  2.63e-04 1.39e-08  2.76e-09  4356s
 411   1.64711464e+00  1.64717017e+00  2.61e-04 1.51e-08  2.74e-09  4369s
 412   1.64711468e+00  1.64717009e+00  2.61e-04 1.51e-08  2.74e-09  4376s
 413   1.64711484e+00  1.64716991e+00  2.61e-04 1.58e-08  2.73e-09  4387s
 414   1.64711694e+00  1.64716960e+00  2.50e-04 1.68e-08  2.62e-09  4394s
 415   1.64711695e+00  1.64716960e+00  2.50e-04 1.68e-08  2.62e-09  4401s
 416   1.64711768e+00  1.64716954e+00  2.46e-04 1.53e-08  2.58e-09  4411s
 417   1.64711857e+00  1.64716949e+00  2.42e-04 1.26e-08  2.52e-09  4423s
 418   1.64711860e+00  1.64716951e+00  2.42e-04 1.26e-08  2.52e-09  4432s
 419   1.64711893e+00  1.64717009e+00  2.40e-04 1.15e-08  2.52e-09  4448s
 420   1.64711906e+00  1.64717002e+00  2.39e-04 1.15e-08  2.51e-09  4459s
 421   1.64711912e+00  1.64716987e+00  2.39e-04 1.18e-08  2.50e-09  4474s
 422   1.64711920e+00  1.64716983e+00  2.39e-04 1.18e-08  2.50e-09  4497s
 423   1.64711942e+00  1.64716980e+00  2.38e-04 1.17e-08  2.48e-09  4507s
 424   1.64711954e+00  1.64716961e+00  2.37e-04 1.22e-08  2.47e-09  4515s
 425   1.64712017e+00  1.64716925e+00  2.34e-04 1.29e-08  2.44e-09  4524s
 426   1.64712020e+00  1.64716911e+00  2.33e-04 1.22e-08  2.43e-09  4535s
 427   1.64712032e+00  1.64716905e+00  2.33e-04 1.24e-08  2.42e-09  4540s
 428   1.64712038e+00  1.64716902e+00  2.32e-04 1.25e-08  2.42e-09  4556s
 429   1.64712110e+00  1.64716897e+00  2.29e-04 1.19e-08  2.38e-09  4567s
 430   1.64712121e+00  1.64716889e+00  2.28e-04 1.23e-08  2.37e-09  4573s
 431   1.64712126e+00  1.64716889e+00  2.28e-04 1.26e-08  2.37e-09  4581s
 432   1.64712200e+00  1.64716894e+00  2.25e-04 1.16e-08  2.35e-09  4596s

Barrier solved model in 432 iterations and 4596.38 seconds (2641.54 work units)
Optimal objective 1.64711920e+00

