Set parameter Username
Academic license - for non-commercial use only - expires 2027-02-09
Set parameter Threads to value 4
Set parameter Method to value 2
Set parameter BarOrder to value 1
Set parameter BarHomogeneous to value 1
Set parameter NumericFocus to value 2
Set parameter Crossover to value 0
Gurobi Optimizer version 9.5.1 build v9.5.1rc2 (linux64)
Thread count: 32 physical cores, 64 logical processors, using up to 4 threads
Optimize a model with 9222877 rows, 13152662 columns and 56360418 nonzeros
Model fingerprint: 0xe916f65c
Coefficient statistics:
  Matrix range     [1e-04, 3e+00]
  Objective range  [1e+00, 1e+00]
  Bounds range     [0e+00, 0e+00]
  RHS range        [1e-03, 1e+00]
Presolve removed 3358014 rows and 10664420 columns (presolve time = 6s) ...
Presolve removed 3358014 rows and 10895625 columns (presolve time = 13s) ...
Presolve removed 3362389 rows and 10900000 columns (presolve time = 15s) ...
Presolve removed 3363790 rows and 10901401 columns (presolve time = 30s) ...
Presolve removed 3375342 rows and 10901402 columns (presolve time = 37s) ...
Presolve removed 3375342 rows and 10901402 columns
Presolve time: 37.64s
Presolved: 5847535 rows, 2251260 columns, 39483341 nonzeros
Elapsed ordering time = 6s
Ordering time: 7.03s

Barrier statistics:
 Dense cols : 330
 AA' NZ     : 1.162e+08
 Factor NZ  : 1.799e+08 (roughly 3.5 GB of memory)
 Factor Ops : 1.451e+10 (roughly 1 second per iteration)
 Threads    : 4

                  Objective                Residual
Iter       Primal          Dual         Primal    Dual     Compl     Time
   0   3.26433346e+00  6.25000000e+01  1.16e+08 6.25e-02  1.00e+06  1384s
   1   1.11484823e+01  2.18809444e+06  8.38e+07 6.47e+02  7.89e+05  1393s
   2   1.77625717e+01  3.23118015e+06  6.43e+07 3.61e+02  5.15e+05  1407s
   3   3.63974224e+01  2.99403996e+06  4.48e+07 1.93e+02  3.36e+05  1421s
   4   5.97698435e+00  1.67112483e+05  2.14e+06 1.19e+01  1.32e+03  1436s
   5   4.22461316e+00  5.07116131e+04  8.60e+05 3.80e+00  2.28e+02  1453s
   6   3.84003608e+00  2.57614020e+04  5.42e+05 1.88e+00  9.91e+01  1471s
   7   3.58244397e+00  1.36837656e+04  3.18e+05 9.84e-01  4.46e+01  1491s
   8   3.47483091e+00  9.58204579e+03  2.42e+05 6.85e-01  3.04e+01  1508s
   9   3.29686331e+00  4.96818144e+03  1.88e+05 3.52e-01  2.02e+01  1527s
  10   2.95824567e+00  3.48862098e+03  1.33e+05 2.50e-01  1.51e+01  1551s
  11   2.58692376e+00  2.14105775e+03  9.75e+04 1.53e-01  1.06e+01  1573s
  12   2.36414701e+00  1.70714735e+03  6.65e+04 1.23e-01  7.23e+00  1591s
  13   2.42343563e+00  1.04128216e+03  4.43e+04 7.38e-02  4.55e+00  1606s
  14   2.43400576e+00  5.56774403e+02  3.25e+04 3.94e-02  3.12e+00  1620s
  15   2.43990853e+00  2.73994045e+02  2.52e+04 1.91e-02  2.23e+00  1633s
  16   2.47757204e+00  1.95692940e+02  1.99e+04 1.35e-02  1.71e+00  1645s
  17   2.52220403e+00  1.58472209e+02  1.50e+04 1.08e-02  1.28e+00  1658s
  18   2.56825592e+00  1.09903985e+02  1.03e+04 7.37e-03  8.56e-01  1671s
  19   2.63394167e+00  5.10800540e+01  5.70e+03 3.26e-03  4.48e-01  1688s
  20   2.66717435e+00  2.99278215e+01  3.25e+03 1.78e-03  2.28e-01  1708s
  21   2.76311945e+00  1.96183873e+01  1.82e+03 1.05e-03  1.10e-01  1724s
  22   2.72050894e+00  1.37937456e+01  8.72e+02 6.64e-04  4.17e-02  1737s
  23   2.65955248e+00  1.20529787e+01  6.75e+02 5.58e-04  2.95e-02  1751s
  24   2.59381211e+00  1.12091842e+01  5.63e+02 5.08e-04  2.34e-02  1765s
  25   2.52575998e+00  9.97571300e+00  5.02e+02 4.49e-04  1.97e-02  1784s
  26   2.20318744e+00  6.81370529e+00  3.22e+02 2.77e-04  9.66e-03  1807s
  27   2.06694717e+00  3.97514720e+00  2.45e+02 1.24e-04  4.62e-03  1830s
  28   1.73234963e+00  2.54861873e+00  6.09e+01 4.99e-05  6.94e-04  1858s
  29   1.66318339e+00  2.15518256e+00  2.09e+01 2.82e-05  1.97e-04  1882s
  30   1.63270987e+00  1.97721191e+00  7.56e+00 1.89e-05  7.22e-05  1906s
  31   1.61731342e+00  1.89593004e+00  4.43e+00 1.49e-05  4.42e-05  1926s
  32   1.60765588e+00  1.84480694e+00  3.36e+00 1.25e-05  3.38e-05  1945s
  33   1.59956444e+00  1.81987934e+00  2.58e+00 1.14e-05  2.76e-05  1960s
  34   1.58858279e+00  1.78193892e+00  1.76e+00 9.70e-06  2.08e-05  1979s
  35   1.57573245e+00  1.75023842e+00  1.15e+00 8.35e-06  1.62e-05  2002s
  36   1.56438503e+00  1.69144317e+00  8.32e-01 5.99e-06  1.18e-05  2030s
  37   1.55994689e+00  1.65576285e+00  6.94e-01 4.62e-06  9.32e-06  2061s
  38   1.55398474e+00  1.62908044e+00  5.14e-01 3.57e-06  7.13e-06  2094s
  39   1.55541611e+00  1.61614184e+00  3.90e-01 2.91e-06  5.67e-06  2130s
  40   1.55655326e+00  1.60786443e+00  3.60e-01 2.34e-06  4.71e-06  2171s
  41   1.55949261e+00  1.60656660e+00  3.12e-01 2.25e-06  4.37e-06  2215s
  42   1.56648829e+00  1.60322215e+00  2.80e-01 1.50e-06  3.14e-06  2258s
  43   1.56975143e+00  1.60412609e+00  2.65e-01 1.39e-06  2.93e-06  2293s
  44   1.57066963e+00  1.60623877e+00  2.41e-01 1.20e-06  2.54e-06  2346s
  45   1.58412931e+00  1.60675043e+00  1.91e-01 1.17e-06  2.32e-06  2383s
  46   1.59113711e+00  1.61420501e+00  1.65e-01 8.71e-07  1.82e-06  2446s
  47   1.59398990e+00  1.61821706e+00  1.56e-01 7.54e-07  1.65e-06  2527s
  48   1.59994389e+00  1.62013188e+00  1.31e-01 6.85e-07  1.45e-06  2626s
  49   1.60208121e+00  1.62659549e+00  1.24e-01 4.81e-07  1.16e-06  2758s
  50   1.60425562e+00  1.62840288e+00  1.17e-01 4.38e-07  1.05e-06  2816s
  51   1.60613267e+00  1.62858050e+00  1.11e-01 4.31e-07  1.01e-06  2845s
  52   1.60692608e+00  1.62963655e+00  1.08e-01 4.11e-07  9.63e-07  2877s
  53   1.60820452e+00  1.63076818e+00  1.04e-01 3.77e-07  8.99e-07  2909s
  54   1.60914622e+00  1.63090134e+00  1.01e-01 3.71e-07  8.78e-07  2928s
  55   1.61108282e+00  1.63200435e+00  9.53e-02 3.46e-07  8.17e-07  2976s
  56   1.61206848e+00  1.63231912e+00  9.18e-02 3.28e-07  7.83e-07  3022s
  57   1.61252114e+00  1.63244337e+00  9.02e-02 3.24e-07  7.69e-07  3053s
  58   1.61446058e+00  1.63324211e+00  8.35e-02 2.96e-07  7.07e-07  3182s
  59   1.61599100e+00  1.63344168e+00  7.84e-02 2.89e-07  6.74e-07  3224s
  60   1.61660758e+00  1.63371319e+00  7.66e-02 2.78e-07  6.56e-07  3265s
  61   1.61713527e+00  1.63385800e+00  7.49e-02 2.75e-07  6.42e-07  3295s
  62   1.61811572e+00  1.63431093e+00  7.19e-02 2.60e-07  6.10e-07  3326s
  63   1.61876136e+00  1.63453897e+00  6.99e-02 2.53e-07  5.91e-07  3369s
  64   1.61935135e+00  1.63473760e+00  6.83e-02 2.48e-07  5.78e-07  3405s
  65   1.61940571e+00  1.63480672e+00  6.82e-02 2.46e-07  5.75e-07  3428s
  66   1.62015069e+00  1.63497354e+00  6.60e-02 2.42e-07  5.60e-07  3467s
  67   1.62096289e+00  1.63521967e+00  6.37e-02 2.35e-07  5.29e-07  3506s
  68   1.62161067e+00  1.63536807e+00  6.19e-02 2.32e-07  5.16e-07  3540s
  69   1.62201153e+00  1.63547092e+00  6.08e-02 2.29e-07  5.09e-07  3569s
  70   1.62236445e+00  1.63549815e+00  5.99e-02 2.28e-07  5.03e-07  3600s
  71   1.62310054e+00  1.63587145e+00  5.80e-02 2.21e-07  4.85e-07  3632s
  72   1.62325866e+00  1.63607236e+00  5.75e-02 2.16e-07  4.78e-07  3683s
  73   1.62407457e+00  1.63645139e+00  5.55e-02 2.07e-07  4.59e-07  3716s
  74   1.62563638e+00  1.63682193e+00  5.15e-02 1.98e-07  4.31e-07  3758s
  75   1.62619619e+00  1.63684659e+00  5.00e-02 1.98e-07  4.24e-07  3787s
  76   1.62625050e+00  1.63687833e+00  4.99e-02 1.97e-07  4.22e-07  3812s
  77   1.62645188e+00  1.63688943e+00  4.93e-02 1.97e-07  4.20e-07  3840s
  78   1.62645187e+00  1.63689070e+00  4.93e-02 1.97e-07  4.19e-07  3873s
  79   1.62660951e+00  1.63691170e+00  4.89e-02 1.96e-07  4.16e-07  3899s
  80   1.62668295e+00  1.63709483e+00  4.87e-02 1.94e-07  4.10e-07  3945s
  81   1.62802850e+00  1.63724390e+00  4.51e-02 1.90e-07  3.89e-07  3981s
  82   1.62818785e+00  1.63738622e+00  4.46e-02 1.87e-07  3.82e-07  4011s
  83   1.62866220e+00  1.63748501e+00  4.33e-02 1.83e-07  3.73e-07  4041s
  84   1.62920971e+00  1.63773723e+00  4.18e-02 1.78e-07  3.60e-07  4073s
  85   1.62954302e+00  1.63790712e+00  4.09e-02 1.72e-07  3.51e-07  4125s
  86   1.62991838e+00  1.63818362e+00  3.99e-02 1.68e-07  3.39e-07  4165s
  87   1.62992222e+00  1.63818445e+00  3.99e-02 1.68e-07  3.39e-07  4190s
  88   1.63004813e+00  1.63844238e+00  3.96e-02 1.63e-07  3.32e-07  4232s
  89   1.63113660e+00  1.63890862e+00  3.69e-02 1.55e-07  3.10e-07  4269s
  90   1.63113811e+00  1.63890986e+00  3.69e-02 1.55e-07  3.10e-07  4297s
  91   1.63347886e+00  1.63968544e+00  3.13e-02 1.37e-07  2.69e-07  4343s
  92   1.63353819e+00  1.63985422e+00  3.12e-02 1.34e-07  2.65e-07  4373s
  93   1.63353825e+00  1.63985283e+00  3.12e-02 1.34e-07  2.65e-07  4405s
  94   1.63400631e+00  1.64151155e+00  3.01e-02 1.13e-07  2.33e-07  4455s
  95   1.63410717e+00  1.64151436e+00  2.99e-02 1.13e-07  2.32e-07  4495s
  96   1.63421466e+00  1.64171775e+00  2.96e-02 1.09e-07  2.26e-07  4523s
  97   1.63424284e+00  1.64177295e+00  2.95e-02 1.08e-07  2.25e-07  4557s
  98   1.63428513e+00  1.64183877e+00  2.94e-02 1.06e-07  2.23e-07  4588s
  99   1.63449701e+00  1.64193148e+00  2.89e-02 1.03e-07  2.19e-07  4622s
 100   1.63449703e+00  1.64193512e+00  2.89e-02 1.03e-07  2.19e-07  4667s
 101   1.63526020e+00  1.64222281e+00  2.71e-02 9.81e-08  2.05e-07  4708s
 102   1.63548965e+00  1.64244389e+00  2.64e-02 9.57e-08  1.96e-07  4776s
 103   1.63555705e+00  1.64249169e+00  2.63e-02 9.37e-08  1.94e-07  4798s
 104   1.63569222e+00  1.64261898e+00  2.59e-02 9.03e-08  1.89e-07  4830s
 105   1.63581405e+00  1.64265505e+00  2.56e-02 8.94e-08  1.87e-07  4863s
 106   1.63583333e+00  1.64268353e+00  2.56e-02 8.90e-08  1.87e-07  4929s
 107   1.63655382e+00  1.64287067e+00  2.37e-02 8.38e-08  1.74e-07  4975s
 108   1.63655366e+00  1.64287122e+00  2.37e-02 8.39e-08  1.74e-07  4996s
 109   1.63656786e+00  1.64288602e+00  2.37e-02 8.36e-08  1.73e-07  5024s
 110   1.63656805e+00  1.64288622e+00  2.37e-02 8.36e-08  1.73e-07  5063s
 111   1.63657757e+00  1.64289375e+00  2.37e-02 8.30e-08  1.73e-07  5098s
 112   1.63686375e+00  1.64300680e+00  2.30e-02 8.03e-08  1.67e-07  5134s
 113   1.63686387e+00  1.64300764e+00  2.30e-02 8.03e-08  1.67e-07  5174s
 114   1.63686401e+00  1.64300697e+00  2.30e-02 8.03e-08  1.67e-07  5211s
 115   1.63686527e+00  1.64300671e+00  2.30e-02 8.03e-08  1.67e-07  5242s
 116   1.63694950e+00  1.64302014e+00  2.28e-02 8.02e-08  1.67e-07  5269s
 117   1.63695056e+00  1.64302702e+00  2.28e-02 7.95e-08  1.67e-07  5302s
 118   1.63695788e+00  1.64304434e+00  2.28e-02 7.92e-08  1.66e-07  5337s
 119   1.63705395e+00  1.64321801e+00  2.26e-02 7.56e-08  1.63e-07  5356s
 120   1.63705955e+00  1.64322189e+00  2.26e-02 7.57e-08  1.63e-07  5380s
 121   1.63725009e+00  1.64328662e+00  2.22e-02 7.48e-08  1.60e-07  5425s
 122   1.63749371e+00  1.64332882e+00  2.16e-02 7.39e-08  1.57e-07  5458s
 123   1.63750015e+00  1.64333722e+00  2.16e-02 7.36e-08  1.57e-07  5483s
 124   1.63763783e+00  1.64339766e+00  2.13e-02 7.24e-08  1.54e-07  5513s
 125   1.63763553e+00  1.64339884e+00  2.13e-02 7.25e-08  1.55e-07  5537s
 126   1.63764052e+00  1.64340586e+00  2.13e-02 7.26e-08  1.55e-07  5560s
 127   1.63764353e+00  1.64341942e+00  2.13e-02 7.24e-08  1.54e-07  5585s
 128   1.63768051e+00  1.64353273e+00  2.12e-02 7.06e-08  1.52e-07  5618s
 129   1.63784004e+00  1.64370519e+00  2.09e-02 6.78e-08  1.49e-07  5656s
 130   1.63793352e+00  1.64371869e+00  2.07e-02 6.76e-08  1.47e-07  5689s
 131   1.63796511e+00  1.64397778e+00  2.06e-02 6.37e-08  1.44e-07  5765s
 132   1.63802198e+00  1.64401691e+00  2.05e-02 6.31e-08  1.43e-07  5789s
 133   1.63802369e+00  1.64403545e+00  2.05e-02 6.28e-08  1.43e-07  5824s
 134   1.63805356e+00  1.64411272e+00  2.04e-02 6.07e-08  1.42e-07  5850s
 135   1.63816215e+00  1.64415110e+00  2.02e-02 6.02e-08  1.41e-07  5878s
 136   1.63816343e+00  1.64415111e+00  2.02e-02 6.02e-08  1.40e-07  5920s
 137   1.63833216e+00  1.64419002e+00  1.99e-02 5.96e-08  1.38e-07  5956s
 138   1.63833348e+00  1.64419032e+00  1.99e-02 5.95e-08  1.38e-07  5980s
 139   1.63833376e+00  1.64419038e+00  1.99e-02 5.95e-08  1.38e-07  6019s
 140   1.63833471e+00  1.64419175e+00  1.99e-02 5.95e-08  1.38e-07  6052s
 141   1.63833496e+00  1.64419182e+00  1.99e-02 5.95e-08  1.38e-07  6095s
 142   1.63834399e+00  1.64425827e+00  1.99e-02 5.88e-08  1.38e-07  6119s
 143   1.63838934e+00  1.64444527e+00  1.98e-02 5.62e-08  1.35e-07  6175s
 144   1.63839206e+00  1.64445149e+00  1.98e-02 5.61e-08  1.35e-07  6200s
 145   1.63850310e+00  1.64475564e+00  1.96e-02 5.28e-08  1.32e-07  6249s
 146   1.63850350e+00  1.64475564e+00  1.96e-02 5.28e-08  1.32e-07  6290s
 147   1.63871122e+00  1.64484290e+00  1.91e-02 5.15e-08  1.29e-07  6347s
 148   1.63883859e+00  1.64490793e+00  1.89e-02 5.07e-08  1.27e-07  6380s
 149   1.63888442e+00  1.64500742e+00  1.88e-02 4.82e-08  1.26e-07  6416s
 150   1.63903807e+00  1.64512718e+00  1.85e-02 4.65e-08  1.23e-07  6449s
 151   1.63907403e+00  1.64513272e+00  1.84e-02 4.65e-08  1.22e-07  6471s
 152   1.63912388e+00  1.64516359e+00  1.83e-02 4.61e-08  1.22e-07  6510s
 153   1.63920012e+00  1.64518872e+00  1.82e-02 4.57e-08  1.21e-07  6546s
 154   1.63926824e+00  1.64533033e+00  1.80e-02 4.42e-08  1.19e-07  6577s
 155   1.63926580e+00  1.64533035e+00  1.80e-02 4.43e-08  1.19e-07  6610s
 156   1.63929409e+00  1.64533419e+00  1.80e-02 4.42e-08  1.18e-07  6635s
 157   1.63929973e+00  1.64541956e+00  1.80e-02 4.39e-08  1.18e-07  6680s
 158   1.63929974e+00  1.64542126e+00  1.80e-02 4.36e-08  1.18e-07  6716s
 159   1.63929881e+00  1.64542145e+00  1.80e-02 4.36e-08  1.18e-07  6748s
 160   1.63930004e+00  1.64551050e+00  1.80e-02 4.34e-08  1.17e-07  6815s
 161   1.63931248e+00  1.64557324e+00  1.79e-02 4.17e-08  1.16e-07  6845s
 162   1.63931559e+00  1.64557629e+00  1.79e-02 4.17e-08  1.16e-07  6875s
 163   1.63931570e+00  1.64557697e+00  1.79e-02 4.17e-08  1.16e-07  6904s
 164   1.63933332e+00  1.64558319e+00  1.79e-02 4.16e-08  1.16e-07  6931s
 165   1.63933541e+00  1.64558332e+00  1.79e-02 4.14e-08  1.16e-07  6963s
 166   1.63947731e+00  1.64588134e+00  1.76e-02 3.74e-08  1.12e-07  7041s
 167   1.63953357e+00  1.64597224e+00  1.75e-02 3.58e-08  1.10e-07  7090s
 168   1.63953366e+00  1.64597224e+00  1.75e-02 3.58e-08  1.10e-07  7119s
 169   1.63963142e+00  1.64613588e+00  1.73e-02 3.43e-08  1.08e-07  7169s
 170   1.63963387e+00  1.64615135e+00  1.73e-02 3.48e-08  1.08e-07  7194s
 171   1.63976331e+00  1.64623488e+00  1.70e-02 3.28e-08  1.06e-07  7263s
 172   1.63981862e+00  1.64632752e+00  1.69e-02 2.88e-08  1.04e-07  7298s
 173   1.63983499e+00  1.64641786e+00  1.69e-02 2.78e-08  1.03e-07  7359s
 174   1.63989558e+00  1.64646046e+00  1.68e-02 2.69e-08  1.02e-07  7401s
 175   1.63989771e+00  1.64646238e+00  1.68e-02 2.68e-08  1.02e-07  7425s
 176   1.64001935e+00  1.64655065e+00  1.65e-02 2.55e-08  9.97e-08  7465s
 177   1.64008506e+00  1.64659532e+00  1.64e-02 2.53e-08  9.86e-08  7494s
 178   1.64012235e+00  1.64659762e+00  1.63e-02 2.52e-08  9.82e-08  7527s
 179   1.64014759e+00  1.64665915e+00  1.63e-02 2.56e-08  9.73e-08  7561s
 180   1.64015024e+00  1.64666071e+00  1.63e-02 2.55e-08  9.72e-08  7591s
 181   1.64016954e+00  1.64669715e+00  1.62e-02 2.50e-08  9.66e-08  7631s
 182   1.64035166e+00  1.64680466e+00  1.58e-02 2.29e-08  9.35e-08  7702s
 183   1.64035455e+00  1.64680905e+00  1.58e-02 2.28e-08  9.35e-08  7746s
 184   1.64035533e+00  1.64680910e+00  1.58e-02 2.28e-08  9.34e-08  7772s
 185   1.64035621e+00  1.64681514e+00  1.58e-02 2.27e-08  9.34e-08  7810s
 186   1.64038649e+00  1.64684128e+00  1.58e-02 2.24e-08  9.28e-08  7851s
 187   1.64038653e+00  1.64684203e+00  1.58e-02 2.26e-08  9.28e-08  7887s
 188   1.64045380e+00  1.64692092e+00  1.56e-02 2.12e-08  9.12e-08  7949s
 189   1.64049426e+00  1.64707487e+00  1.56e-02 1.87e-08  8.91e-08  8012s
 190   1.64049607e+00  1.64708134e+00  1.56e-02 1.85e-08  8.90e-08  8042s
 191   1.64051139e+00  1.64710896e+00  1.55e-02 1.84e-08  8.85e-08  8068s
 192   1.64053086e+00  1.64713066e+00  1.55e-02 1.80e-08  8.81e-08  8106s
 193   1.64055539e+00  1.64714625e+00  1.54e-02 1.82e-08  8.76e-08  8131s
 194   1.64058721e+00  1.64716407e+00  1.54e-02 1.81e-08  8.71e-08  8158s
 195   1.64061282e+00  1.64718143e+00  1.53e-02 1.85e-08  8.66e-08  8194s
 196   1.64062443e+00  1.64720285e+00  1.53e-02 1.86e-08  8.63e-08  8232s
 197   1.64062686e+00  1.64720348e+00  1.53e-02 1.87e-08  8.62e-08  8258s
 198   1.64066017e+00  1.64721914e+00  1.52e-02 1.97e-08  8.57e-08  8303s
 199   1.64066709e+00  1.64724233e+00  1.52e-02 1.98e-08  8.54e-08  8358s
 200   1.64067117e+00  1.64725160e+00  1.52e-02 2.07e-08  8.53e-08  8388s
 201   1.64067988e+00  1.64725621e+00  1.52e-02 2.10e-08  8.51e-08  8426s
 202   1.64082643e+00  1.64727974e+00  1.49e-02 2.10e-08  8.35e-08  8460s
 203   1.64085574e+00  1.64729501e+00  1.48e-02 2.01e-08  8.30e-08  8521s
 204   1.64092782e+00  1.64745552e+00  1.47e-02 1.41e-08  8.06e-08  8585s
 205   1.64092808e+00  1.64745535e+00  1.47e-02 1.40e-08  8.05e-08  8631s
 206   1.64093199e+00  1.64745599e+00  1.47e-02 1.41e-08  8.05e-08  8661s
 207   1.64097713e+00  1.64746730e+00  1.46e-02 1.39e-08  7.99e-08  8750s
 208   1.64099072e+00  1.64747621e+00  1.45e-02 1.36e-08  7.96e-08  8799s
 209   1.64100823e+00  1.64750395e+00  1.45e-02 1.34e-08  7.90e-08  8888s
 210   1.64100860e+00  1.64750399e+00  1.45e-02 1.34e-08  7.90e-08  8953s
 211   1.64103134e+00  1.64752567e+00  1.45e-02 1.27e-08  7.85e-08  9008s
 212   1.64103184e+00  1.64752574e+00  1.45e-02 1.26e-08  7.85e-08  9046s
 213   1.64106486e+00  1.64754902e+00  1.44e-02 1.17e-08  7.79e-08  9085s
 214   1.64107350e+00  1.64756340e+00  1.44e-02 1.15e-08  7.75e-08  9126s
 215   1.64108853e+00  1.64757899e+00  1.43e-02 1.10e-08  7.71e-08  9166s
 216   1.64108938e+00  1.64757989e+00  1.43e-02 1.08e-08  7.71e-08  9209s
 217   1.64108922e+00  1.64758155e+00  1.43e-02 1.06e-08  7.71e-08  9234s
 218   1.64108923e+00  1.64758151e+00  1.43e-02 1.06e-08  7.71e-08  9259s
 219   1.64109055e+00  1.64758173e+00  1.43e-02 1.06e-08  7.71e-08  9285s
 220   1.64109081e+00  1.64758171e+00  1.43e-02 1.06e-08  7.71e-08  9321s
 221   1.64115937e+00  1.64758617e+00  1.42e-02 1.07e-08  7.63e-08  9346s
 222   1.64117270e+00  1.64758904e+00  1.42e-02 1.11e-08  7.61e-08  9389s
 223   1.64117534e+00  1.64758966e+00  1.42e-02 1.10e-08  7.61e-08  9417s
 224   1.64126098e+00  1.64762719e+00  1.40e-02 9.81e-09  7.47e-08  9481s
 225   1.64127789e+00  1.64762812e+00  1.39e-02 9.78e-09  7.46e-08  9515s
 226   1.64128362e+00  1.64763768e+00  1.39e-02 1.00e-08  7.44e-08  9552s
 227   1.64129224e+00  1.64764577e+00  1.39e-02 9.70e-09  7.42e-08  9595s
 228   1.64129222e+00  1.64764579e+00  1.39e-02 9.69e-09  7.42e-08  9651s
 229   1.64131514e+00  1.64764860e+00  1.39e-02 1.00e-08  7.39e-08  9701s
 230   1.64138513e+00  1.64765166e+00  1.37e-02 9.48e-09  7.31e-08  9733s
 231   1.64142683e+00  1.64765327e+00  1.36e-02 9.57e-09  7.27e-08  9752s
 232   1.64178514e+00  1.64766655e+00  1.29e-02 8.92e-09  6.88e-08  9793s
 233   1.64178624e+00  1.64766662e+00  1.29e-02 8.94e-09  6.87e-08  9823s
 234   1.64179057e+00  1.64767532e+00  1.29e-02 8.78e-09  6.87e-08  9871s
 235   1.64179038e+00  1.64767532e+00  1.29e-02 3.66e-08  6.87e-08  9904s
 236   1.64179039e+00  1.64767533e+00  1.29e-02 3.66e-08  6.87e-08  9933s
 237   1.64179046e+00  1.64767524e+00  1.29e-02 3.62e-08  6.87e-08  9963s
 238   1.64184959e+00  1.64769538e+00  1.27e-02 3.36e-08  6.77e-08  10013s
 239   1.64185048e+00  1.64769650e+00  1.27e-02 3.35e-08  6.77e-08  10042s
 240   1.64187275e+00  1.64769748e+00  1.27e-02 3.33e-08  6.74e-08  10071s
 241   1.64187374e+00  1.64769755e+00  1.27e-02 3.33e-08  6.74e-08  10102s
 242   1.64188118e+00  1.64769879e+00  1.27e-02 3.33e-08  6.73e-08  10127s
 243   1.64188122e+00  1.64769875e+00  1.27e-02 3.33e-08  6.73e-08  10148s
 244   1.64191407e+00  1.64770098e+00  1.26e-02 3.17e-08  6.69e-08  10179s
 245   1.64191469e+00  1.64770217e+00  1.26e-02 3.17e-08  6.68e-08  10227s
 246   1.64196805e+00  1.64770430e+00  1.25e-02 3.21e-08  6.62e-08  10260s
 247   1.64196917e+00  1.64770459e+00  1.25e-02 3.21e-08  6.62e-08  10299s
 248   1.64197897e+00  1.64770723e+00  1.25e-02 3.31e-08  6.61e-08  10341s
 249   1.64197669e+00  1.64770727e+00  1.25e-02 3.32e-08  6.61e-08  10374s
 250   1.64198540e+00  1.64770850e+00  1.24e-02 3.31e-08  6.60e-08  10405s
 251   1.64205137e+00  1.64771022e+00  1.23e-02 3.30e-08  6.53e-08  10473s
 252   1.64205492e+00  1.64771033e+00  1.23e-02 3.30e-08  6.52e-08  10502s
 253   1.64206271e+00  1.64771263e+00  1.23e-02 3.25e-08  6.51e-08  10537s
 254   1.64206695e+00  1.64771388e+00  1.23e-02 3.25e-08  6.50e-08  10569s
 255   1.64206717e+00  1.64771392e+00  1.23e-02 3.25e-08  6.50e-08  10609s
 256   1.64214205e+00  1.64771558e+00  1.21e-02 3.23e-08  6.41e-08  10644s
 257   1.64215027e+00  1.64771664e+00  1.21e-02 3.29e-08  6.40e-08  10674s
 258   1.64215123e+00  1.64771666e+00  1.21e-02 3.29e-08  6.40e-08  10700s
 259   1.64216336e+00  1.64771710e+00  1.21e-02 3.29e-08  6.39e-08  10728s
 260   1.64216872e+00  1.64771843e+00  1.21e-02 3.32e-08  6.38e-08  10749s
 261   1.64217415e+00  1.64772469e+00  1.20e-02 3.12e-08  6.35e-08  10792s
 262   1.64218614e+00  1.64772678e+00  1.20e-02 3.03e-08  6.32e-08  10833s
 263   1.64218448e+00  1.64772703e+00  1.20e-02 3.01e-08  6.33e-08  10865s
 264   1.64218630e+00  1.64772725e+00  1.20e-02 3.01e-08  6.32e-08  10908s
 265   1.64218848e+00  1.64772738e+00  1.20e-02 3.01e-08  6.32e-08  10945s
 266   1.64219011e+00  1.64772748e+00  1.20e-02 3.01e-08  6.32e-08  10967s
 267   1.64219128e+00  1.64772761e+00  1.20e-02 3.00e-08  6.32e-08  11002s
 268   1.64219393e+00  1.64772784e+00  1.20e-02 3.01e-08  6.31e-08  11028s
 269   1.64219449e+00  1.64772832e+00  1.20e-02 3.07e-08  6.31e-08  11056s
 270   1.64222839e+00  1.64773054e+00  1.19e-02 3.06e-08  6.27e-08  11131s
 271   1.64222896e+00  1.64773058e+00  1.19e-02 3.05e-08  6.27e-08  11163s
 272   1.64223845e+00  1.64773343e+00  1.19e-02 2.97e-08  6.26e-08  11206s
 273   1.64223983e+00  1.64773372e+00  1.19e-02 2.97e-08  6.26e-08  11235s
 274   1.64225782e+00  1.64773520e+00  1.19e-02 2.95e-08  6.23e-08  11264s
 275   1.64225797e+00  1.64773549e+00  1.19e-02 3.03e-08  6.23e-08  11291s
 276   1.64225907e+00  1.64773606e+00  1.19e-02 3.01e-08  6.23e-08  11326s
 277   1.64226120e+00  1.64773730e+00  1.19e-02 3.06e-08  6.22e-08  11352s
 278   1.64226599e+00  1.64773771e+00  1.19e-02 3.07e-08  6.22e-08  11379s
 279   1.64227389e+00  1.64773859e+00  1.18e-02 3.20e-08  6.21e-08  11409s
 280   1.64227421e+00  1.64773880e+00  1.18e-02 3.18e-08  6.21e-08  11441s
 281   1.64227699e+00  1.64773972e+00  1.18e-02 3.16e-08  6.20e-08  11471s
 282   1.64227812e+00  1.64774082e+00  1.18e-02 3.12e-08  6.20e-08  11506s
 283   1.64228188e+00  1.64774086e+00  1.18e-02 3.12e-08  6.20e-08  11525s
 284   1.64229161e+00  1.64774211e+00  1.18e-02 3.15e-08  6.18e-08  11570s
 285   1.64229274e+00  1.64774216e+00  1.18e-02 3.13e-08  6.18e-08  11599s
 286   1.64229496e+00  1.64774313e+00  1.18e-02 3.11e-08  6.18e-08  11627s
 287   1.64236361e+00  1.64774645e+00  1.16e-02 2.96e-08  6.09e-08  11664s
 288   1.64237064e+00  1.64774704e+00  1.16e-02 2.88e-08  6.08e-08  11707s
 289   1.64238225e+00  1.64774986e+00  1.16e-02 2.77e-08  6.05e-08  11756s
 290   1.64240820e+00  1.64774982e+00  1.16e-02 2.70e-08  6.01e-08  11809s
 291   1.64241580e+00  1.64774992e+00  1.15e-02 2.70e-08  6.00e-08  11845s
 292   1.64242150e+00  1.64775038e+00  1.15e-02 2.65e-08  5.99e-08  11887s
 293   1.64248249e+00  1.64775062e+00  1.14e-02 2.72e-08  5.92e-08  11914s
 294   1.64249607e+00  1.64775047e+00  1.14e-02 2.68e-08  5.91e-08  11943s
 295   1.64250001e+00  1.64775069e+00  1.14e-02 2.60e-08  5.90e-08  11987s
 296   1.64250061e+00  1.64775059e+00  1.14e-02 2.62e-08  5.90e-08  12013s
 297   1.64252123e+00  1.64775047e+00  1.13e-02 2.68e-08  5.87e-08  12040s
 298   1.64252196e+00  1.64775041e+00  1.13e-02 2.66e-08  5.87e-08  12071s
 299   1.64252201e+00  1.64775037e+00  1.13e-02 2.64e-08  5.87e-08  12115s
 300   1.64252472e+00  1.64775045e+00  1.13e-02 2.63e-08  5.87e-08  12143s
 301   1.64252594e+00  1.64775035e+00  1.13e-02 2.61e-08  5.86e-08  12188s
 302   1.64255121e+00  1.64775028e+00  1.12e-02 2.61e-08  5.84e-08  12217s
 303   1.64255302e+00  1.64775023e+00  1.12e-02 2.62e-08  5.83e-08  12249s
 304   1.64257859e+00  1.64775031e+00  1.12e-02 2.60e-08  5.80e-08  12292s
 305   1.64264231e+00  1.64774994e+00  1.10e-02 2.58e-08  5.73e-08  12321s
 306   1.64264398e+00  1.64774968e+00  1.10e-02 2.58e-08  5.73e-08  12346s
 307   1.64264503e+00  1.64774985e+00  1.10e-02 2.57e-08  5.73e-08  12389s
 308   1.64264808e+00  1.64774972e+00  1.10e-02 2.58e-08  5.72e-08  12447s
 309   1.64264972e+00  1.64774955e+00  1.10e-02 2.56e-08  5.72e-08  12486s
 310   1.64265006e+00  1.64775004e+00  1.10e-02 2.61e-08  5.72e-08  12535s
 311   1.64266649e+00  1.64774999e+00  1.10e-02 2.60e-08  5.70e-08  12561s
 312   1.64266677e+00  1.64774984e+00  1.10e-02 2.58e-08  5.70e-08  12594s
 313   1.64266769e+00  1.64774985e+00  1.10e-02 2.58e-08  5.69e-08  12618s
 314   1.64266769e+00  1.64774990e+00  1.10e-02 1.91e-08  5.69e-08  12659s
 315   1.64266790e+00  1.64774985e+00  1.10e-02 1.91e-08  5.69e-08  12695s
 316   1.64267368e+00  1.64774918e+00  1.10e-02 1.86e-08  5.69e-08  12730s
 317   1.64268358e+00  1.64774883e+00  1.10e-02 1.82e-08  5.67e-08  12770s
 318   1.64268482e+00  1.64774886e+00  1.10e-02 1.81e-08  5.67e-08  12808s
 319   1.64268486e+00  1.64774887e+00  1.10e-02 1.83e-08  5.67e-08  12845s
 320   1.64268352e+00  1.64774968e+00  1.10e-02 1.85e-08  5.68e-08  12877s
 321   1.64270134e+00  1.64775400e+00  1.09e-02 1.79e-08  5.66e-08  12902s
 322   1.64270294e+00  1.64775345e+00  1.09e-02 1.78e-08  5.65e-08  12938s
 323   1.64270534e+00  1.64775359e+00  1.09e-02 1.78e-08  5.65e-08  12966s
 324   1.64271148e+00  1.64775364e+00  1.09e-02 1.76e-08  5.64e-08  13006s
 325   1.64271391e+00  1.64775332e+00  1.09e-02 1.71e-08  5.64e-08  13036s
 326   1.64271398e+00  1.64775301e+00  1.09e-02 1.74e-08  5.64e-08  13084s
 327   1.64271604e+00  1.64775276e+00  1.09e-02 1.78e-08  5.63e-08  13109s
 328   1.64272547e+00  1.64775238e+00  1.09e-02 1.76e-08  5.62e-08  13195s
 329   1.64276359e+00  1.64775231e+00  1.08e-02 1.76e-08  5.60e-08  13219s
 330   1.64278862e+00  1.64775144e+00  1.07e-02 1.74e-08  5.57e-08  13252s
 331   1.64278871e+00  1.64775133e+00  1.07e-02 1.73e-08  5.57e-08  13303s
 332   1.64279109e+00  1.64775130e+00  1.07e-02 1.80e-08  5.56e-08  13348s
 333   1.64281363e+00  1.64775080e+00  1.07e-02 1.81e-08  5.53e-08  13388s
 334   1.64281983e+00  1.64774997e+00  1.07e-02 1.75e-08  5.52e-08  13421s
 335   1.64283409e+00  1.64774928e+00  1.06e-02 1.73e-08  5.50e-08  13451s
 336   1.64283643e+00  1.64774931e+00  1.06e-02 1.73e-08  5.50e-08  13487s
 337   1.64285399e+00  1.64775182e+00  1.06e-02 1.71e-08  5.48e-08  13509s
 338   1.64287065e+00  1.64775099e+00  1.06e-02 1.72e-08  5.46e-08  13538s
 339   1.64292750e+00  1.64774982e+00  1.04e-02 1.72e-08  5.40e-08  13563s
 340   1.64292754e+00  1.64774965e+00  1.04e-02 1.73e-08  5.40e-08  13600s
 341   1.64295997e+00  1.64774998e+00  1.04e-02 1.79e-08  5.36e-08  13636s
 342   1.64296041e+00  1.64774899e+00  1.04e-02 1.88e-08  5.36e-08  13682s
 343   1.64296260e+00  1.64774749e+00  1.03e-02 2.02e-08  5.35e-08  13717s
 344   1.64296308e+00  1.64774751e+00  1.03e-02 2.03e-08  5.35e-08  13752s
 345   1.64296728e+00  1.64774762e+00  1.03e-02 2.09e-08  5.34e-08  13799s
 346   1.64296825e+00  1.64774742e+00  1.03e-02 2.08e-08  5.34e-08  13826s
 347   1.64317802e+00  1.64774568e+00  9.87e-03 2.13e-08  5.11e-08  13854s
 348   1.64319073e+00  1.64774521e+00  9.85e-03 2.15e-08  5.10e-08  13888s
 349   1.64322802e+00  1.64774492e+00  9.77e-03 2.19e-08  5.06e-08  13919s
 350   1.64322892e+00  1.64774438e+00  9.77e-03 2.22e-08  5.06e-08  13955s
 351   1.64322927e+00  1.64774468e+00  9.77e-03 2.23e-08  5.06e-08  13981s
 352   1.64322927e+00  1.64774467e+00  9.77e-03 2.23e-08  5.06e-08  14016s
 353   1.64322666e+00  1.64774575e+00  9.78e-03 2.10e-08  5.07e-08  14051s
 354   1.64327008e+00  1.64774573e+00  9.68e-03 1.87e-08  5.02e-08  14091s
 355   1.64331168e+00  1.64774186e+00  9.59e-03 1.85e-08  4.96e-08  14127s
 356   1.64331374e+00  1.64774166e+00  9.58e-03 1.85e-08  4.96e-08  14176s
 357   1.64332024e+00  1.64774008e+00  9.57e-03 1.90e-08  4.95e-08  14227s
 358   1.64332454e+00  1.64773840e+00  9.56e-03 1.96e-08  4.94e-08  14258s
 359   1.64332454e+00  1.64773840e+00  9.56e-03 1.96e-08  4.94e-08  14295s
 360   1.64332204e+00  1.64773836e+00  9.57e-03 1.98e-08  4.94e-08  14332s
 361   1.64332203e+00  1.64773777e+00  9.57e-03 1.97e-08  4.94e-08  14364s
 362   1.64332551e+00  1.64773858e+00  9.56e-03 1.71e-08  4.94e-08  14401s
 363   1.64332551e+00  1.64773841e+00  9.56e-03 1.74e-08  4.94e-08  14435s
 364   1.64332873e+00  1.64773823e+00  9.55e-03 2.10e-08  4.94e-08  14471s
 365   1.64333603e+00  1.64773820e+00  9.53e-03 2.16e-08  4.93e-08  14513s
 366   1.64335540e+00  1.64773725e+00  9.49e-03 2.24e-08  4.90e-08  14554s
 367   1.64335658e+00  1.64773725e+00  9.49e-03 2.18e-08  4.90e-08  14600s
 368   1.64335691e+00  1.64773738e+00  9.49e-03 2.19e-08  4.90e-08  14631s
 369   1.64336117e+00  1.64773652e+00  9.48e-03 2.23e-08  4.89e-08  14660s
 370   1.64337630e+00  1.64773695e+00  9.45e-03 2.26e-08  4.88e-08  14704s
 371   1.64338716e+00  1.64773530e+00  9.42e-03 2.31e-08  4.86e-08  14731s
 372   1.64339562e+00  1.64773518e+00  9.40e-03 2.32e-08  4.85e-08  14759s
 373   1.64339605e+00  1.64773496e+00  9.40e-03 2.33e-08  4.85e-08  14814s
 374   1.64339631e+00  1.64773527e+00  9.40e-03 2.33e-08  4.85e-08  14846s
 375   1.64345555e+00  1.64773703e+00  9.27e-03 2.41e-08  4.79e-08  14874s
 376   1.64345596e+00  1.64773706e+00  9.27e-03 2.42e-08  4.79e-08  14906s
 377   1.64345603e+00  1.64773726e+00  9.27e-03 2.38e-08  4.79e-08  14937s
 378   1.64346644e+00  1.64773728e+00  9.25e-03 2.23e-08  4.78e-08  14963s
 379   1.64347142e+00  1.64773637e+00  9.24e-03 2.27e-08  4.77e-08  15041s
 380   1.64347949e+00  1.64773631e+00  9.22e-03 2.06e-08  4.76e-08  15084s
 381   1.64348077e+00  1.64773606e+00  9.22e-03 2.07e-08  4.76e-08  15124s
 382   1.64348625e+00  1.64775124e+00  9.21e-03 1.92e-08  4.75e-08  15180s
 383   1.64350600e+00  1.64775056e+00  9.16e-03 1.89e-08  4.73e-08  15224s
 384   1.64352296e+00  1.64774840e+00  9.12e-03 1.94e-08  4.70e-08  15267s
 385   1.64352300e+00  1.64774829e+00  9.12e-03 1.95e-08  4.70e-08  15302s
 386   1.64352368e+00  1.64774817e+00  9.12e-03 1.95e-08  4.70e-08  15324s
 387   1.64352337e+00  1.64774840e+00  9.12e-03 1.92e-08  4.70e-08  15361s
 388   1.64351976e+00  1.64774950e+00  9.13e-03 1.86e-08  4.72e-08  15400s
 389   1.64352472e+00  1.64774895e+00  9.12e-03 1.90e-08  4.71e-08  15436s
 390   1.64352485e+00  1.64774801e+00  9.12e-03 1.93e-08  4.71e-08  15467s
 391   1.64352946e+00  1.64774717e+00  9.11e-03 1.94e-08  4.70e-08  15529s
 392   1.64355412e+00  1.64774581e+00  9.06e-03 1.97e-08  4.67e-08  15555s
 393   1.64360399e+00  1.64774454e+00  8.95e-03 2.02e-08  4.61e-08  15602s
 394   1.64362370e+00  1.64774432e+00  8.91e-03 1.99e-08  4.60e-08  15638s
 395   1.64362494e+00  1.64774439e+00  8.90e-03 1.99e-08  4.60e-08  15680s
 396   1.64362960e+00  1.64774409e+00  8.89e-03 1.98e-08  4.59e-08  15713s
 397   1.64363737e+00  1.64774358e+00  8.88e-03 1.99e-08  4.58e-08  15741s
 398   1.64367033e+00  1.64774181e+00  8.80e-03 2.33e-08  4.54e-08  15775s
 399   1.64369437e+00  1.64773954e+00  8.75e-03 2.29e-08  4.51e-08  15819s
 400   1.64369581e+00  1.64773852e+00  8.75e-03 2.28e-08  4.51e-08  15923s
 401   1.64371828e+00  1.64773836e+00  8.70e-03 2.02e-08  4.48e-08  15973s
 402   1.64371322e+00  1.64773906e+00  8.71e-03 1.87e-08  4.50e-08  16008s
 403   1.64371328e+00  1.64773746e+00  8.71e-03 1.89e-08  4.50e-08  16063s
 404   1.64371325e+00  1.64773741e+00  8.71e-03 1.90e-08  4.50e-08  16099s
 405   1.64371346e+00  1.64773800e+00  8.71e-03 1.75e-08  4.50e-08  16121s
 406   1.64371968e+00  1.64773760e+00  8.70e-03 1.75e-08  4.49e-08  16165s
 407   1.64372790e+00  1.64773730e+00  8.68e-03 1.75e-08  4.48e-08  16193s
 408   1.64374397e+00  1.64773635e+00  8.64e-03 1.72e-08  4.46e-08  16230s
 409   1.64374906e+00  1.64773603e+00  8.63e-03 1.72e-08  4.45e-08  16270s
 410   1.64374980e+00  1.64773559e+00  8.63e-03 1.70e-08  4.45e-08  16301s
 411   1.64376876e+00  1.64773681e+00  8.59e-03 1.69e-08  4.43e-08  16336s
 412   1.64376983e+00  1.64773645e+00  8.59e-03 1.68e-08  4.43e-08  16367s
 413   1.64377061e+00  1.64773574e+00  8.59e-03 1.66e-08  4.42e-08  16395s
 414   1.64377090e+00  1.64773578e+00  8.58e-03 1.65e-08  4.42e-08  16421s
 415   1.64377679e+00  1.64773598e+00  8.57e-03 1.65e-08  4.42e-08  16461s
 416   1.64377452e+00  1.64773164e+00  8.58e-03 4.09e-08  4.42e-08  16493s
 417   1.64378093e+00  1.64773323e+00  8.56e-03 4.04e-08  4.41e-08  16538s
 418   1.64378092e+00  1.64773520e+00  8.56e-03 4.07e-08  4.42e-08  16570s
 419   1.64378196e+00  1.64774082e+00  8.56e-03 3.95e-08  4.42e-08  16619s
 420   1.64378204e+00  1.64774054e+00  8.56e-03 3.81e-08  4.42e-08  16650s
 421   1.64378208e+00  1.64774058e+00  8.56e-03 3.62e-08  4.42e-08  16677s
 422   1.64386449e+00  1.64774024e+00  8.38e-03 3.37e-08  4.33e-08  16724s
 423   1.64386476e+00  1.64774004e+00  8.38e-03 3.33e-08  4.33e-08  16760s
 424   1.64386488e+00  1.64774019e+00  8.38e-03 3.14e-08  4.33e-08  16799s
 425   1.64389463e+00  1.64774258e+00  8.31e-03 3.13e-08  4.29e-08  16839s
 426   1.64389465e+00  1.64774243e+00  8.31e-03 3.21e-08  4.29e-08  16870s
 427   1.64389481e+00  1.64774161e+00  8.31e-03 3.11e-08  4.29e-08  16901s
 428   1.64389525e+00  1.64774155e+00  8.31e-03 3.07e-08  4.29e-08  16956s
 429   1.64389828e+00  1.64774096e+00  8.31e-03 2.92e-08  4.29e-08  16994s
 430   1.64389986e+00  1.64774106e+00  8.30e-03 3.06e-08  4.29e-08  17017s
 431   1.64390289e+00  1.64774017e+00  8.30e-03 2.95e-08  4.28e-08  17048s
 432   1.64390659e+00  1.64774033e+00  8.29e-03 2.89e-08  4.28e-08  17079s
 433   1.64390881e+00  1.64774030e+00  8.28e-03 2.52e-08  4.28e-08  17131s
 434   1.64391565e+00  1.64774313e+00  8.27e-03 2.74e-08  4.27e-08  17164s
 435   1.64394225e+00  1.64774214e+00  8.21e-03 2.58e-08  4.24e-08  17194s
 436   1.64394413e+00  1.64774159e+00  8.21e-03 2.48e-08  4.23e-08  17229s
 437   1.64394542e+00  1.64774133e+00  8.20e-03 2.34e-08  4.23e-08  17265s
 438   1.64394676e+00  1.64774070e+00  8.20e-03 2.15e-08  4.23e-08  17330s
 439   1.64396519e+00  1.64774048e+00  8.16e-03 1.98e-08  4.21e-08  17388s
 440   1.64396521e+00  1.64774050e+00  8.16e-03 1.97e-08  4.21e-08  17412s
 441   1.64396847e+00  1.64773939e+00  8.15e-03 1.85e-08  4.20e-08  17435s
 442   1.64397016e+00  1.64774180e+00  8.15e-03 1.71e-08  4.20e-08  17483s
 443   1.64397094e+00  1.64774157e+00  8.15e-03 1.75e-08  4.20e-08  17515s
 444   1.64397114e+00  1.64774158e+00  8.15e-03 1.73e-08  4.20e-08  17542s
 445   1.64400055e+00  1.64774100e+00  8.08e-03 1.35e-08  4.16e-08  17579s
 446   1.64400065e+00  1.64774095e+00  8.08e-03 1.35e-08  4.16e-08  17607s
 447   1.64400242e+00  1.64774281e+00  8.08e-03 1.34e-08  4.16e-08  17639s
 448   1.64404138e+00  1.64774208e+00  8.00e-03 1.40e-08  4.12e-08  17696s
 449   1.64404168e+00  1.64774161e+00  8.00e-03 1.40e-08  4.12e-08  17787s
 450   1.64404919e+00  1.64774056e+00  7.98e-03 1.41e-08  4.10e-08  17820s
 451   1.64407509e+00  1.64773546e+00  7.92e-03 1.40e-08  4.07e-08  17849s
 452   1.64408725e+00  1.64773602e+00  7.90e-03 1.49e-08  4.07e-08  17878s
 453   1.64410012e+00  1.64773541e+00  7.87e-03 1.52e-08  4.05e-08  17905s
 454   1.64410014e+00  1.64773541e+00  7.87e-03 1.52e-08  4.05e-08  17940s
 455   1.64410101e+00  1.64773549e+00  7.87e-03 1.52e-08  4.05e-08  17973s
 456   1.64410120e+00  1.64773488e+00  7.87e-03 1.52e-08  4.05e-08  18006s
 457   1.64410314e+00  1.64773454e+00  7.86e-03 1.51e-08  4.04e-08  18055s
 458   1.64410315e+00  1.64773394e+00  7.86e-03 1.54e-08  4.04e-08  18091s
 459   1.64410425e+00  1.64773275e+00  7.86e-03 1.50e-08  4.04e-08  18132s
 460   1.64410451e+00  1.64773200e+00  7.86e-03 1.49e-08  4.04e-08  18162s
 461   1.64410476e+00  1.64773075e+00  7.86e-03 1.43e-08  4.04e-08  18195s
 462   1.64410518e+00  1.64772948e+00  7.86e-03 1.47e-08  4.03e-08  18236s
 463   1.64410537e+00  1.64772947e+00  7.86e-03 1.48e-08  4.03e-08  18263s
 464   1.64410540e+00  1.64772950e+00  7.86e-03 1.51e-08  4.03e-08  18304s
 465   1.64414994e+00  1.64772844e+00  7.76e-03 1.35e-08  3.98e-08  18339s
 466   1.64415578e+00  1.64772722e+00  7.75e-03 1.35e-08  3.97e-08  18373s
 467   1.64419830e+00  1.64772687e+00  7.66e-03 1.36e-08  3.93e-08  18408s
 468   1.64420000e+00  1.64772711e+00  7.65e-03 1.36e-08  3.93e-08  18438s
 469   1.64420000e+00  1.64772713e+00  7.65e-03 1.37e-08  3.93e-08  18469s
 470   1.64420038e+00  1.64772682e+00  7.65e-03 1.38e-08  3.93e-08  18530s
 471   1.64420088e+00  1.64772452e+00  7.65e-03 1.42e-08  3.92e-08  18565s
 472   1.64420841e+00  1.64772306e+00  7.64e-03 1.40e-08  3.91e-08  18588s
 473   1.64421653e+00  1.64772194e+00  7.62e-03 1.36e-08  3.90e-08  18621s
 474   1.64421682e+00  1.64772135e+00  7.62e-03 1.37e-08  3.90e-08  18649s
 475   1.64422430e+00  1.64771897e+00  7.60e-03 1.33e-08  3.89e-08  18679s
 476   1.64422441e+00  1.64771901e+00  7.60e-03 1.31e-08  3.89e-08  18723s
 477   1.64423747e+00  1.64771832e+00  7.57e-03 1.29e-08  3.87e-08  18777s
 478   1.64423751e+00  1.64771832e+00  7.57e-03 1.29e-08  3.87e-08  18805s
 479   1.64424257e+00  1.64771859e+00  7.56e-03 1.30e-08  3.89e-08  18833s
 480   1.64426453e+00  1.64771876e+00  7.51e-03 1.31e-08  3.86e-08  18868s
 481   1.64426451e+00  1.64771870e+00  7.51e-03 1.31e-08  3.86e-08  18907s
 482   1.64427104e+00  1.64771880e+00  7.50e-03 1.31e-08  3.86e-08  18934s
 483   1.64427121e+00  1.64771881e+00  7.50e-03 1.31e-08  3.86e-08  18967s
 484   1.64435749e+00  1.64771788e+00  7.30e-03 1.29e-08  3.76e-08  18999s
 485   1.64439948e+00  1.64771758e+00  7.21e-03 1.28e-08  3.72e-08  19074s
 486   1.64439959e+00  1.64771613e+00  7.21e-03 1.27e-08  3.71e-08  19102s
 487   1.64440132e+00  1.64771540e+00  7.20e-03 1.27e-08  3.71e-08  19125s
 488   1.64440189e+00  1.64771478e+00  7.20e-03 1.27e-08  3.71e-08  19151s
 489   1.64440200e+00  1.64771466e+00  7.20e-03 1.26e-08  3.71e-08  19183s
 490   1.64440241e+00  1.64771433e+00  7.20e-03 1.26e-08  3.71e-08  19218s
 491   1.64440278e+00  1.64771039e+00  7.20e-03 1.25e-08  3.70e-08  19247s
 492   1.64440308e+00  1.64770985e+00  7.20e-03 1.25e-08  3.70e-08  19283s
 493   1.64442212e+00  1.64771029e+00  7.16e-03 1.24e-08  3.68e-08  19317s
 494   1.64442215e+00  1.64771025e+00  7.16e-03 1.24e-08  3.68e-08  19352s
 495   1.64442278e+00  1.64770841e+00  7.16e-03 1.22e-08  3.68e-08  19384s
 496   1.64442317e+00  1.64770791e+00  7.15e-03 1.22e-08  3.68e-08  19412s
 497   1.64442345e+00  1.64770703e+00  7.15e-03 1.23e-08  3.67e-08  19442s
 498   1.64442499e+00  1.64770692e+00  7.15e-03 1.23e-08  3.67e-08  19479s
 499   1.64442538e+00  1.64770675e+00  7.15e-03 1.23e-08  3.67e-08  19506s
 500   1.64442542e+00  1.64770617e+00  7.15e-03 1.22e-08  3.67e-08  19555s
 501   1.64444882e+00  1.64770421e+00  7.10e-03 1.19e-08  3.64e-08  19632s
 502   1.64444981e+00  1.64770479e+00  7.10e-03 2.40e-08  3.64e-08  19678s
 503   1.64448422e+00  1.64770889e+00  7.03e-03 2.25e-08  3.61e-08  19718s
 504   1.64450057e+00  1.64770635e+00  6.99e-03 8.50e-08  3.59e-08  19741s
 505   1.64450398e+00  1.64770581e+00  6.98e-03 8.47e-08  3.59e-08  19777s
 506   1.64450404e+00  1.64770578e+00  6.98e-03 8.47e-08  3.59e-08  19808s
 507   1.64453353e+00  1.64770440e+00  6.92e-03 8.44e-08  3.55e-08  19837s
 508   1.64453984e+00  1.64768607e+00  6.90e-03 7.47e-08  3.52e-08  19886s
 509   1.64454891e+00  1.64768145e+00  6.88e-03 7.18e-08  3.51e-08  19909s
 510   1.64455006e+00  1.64767751e+00  6.88e-03 6.93e-08  3.50e-08  19942s
 511   1.64455324e+00  1.64767400e+00  6.87e-03 6.27e-08  3.49e-08  19992s
 512   1.64455348e+00  1.64767402e+00  6.87e-03 6.27e-08  3.49e-08  20024s
 513   1.64455442e+00  1.64767414e+00  6.87e-03 6.25e-08  3.49e-08  20049s
 514   1.64455533e+00  1.64767488e+00  6.87e-03 6.16e-08  3.49e-08  20075s
 515   1.64455612e+00  1.64767482e+00  6.87e-03 6.16e-08  3.49e-08  20102s
 516   1.64458108e+00  1.64767794e+00  6.81e-03 5.70e-08  3.46e-08  20199s
 517   1.64458208e+00  1.64767626e+00  6.81e-03 5.69e-08  3.46e-08  20223s
 518   1.64458251e+00  1.64767406e+00  6.81e-03 5.57e-08  3.45e-08  20267s
 519   1.64458333e+00  1.64767226e+00  6.81e-03 5.52e-08  3.45e-08  20292s
 520   1.64458818e+00  1.64766834e+00  6.79e-03 5.44e-08  3.44e-08  20326s
 521   1.64459742e+00  1.64765970e+00  6.77e-03 5.01e-08  3.42e-08  20423s
 522   1.64459984e+00  1.64763557e+00  6.77e-03 4.23e-08  3.39e-08  20495s
 523   1.64460091e+00  1.64763220e+00  6.77e-03 4.13e-08  3.39e-08  20524s
 524   1.64460299e+00  1.64763204e+00  6.76e-03 4.12e-08  3.39e-08  20550s
 525   1.64463409e+00  1.64763719e+00  6.69e-03 3.70e-08  3.35e-08  20634s
 526   1.64465081e+00  1.64762763e+00  6.65e-03 3.49e-08  3.32e-08  20674s
 527   1.64465314e+00  1.64762702e+00  6.65e-03 3.46e-08  3.32e-08  20722s
 528   1.64465317e+00  1.64762696e+00  6.65e-03 3.46e-08  3.32e-08  20751s
 529   1.64465324e+00  1.64762695e+00  6.64e-03 3.46e-08  3.32e-08  20793s
 530   1.64465389e+00  1.64762358e+00  6.64e-03 3.23e-08  3.31e-08  20830s
 531   1.64465430e+00  1.64762362e+00  6.64e-03 3.22e-08  3.31e-08  20867s
 532   1.64466548e+00  1.64762185e+00  6.62e-03 3.18e-08  3.30e-08  20894s
 533   1.64466558e+00  1.64762097e+00  6.62e-03 3.16e-08  3.30e-08  20923s
 534   1.64467453e+00  1.64761669e+00  6.60e-03 2.52e-08  3.28e-08  20977s
 535   1.64467703e+00  1.64761626e+00  6.59e-03 2.51e-08  3.28e-08  21003s
 536   1.64467809e+00  1.64761444e+00  6.59e-03 2.49e-08  3.27e-08  21045s
 537   1.64467733e+00  1.64761451e+00  6.59e-03 2.49e-08  3.28e-08  21070s
 538   1.64471489e+00  1.64760443e+00  6.50e-03 2.27e-08  3.23e-08  21110s
 539   1.64472148e+00  1.64759748e+00  6.49e-03 2.13e-08  3.21e-08  21167s
 540   1.64472635e+00  1.64759095e+00  6.48e-03 2.00e-08  3.20e-08  21200s
 541   1.64472656e+00  1.64759090e+00  6.47e-03 2.00e-08  3.20e-08  21223s
 542   1.64472670e+00  1.64759086e+00  6.47e-03 1.99e-08  3.20e-08  21247s
 543   1.64472828e+00  1.64760094e+00  6.47e-03 1.90e-08  3.20e-08  21274s
 544   1.64473833e+00  1.64757839e+00  6.45e-03 1.54e-08  3.17e-08  21323s
 545   1.64475946e+00  1.64757038e+00  6.40e-03 1.40e-08  3.14e-08  21361s
 546   1.64476075e+00  1.64757019e+00  6.40e-03 1.40e-08  3.14e-08  21389s
 547   1.64478077e+00  1.64756406e+00  6.35e-03 1.30e-08  3.11e-08  21420s
 548   1.64481410e+00  1.64755967e+00  6.27e-03 1.36e-08  3.07e-08  21457s
 549   1.64481423e+00  1.64755594e+00  6.27e-03 1.23e-08  3.06e-08  21490s
 550   1.64483203e+00  1.64755510e+00  6.23e-03 1.27e-08  3.04e-08  21521s
 551   1.64483317e+00  1.64754603e+00  6.23e-03 1.27e-08  3.03e-08  21549s
 552   1.64485806e+00  1.64754150e+00  6.17e-03 1.21e-08  3.00e-08  21583s
 553   1.64486678e+00  1.64753406e+00  6.15e-03 1.25e-08  2.99e-08  21613s
 554   1.64486955e+00  1.64753372e+00  6.14e-03 1.24e-08  2.98e-08  21646s
 555   1.64488314e+00  1.64753362e+00  6.11e-03 1.28e-08  2.97e-08  21683s
 556   1.64489800e+00  1.64752926e+00  6.07e-03 1.13e-08  2.95e-08  21717s
 557   1.64489807e+00  1.64752918e+00  6.07e-03 1.17e-08  2.95e-08  21764s
 558   1.64489854e+00  1.64752864e+00  6.07e-03 1.16e-08  2.95e-08  21791s
 559   1.64490177e+00  1.64752811e+00  6.06e-03 1.16e-08  2.94e-08  21822s
 560   1.64490332e+00  1.64752751e+00  6.06e-03 1.23e-08  2.94e-08  21850s
 561   1.64494579e+00  1.64752652e+00  5.96e-03 1.25e-08  2.89e-08  21873s
 562   1.64494788e+00  1.64752518e+00  5.96e-03 1.26e-08  2.89e-08  21904s
 563   1.64494805e+00  1.64752800e+00  5.96e-03 1.47e-08  2.89e-08  21949s
 564   1.64494833e+00  1.64752842e+00  5.96e-03 1.47e-08  2.89e-08  21974s
 565   1.64494836e+00  1.64752843e+00  5.96e-03 1.47e-08  2.89e-08  22002s
 566   1.64496598e+00  1.64752821e+00  5.91e-03 1.75e-08  2.87e-08  22023s
 567   1.64498570e+00  1.64752448e+00  5.87e-03 1.63e-08  2.85e-08  22062s
 568   1.64499765e+00  1.64752401e+00  5.84e-03 1.68e-08  2.83e-08  22097s
 569   1.64499932e+00  1.64751851e+00  5.84e-03 1.73e-08  2.83e-08  22133s
 570   1.64502644e+00  1.64751657e+00  5.77e-03 1.68e-08  2.79e-08  22159s
 571   1.64511463e+00  1.64751605e+00  5.57e-03 1.93e-08  2.69e-08  22208s
 572   1.64517952e+00  1.64751387e+00  5.41e-03 1.97e-08  2.62e-08  22232s
 573   1.64517968e+00  1.64750963e+00  5.41e-03 1.98e-08  2.61e-08  22273s
 574   1.64518173e+00  1.64750958e+00  5.41e-03 1.98e-08  2.61e-08  22307s
 575   1.64518858e+00  1.64750769e+00  5.39e-03 2.01e-08  2.60e-08  22338s
 576   1.64519124e+00  1.64750475e+00  5.39e-03 1.93e-08  2.60e-08  22368s
 577   1.64519130e+00  1.64750460e+00  5.39e-03 1.93e-08  2.60e-08  22401s
 578   1.64519972e+00  1.64750422e+00  5.37e-03 2.04e-08  2.59e-08  22434s
 579   1.64520452e+00  1.64750275e+00  5.36e-03 1.85e-08  2.58e-08  22476s
 580   1.64520535e+00  1.64750246e+00  5.35e-03 1.85e-08  2.58e-08  22500s
 581   1.64521832e+00  1.64750243e+00  5.32e-03 1.85e-08  2.56e-08  22535s
 582   1.64521925e+00  1.64750238e+00  5.32e-03 1.85e-08  2.56e-08  22563s
 583   1.64521927e+00  1.64750238e+00  5.32e-03 1.85e-08  2.56e-08  22588s
 584   1.64521929e+00  1.64750241e+00  5.32e-03 1.85e-08  2.56e-08  22612s
 585   1.64525328e+00  1.64750218e+00  5.24e-03 2.09e-08  2.53e-08  22648s
 586   1.64526652e+00  1.64749949e+00  5.21e-03 2.12e-08  2.51e-08  22686s
 587   1.64536192e+00  1.64749444e+00  4.98e-03 1.93e-08  2.40e-08  22718s
 588   1.64536197e+00  1.64749437e+00  4.98e-03 1.92e-08  2.40e-08  22742s
 589   1.64536200e+00  1.64749432e+00  4.98e-03 1.92e-08  2.40e-08  22776s
 590   1.64536675e+00  1.64749810e+00  4.97e-03 1.87e-08  2.39e-08  22802s
 591   1.64538126e+00  1.64749411e+00  4.94e-03 1.90e-08  2.38e-08  22859s
 592   1.64538176e+00  1.64749374e+00  4.94e-03 1.89e-08  2.37e-08  22887s
 593   1.64538883e+00  1.64749402e+00  4.92e-03 2.06e-08  2.37e-08  22920s
 594   1.64540448e+00  1.64749016e+00  4.88e-03 1.79e-08  2.35e-08  22950s
 595   1.64540449e+00  1.64749013e+00  4.88e-03 1.79e-08  2.35e-08  22972s
 596   1.64540468e+00  1.64749010e+00  4.88e-03 1.79e-08  2.34e-08  23002s
 597   1.64540463e+00  1.64749012e+00  4.88e-03 1.79e-08  2.34e-08  23029s
 598   1.64540476e+00  1.64748862e+00  4.88e-03 1.88e-08  2.34e-08  23065s
 599   1.64540936e+00  1.64748947e+00  4.87e-03 2.02e-08  2.34e-08  23099s
 600   1.64541957e+00  1.64748898e+00  4.85e-03 2.23e-08  2.33e-08  23150s
 601   1.64542574e+00  1.64748461e+00  4.83e-03 2.04e-08  2.32e-08  23177s
 602   1.64542731e+00  1.64748474e+00  4.83e-03 2.03e-08  2.32e-08  23201s
 603   1.64543526e+00  1.64748615e+00  4.81e-03 1.89e-08  2.31e-08  23226s
 604   1.64543576e+00  1.64748407e+00  4.81e-03 1.90e-08  2.31e-08  23274s
 605   1.64548066e+00  1.64748138e+00  4.70e-03 1.94e-08  2.25e-08  23312s
 606   1.64552730e+00  1.64747755e+00  4.59e-03 1.69e-08  2.20e-08  23344s
 607   1.64573024e+00  1.64747694e+00  4.10e-03 1.63e-08  1.96e-08  23383s
 608   1.64573029e+00  1.64747684e+00  4.10e-03 1.64e-08  1.96e-08  23411s
 609   1.64573765e+00  1.64747679e+00  4.09e-03 1.64e-08  1.95e-08  23439s
 610   1.64573860e+00  1.64748101e+00  4.08e-03 1.70e-08  1.95e-08  23484s
 611   1.64574678e+00  1.64748012e+00  4.06e-03 1.72e-08  1.95e-08  23511s
 612   1.64575646e+00  1.64747700e+00  4.04e-03 1.72e-08  1.93e-08  23561s
 613   1.64575674e+00  1.64747525e+00  4.04e-03 1.60e-08  1.93e-08  23597s
 614   1.64578071e+00  1.64747299e+00  3.98e-03 1.64e-08  1.90e-08  23627s
 615   1.64581258e+00  1.64747295e+00  3.91e-03 1.67e-08  1.87e-08  23656s
 616   1.64581591e+00  1.64747106e+00  3.90e-03 1.54e-08  1.86e-08  23684s
 617   1.64584075e+00  1.64746973e+00  3.84e-03 1.36e-08  1.83e-08  23711s
 618   1.64584108e+00  1.64746904e+00  3.84e-03 1.33e-08  1.83e-08  23742s
 619   1.64588345e+00  1.64747515e+00  3.74e-03 1.13e-08  1.79e-08  23782s
 620   1.64588552e+00  1.64747414e+00  3.73e-03 1.30e-08  1.78e-08  23811s
 621   1.64588560e+00  1.64747334e+00  3.73e-03 1.30e-08  1.78e-08  23851s
 622   1.64588829e+00  1.64747255e+00  3.73e-03 1.40e-08  1.78e-08  23876s
 623   1.64589479e+00  1.64746975e+00  3.71e-03 1.44e-08  1.77e-08  23915s
 624   1.64589509e+00  1.64746971e+00  3.71e-03 1.44e-08  1.77e-08  23937s
 625   1.64589638e+00  1.64746796e+00  3.71e-03 1.41e-08  1.77e-08  23963s
 626   1.64589664e+00  1.64746788e+00  3.71e-03 1.41e-08  1.77e-08  23987s
 627   1.64590134e+00  1.64747749e+00  3.70e-03 1.26e-08  1.77e-08  24013s
 628   1.64590145e+00  1.64747735e+00  3.70e-03 1.25e-08  1.77e-08  24049s
 629   1.64590177e+00  1.64747734e+00  3.70e-03 1.26e-08  1.77e-08  24072s
 630   1.64590203e+00  1.64747707e+00  3.70e-03 1.24e-08  1.76e-08  24111s
 631   1.64590221e+00  1.64747702e+00  3.69e-03 1.24e-08  1.76e-08  24137s
 632   1.64590791e+00  1.64750027e+00  3.68e-03 1.12e-08  1.77e-08  24175s
 633   1.64593648e+00  1.64749745e+00  3.61e-03 1.46e-08  1.74e-08  24215s
 634   1.64605307e+00  1.64748969e+00  3.33e-03 1.28e-08  1.61e-08  24242s
 635   1.64605384e+00  1.64748944e+00  3.33e-03 1.28e-08  1.60e-08  24278s
 636   1.64606409e+00  1.64749008e+00  3.31e-03 1.58e-08  1.59e-08  24317s
 637   1.64607849e+00  1.64748631e+00  3.27e-03 1.68e-08  1.57e-08  24359s
 638   1.64608469e+00  1.64748081e+00  3.26e-03 1.58e-08  1.56e-08  24404s
 639   1.64617066e+00  1.64747956e+00  3.05e-03 1.68e-08  1.47e-08  24440s
 640   1.64618139e+00  1.64747466e+00  3.03e-03 1.61e-08  1.45e-08  24476s
 641   1.64619264e+00  1.64746983e+00  3.00e-03 1.32e-08  1.43e-08  24509s
 642   1.64619911e+00  1.64746845e+00  2.98e-03 1.24e-08  1.42e-08  24536s
 643   1.64620319e+00  1.64746777e+00  2.97e-03 1.23e-08  1.42e-08  24572s
 644   1.64620857e+00  1.64746479e+00  2.96e-03 1.07e-08  1.41e-08  24599s
 645   1.64620855e+00  1.64746466e+00  2.96e-03 1.07e-08  1.41e-08  24627s
 646   1.64620909e+00  1.64746448e+00  2.96e-03 1.06e-08  1.41e-08  24660s
 647   1.64621495e+00  1.64746624e+00  2.95e-03 1.10e-08  1.40e-08  24702s
 648   1.64621700e+00  1.64746152e+00  2.94e-03 9.04e-09  1.40e-08  24725s
 649   1.64623389e+00  1.64745944e+00  2.90e-03 8.64e-09  1.38e-08  24762s
 650   1.64623695e+00  1.64745387e+00  2.89e-03 7.65e-09  1.37e-08  24810s
 651   1.64624395e+00  1.64745332e+00  2.88e-03 7.16e-09  1.36e-08  24849s
 652   1.64624661e+00  1.64745227e+00  2.87e-03 6.86e-09  1.36e-08  24884s
 653   1.64625786e+00  1.64744991e+00  2.84e-03 5.59e-09  1.34e-08  24914s
 654   1.64625948e+00  1.64744851e+00  2.84e-03 4.97e-09  1.34e-08  24945s
 655   1.64626108e+00  1.64744804e+00  2.84e-03 4.52e-09  1.34e-08  24970s
 656   1.64631781e+00  1.64744884e+00  2.70e-03 4.23e-09  1.27e-08  24997s
 657   1.64631965e+00  1.64744659e+00  2.69e-03 3.84e-09  1.27e-08  25024s
 658   1.64639055e+00  1.64744523e+00  2.52e-03 3.64e-09  1.19e-08  25053s
 659   1.64639979e+00  1.64744480e+00  2.50e-03 4.53e-09  1.18e-08  25075s
 660   1.64643099e+00  1.64744423e+00  2.42e-03 4.38e-09  1.14e-08  25101s
 661   1.64643099e+00  1.64744419e+00  2.42e-03 4.38e-09  1.14e-08  25136s
 662   1.64643276e+00  1.64744379e+00  2.42e-03 3.70e-09  1.14e-08  25161s
 663   1.64643732e+00  1.64744332e+00  2.41e-03 3.55e-09  1.13e-08  25185s
 664   1.64644220e+00  1.64744131e+00  2.40e-03 3.43e-09  1.13e-08  25220s
 665   1.64644476e+00  1.64744126e+00  2.39e-03 3.38e-09  1.13e-08  25252s
 666   1.64644476e+00  1.64744102e+00  2.39e-03 4.46e-09  1.13e-08  25289s
 667   1.64646281e+00  1.64744099e+00  2.35e-03 4.44e-09  1.11e-08  25310s
 668   1.64646950e+00  1.64744024e+00  2.33e-03 4.03e-09  1.10e-08  25331s
 669   1.64646956e+00  1.64744014e+00  2.33e-03 4.02e-09  1.10e-08  25359s
 670   1.64646969e+00  1.64744015e+00  2.33e-03 4.02e-09  1.10e-08  25383s
 671   1.64647933e+00  1.64746437e+00  2.31e-03 2.80e-09  1.10e-08  25414s
 672   1.64648092e+00  1.64745975e+00  2.30e-03 3.06e-09  1.10e-08  25439s
 673   1.64649253e+00  1.64745715e+00  2.28e-03 3.68e-09  1.08e-08  25480s
 674   1.64649302e+00  1.64745466e+00  2.27e-03 3.15e-09  1.08e-08  25515s
 675   1.64649407e+00  1.64745163e+00  2.27e-03 4.23e-09  1.08e-08  25577s
 676   1.64649637e+00  1.64744602e+00  2.27e-03 3.40e-09  1.07e-08  25621s
 677   1.64649761e+00  1.64744601e+00  2.26e-03 4.42e-09  1.07e-08  25644s
 678   1.64650651e+00  1.64744494e+00  2.24e-03 4.58e-09  1.06e-08  25666s
 679   1.64651591e+00  1.64744404e+00  2.22e-03 5.23e-09  1.05e-08  25691s
 680   1.64653516e+00  1.64744391e+00  2.17e-03 5.38e-09  1.02e-08  25714s
 681   1.64654240e+00  1.64744307e+00  2.16e-03 5.78e-09  1.02e-08  25744s
 682   1.64654634e+00  1.64744134e+00  2.15e-03 5.47e-09  1.01e-08  25773s
 683   1.64654980e+00  1.64744017e+00  2.14e-03 4.89e-09  1.01e-08  25805s
 684   1.64655904e+00  1.64743995e+00  2.12e-03 5.87e-09  9.94e-09  25834s
 685   1.64655904e+00  1.64743995e+00  2.12e-03 5.87e-09  9.94e-09  25881s
 686   1.64656146e+00  1.64744132e+00  2.11e-03 6.38e-09  9.92e-09  25919s
 687   1.64656149e+00  1.64743769e+00  2.11e-03 6.20e-09  9.92e-09  25985s
 688   1.64663012e+00  1.64743721e+00  1.94e-03 5.66e-09  9.15e-09  26012s
 689   1.64663003e+00  1.64743725e+00  1.94e-03 5.66e-09  9.16e-09  26034s
 690   1.64663266e+00  1.64743755e+00  1.94e-03 5.05e-09  9.12e-09  26058s
 691   1.64663506e+00  1.64743684e+00  1.93e-03 4.95e-09  9.09e-09  26086s
 692   1.64663629e+00  1.64743677e+00  1.93e-03 5.21e-09  9.08e-09  26111s
 693   1.64663835e+00  1.64743688e+00  1.92e-03 5.23e-09  9.05e-09  26149s
 694   1.64664047e+00  1.64743684e+00  1.92e-03 5.26e-09  9.03e-09  26174s
 695   1.64664093e+00  1.64743659e+00  1.92e-03 5.22e-09  9.02e-09  26247s
 696   1.64664598e+00  1.64743478e+00  1.90e-03 4.30e-09  8.95e-09  26279s
 697   1.64664806e+00  1.64743493e+00  1.90e-03 3.46e-09  8.92e-09  26303s
 698   1.64664914e+00  1.64743527e+00  1.90e-03 3.34e-09  8.90e-09  26355s
 699   1.64665037e+00  1.64743347e+00  1.89e-03 2.73e-09  8.87e-09  26410s
 700   1.64665333e+00  1.64743327e+00  1.89e-03 3.03e-09  8.83e-09  26435s
 701   1.64665475e+00  1.64743295e+00  1.88e-03 3.30e-09  8.80e-09  26468s
 702   1.64665971e+00  1.64743273e+00  1.87e-03 2.76e-09  8.74e-09  26498s
 703   1.64666186e+00  1.64743239e+00  1.87e-03 2.92e-09  8.71e-09  26526s
 704   1.64666536e+00  1.64743222e+00  1.86e-03 2.87e-09  8.67e-09  26554s
 705   1.64666706e+00  1.64743223e+00  1.85e-03 3.27e-09  8.65e-09  26588s
 706   1.64667062e+00  1.64743495e+00  1.85e-03 3.19e-09  8.63e-09  26621s
 707   1.64667069e+00  1.64743581e+00  1.84e-03 3.13e-09  8.63e-09  26658s
 708   1.64667432e+00  1.64743797e+00  1.84e-03 3.35e-09  8.60e-09  26695s
 709   1.64667911e+00  1.64743718e+00  1.82e-03 3.49e-09  8.54e-09  26728s
 710   1.64668001e+00  1.64743707e+00  1.82e-03 3.48e-09  8.53e-09  26751s
 711   1.64668097e+00  1.64743649e+00  1.82e-03 3.90e-09  8.51e-09  26792s
 712   1.64669235e+00  1.64743693e+00  1.79e-03 3.70e-09  8.39e-09  26811s
 713   1.64669297e+00  1.64743730e+00  1.79e-03 3.58e-09  8.38e-09  26840s
 714   1.64669541e+00  1.64743747e+00  1.79e-03 3.76e-09  8.35e-09  26864s
 715   1.64669821e+00  1.64743771e+00  1.78e-03 3.94e-09  8.31e-09  26898s
 716   1.64669938e+00  1.64743814e+00  1.78e-03 4.12e-09  8.30e-09  26937s
 717   1.64670199e+00  1.64743808e+00  1.77e-03 4.26e-09  8.26e-09  26968s
 718   1.64671345e+00  1.64743805e+00  1.74e-03 4.05e-09  8.13e-09  27001s
 719   1.64674790e+00  1.64743847e+00  1.66e-03 4.63e-09  7.75e-09  27038s
 720   1.64677625e+00  1.64743788e+00  1.59e-03 4.53e-09  7.42e-09  27063s
 721   1.64677750e+00  1.64743749e+00  1.59e-03 4.34e-09  7.40e-09  27105s
 722   1.64677866e+00  1.64743720e+00  1.58e-03 4.37e-09  7.39e-09  27131s
 723   1.64678067e+00  1.64743756e+00  1.58e-03 4.23e-09  7.37e-09  27161s
 724   1.64678070e+00  1.64743756e+00  1.58e-03 4.23e-09  7.37e-09  27187s
 725   1.64678090e+00  1.64743695e+00  1.58e-03 4.17e-09  7.37e-09  27216s
 726   1.64678108e+00  1.64743708e+00  1.58e-03 4.22e-09  7.36e-09  27240s
 727   1.64683663e+00  1.64743719e+00  1.44e-03 4.10e-09  6.75e-09  27263s
 728   1.64684474e+00  1.64743731e+00  1.43e-03 4.01e-09  6.66e-09  27290s
 729   1.64684699e+00  1.64743720e+00  1.42e-03 4.44e-09  6.63e-09  27316s
 730   1.64684742e+00  1.64743720e+00  1.42e-03 4.35e-09  6.63e-09  27340s
 731   1.64684960e+00  1.64744168e+00  1.41e-03 5.26e-09  6.63e-09  27388s
 732   1.64685013e+00  1.64744337e+00  1.41e-03 4.77e-09  6.62e-09  27434s
 733   1.64686252e+00  1.64744335e+00  1.38e-03 6.06e-09  6.48e-09  27459s
 734   1.64705081e+00  1.64744273e+00  9.32e-04 4.90e-09  4.40e-09  27483s
 735   1.64705286e+00  1.64744276e+00  9.27e-04 4.12e-09  4.38e-09  27527s
 736   1.64705427e+00  1.64744230e+00  9.24e-04 4.10e-09  4.36e-09  27558s
 737   1.64705451e+00  1.64744219e+00  9.23e-04 3.98e-09  4.35e-09  27594s
 738   1.64705702e+00  1.64744516e+00  9.17e-04 3.46e-09  4.33e-09  27619s
 739   1.64705846e+00  1.64744468e+00  9.14e-04 3.86e-09  4.31e-09  27652s
 740   1.64705900e+00  1.64744391e+00  9.13e-04 5.29e-09  4.30e-09  27681s
 741   1.64705974e+00  1.64744175e+00  9.11e-04 5.09e-09  4.29e-09  27724s
 742   1.64706085e+00  1.64744190e+00  9.08e-04 4.95e-09  4.27e-09  27756s
 743   1.64706104e+00  1.64744191e+00  9.08e-04 5.03e-09  4.27e-09  27788s
 744   1.64706125e+00  1.64744199e+00  9.07e-04 4.87e-09  4.26e-09  27825s
 745   1.64706135e+00  1.64744547e+00  9.07e-04 4.68e-09  4.28e-09  27871s
 746   1.64706148e+00  1.64744691e+00  9.07e-04 3.08e-09  4.28e-09  27904s
 747   1.64706164e+00  1.64744680e+00  9.06e-04 5.21e-09  4.28e-09  27927s
 748   1.64706212e+00  1.64744870e+00  9.05e-04 2.62e-09  4.28e-09  27963s
 749   1.64706292e+00  1.64744831e+00  9.03e-04 3.02e-09  4.26e-09  27991s
 750   1.64706317e+00  1.64744832e+00  9.03e-04 3.14e-09  4.26e-09  28027s
 751   1.64706376e+00  1.64744823e+00  9.01e-04 3.18e-09  4.25e-09  28055s
 752   1.64706384e+00  1.64744764e+00  9.01e-04 3.44e-09  4.24e-09  28088s
 753   1.64707059e+00  1.64744770e+00  8.86e-04 3.49e-09  4.17e-09  28114s
 754   1.64707103e+00  1.64744707e+00  8.85e-04 2.32e-09  4.16e-09  28141s
 755   1.64707184e+00  1.64744700e+00  8.83e-04 2.50e-09  4.15e-09  28177s
 756   1.64707265e+00  1.64744671e+00  8.81e-04 2.43e-09  4.14e-09  28222s
 757   1.64707346e+00  1.64744638e+00  8.79e-04 2.08e-09  4.13e-09  28254s
 758   1.64707403e+00  1.64744682e+00  8.78e-04 2.43e-09  4.11e-09  28298s
 759   1.64707559e+00  1.64744696e+00  8.74e-04 2.41e-09  4.10e-09  28320s
 760   1.64707643e+00  1.64744711e+00  8.72e-04 2.65e-09  4.08e-09  28361s
 761   1.64707792e+00  1.64744795e+00  8.69e-04 2.35e-09  4.07e-09  28389s
 762   1.64707795e+00  1.64744796e+00  8.69e-04 2.34e-09  4.07e-09  28415s
 763   1.64708022e+00  1.64745293e+00  8.64e-04 3.34e-09  4.08e-09  28438s
 764   1.64708380e+00  1.64745340e+00  8.55e-04 2.61e-09  4.03e-09  28473s
 765   1.64708690e+00  1.64745499e+00  8.48e-04 2.27e-09  4.01e-09  28500s
 766   1.64708722e+00  1.64745460e+00  8.47e-04 3.40e-09  4.00e-09  28523s
 767   1.64708773e+00  1.64745366e+00  8.46e-04 3.26e-09  3.99e-09  28554s
 768   1.64709021e+00  1.64745440e+00  8.40e-04 1.77e-09  3.95e-09  28580s
 769   1.64709087e+00  1.64745414e+00  8.39e-04 1.86e-09  3.94e-09  28605s
 770   1.64709129e+00  1.64745428e+00  8.38e-04 1.76e-09  3.93e-09  28626s
 771   1.64709160e+00  1.64745421e+00  8.37e-04 1.78e-09  3.92e-09  28651s
 772   1.64709194e+00  1.64745348e+00  8.36e-04 4.26e-09  3.92e-09  28688s
 773   1.64709218e+00  1.64745135e+00  8.36e-04 3.71e-09  3.92e-09  28733s
 774   1.64709227e+00  1.64745138e+00  8.35e-04 3.74e-09  3.91e-09  28763s
 775   1.64709386e+00  1.64744820e+00  8.31e-04 3.49e-09  3.90e-09  28801s
 776   1.64709624e+00  1.64744902e+00  8.26e-04 3.36e-09  3.87e-09  28823s
 777   1.64709643e+00  1.64745185e+00  8.25e-04 3.36e-09  3.87e-09  28866s
 778   1.64709704e+00  1.64745187e+00  8.24e-04 7.66e-09  3.86e-09  28910s
 779   1.64709708e+00  1.64744972e+00  8.24e-04 4.83e-09  3.86e-09  28945s
 780   1.64709843e+00  1.64744978e+00  8.21e-04 4.86e-09  3.85e-09  28967s
 781   1.64709852e+00  1.64744991e+00  8.21e-04 2.77e-09  3.85e-09  28990s
 782   1.64712563e+00  1.64745006e+00  7.62e-04 2.85e-09  3.60e-09  29014s
 783   1.64712631e+00  1.64745011e+00  7.60e-04 2.90e-09  3.59e-09  29039s
 784   1.64712661e+00  1.64745081e+00  7.60e-04 2.88e-09  3.59e-09  29101s
 785   1.64712671e+00  1.64745095e+00  7.60e-04 2.58e-09  3.59e-09  29137s
 786   1.64712689e+00  1.64745074e+00  7.59e-04 3.15e-09  3.58e-09  29187s
 787   1.64712782e+00  1.64745104e+00  7.57e-04 3.70e-09  3.57e-09  29220s
 788   1.64712795e+00  1.64745113e+00  7.57e-04 3.59e-09  3.57e-09  29257s
 789   1.64712829e+00  1.64745225e+00  7.56e-04 3.85e-09  3.57e-09  29289s
 790   1.64712939e+00  1.64745229e+00  7.53e-04 3.54e-09  3.55e-09  29322s
 791   1.64713439e+00  1.64745231e+00  7.42e-04 3.54e-09  3.50e-09  29362s
 792   1.64713445e+00  1.64745231e+00  7.42e-04 3.36e-09  3.49e-09  29396s
 793   1.64713456e+00  1.64745236e+00  7.41e-04 3.20e-09  3.49e-09  29425s
 794   1.64713517e+00  1.64745244e+00  7.40e-04 3.02e-09  3.49e-09  29453s
 795   1.64713520e+00  1.64745243e+00  7.40e-04 4.11e-09  3.49e-09  29503s
 796   1.64715527e+00  1.64745264e+00  6.97e-04 1.07e-07  3.30e-09  29534s
 797   1.64715554e+00  1.64745267e+00  6.96e-04 1.04e-07  3.30e-09  29592s
 798   1.64715634e+00  1.64745373e+00  6.94e-04 9.46e-08  3.30e-09  29623s
 799   1.64717329e+00  1.64745201e+00  6.53e-04 8.81e-08  3.10e-09  29671s
 800   1.64717348e+00  1.64745256e+00  6.53e-04 8.05e-08  3.09e-09  29702s
 801   1.64717362e+00  1.64745251e+00  6.52e-04 7.90e-08  3.09e-09  29754s
 802   1.64717401e+00  1.64745297e+00  6.51e-04 7.35e-08  3.09e-09  29784s
 803   1.64717416e+00  1.64745312e+00  6.51e-04 6.44e-08  3.09e-09  29812s
 804   1.64717416e+00  1.64745249e+00  6.51e-04 6.53e-08  3.09e-09  29839s
 805   1.64717416e+00  1.64745248e+00  6.51e-04 6.54e-08  3.09e-09  29865s
 806   1.64717432e+00  1.64745166e+00  6.51e-04 6.16e-08  3.08e-09  29894s

Barrier solved model in 806 iterations and 29894.06 seconds (17732.38 work units)
Optimal objective 1.64713517e+00

