Set parameter Username
Academic license - for non-commercial use only - expires 2027-02-09
Set parameter Threads to value 4
Set parameter Method to value 2
Set parameter BarOrder to value 1
Set parameter BarHomogeneous to value 1
Set parameter NumericFocus to value 2
Set parameter Crossover to value 0
Gurobi Optimizer version 9.5.1 build v9.5.1rc2 (linux64)
Thread count: 32 physical cores, 64 logical processors, using up to 4 threads
Optimize a model with 6146771 rows, 8210952 columns and 40893578 nonzeros
Model fingerprint: 0x55c41c1d
Coefficient statistics:
  Matrix range     [7e-05, 3e+00]
  Objective range  [1e+00, 1e+00]
  Bounds range     [0e+00, 0e+00]
  RHS range        [1e-03, 1e+00]
Presolve removed 1754054 rows and 6945573 columns (presolve time = 6s) ...
Presolve removed 2705085 rows and 6949355 columns (presolve time = 12s) ...
Presolve removed 2705085 rows and 6949355 columns (presolve time = 20s) ...
Presolve removed 2712527 rows and 6949356 columns
Presolve time: 24.84s
Presolved: 3434244 rows, 1261596 columns, 22790997 nonzeros
Ordering time: 3.63s

Barrier statistics:
 Dense cols : 284
 AA' NZ     : 5.866e+07
 Factor NZ  : 9.205e+07 (roughly 2.0 GB of memory)
 Factor Ops : 6.856e+09 (less than 1 second per iteration)
 Threads    : 4

                  Objective                Residual
Iter       Primal          Dual         Primal    Dual     Compl     Time
   0   3.75002727e+00  3.12500000e+01  6.05e+07 6.25e-02  1.00e+06   964s
   1   1.86954795e+00  3.39824009e+05  4.34e+07 1.99e+02  4.96e+05   970s
   2   6.29592439e+00  2.95074570e+05  3.40e+07 1.41e+02  3.51e+05   976s
   3   1.54350846e+01  5.94862110e+05  2.65e+07 6.75e+01  2.53e+05   984s
   4   2.07083717e+00  1.63502631e+04  1.05e+05 1.76e+00  3.39e+01   993s
   5   1.94011467e+00  3.03190808e+03  7.98e+03 3.18e-01  1.15e+00   999s
   6   1.93146925e+00  9.77521858e+02  1.53e+03 1.11e-01  2.22e-01  1007s
   7   1.93042382e+00  4.70336925e+02  6.91e+02 5.45e-02  9.98e-02  1016s
   8   1.92997836e+00  2.82625854e+02  3.32e+02 3.31e-02  5.29e-02  1025s
   9   1.92984124e+00  2.14387945e+02  2.15e+02 2.51e-02  3.72e-02  1031s
  10   1.92981094e+00  1.95758114e+02  1.86e+02 2.29e-02  3.32e-02  1037s
  11   1.92966289e+00  1.79729609e+02  1.76e+02 2.10e-02  3.08e-02  1047s
  12   1.92909945e+00  1.30435659e+02  1.46e+02 1.48e-02  2.47e-02  1059s
  13   1.92499550e+00  7.71741449e+01  1.19e+02 8.96e-03  2.03e-02  1071s
  14   1.92357176e+00  6.08165496e+01  1.16e+02 7.38e-03  2.35e-02  1084s
  15   1.91922453e+00  5.08131238e+01  1.14e+02 6.13e-03  2.33e-02  1094s
  16   1.89139245e+00  3.33056130e+01  1.00e+02 3.88e-03  1.76e-02  1107s
  17   1.81226343e+00  1.76471737e+01  6.50e+01 1.97e-03  8.79e-03  1120s
  18   1.76208960e+00  1.02842647e+01  4.32e+01 1.09e-03  4.85e-03  1133s
  19   1.69836204e+00  5.65946969e+00  1.61e+01 5.05e-04  1.57e-03  1146s
  20   1.67519606e+00  4.12260338e+00  6.52e+00 3.12e-04  6.71e-04  1157s
  21   1.66782277e+00  3.61273058e+00  4.94e+00 2.49e-04  5.13e-04  1165s
  22   1.65565935e+00  3.23701349e+00  3.35e+00 2.02e-04  3.78e-04  1173s
  23   1.63907186e+00  2.91773184e+00  2.37e+00 1.63e-04  2.95e-04  1181s
  24   1.61814368e+00  2.73349487e+00  1.80e+00 1.41e-04  2.59e-04  1190s
  25   1.58523507e+00  2.58587976e+00  1.32e+00 1.24e-04  2.42e-04  1201s
  26   1.56332951e+00  2.43950338e+00  1.10e+00 1.08e-04  2.26e-04  1215s
  27   1.55235931e+00  2.32222046e+00  9.92e-01 9.57e-05  2.09e-04  1229s
  28   1.52705719e+00  2.22626537e+00  7.94e-01 8.55e-05  1.93e-04  1278s
  29   1.51967761e+00  2.12068964e+00  7.37e-01 7.42e-05  1.73e-04  1367s
  30   1.50074354e+00  1.96487819e+00  5.86e-01 5.77e-05  1.37e-04  1471s
  31   1.47965226e+00  1.79954095e+00  4.23e-01 4.00e-05  9.57e-05  1575s
  32   1.47353480e+00  1.75835294e+00  3.59e-01 3.55e-05  8.34e-05  1666s
  33   1.47146778e+00  1.72609333e+00  3.29e-01 3.19e-05  7.39e-05  1758s
  34   1.46728687e+00  1.71312424e+00  2.71e-01 3.04e-05  6.76e-05  1854s
  35   1.46483346e+00  1.62306228e+00  2.10e-01 1.97e-05  4.14e-05  1958s
  36   1.46336018e+00  1.55392232e+00  7.57e-02 1.09e-05  1.94e-05  2069s
  37   1.47490833e+00  1.52885652e+00  1.99e-02 6.97e-06  1.05e-05  2216s
  38   1.48252383e+00  1.52507171e+00  1.33e-02 6.10e-06  8.60e-06  2326s
  39   1.48476200e+00  1.52129685e+00  1.15e-02 5.09e-06  7.06e-06  2400s
  40   1.48904029e+00  1.51753548e+00  8.85e-03 4.17e-06  5.59e-06  2452s
  41   1.49172104e+00  1.51430405e+00  7.39e-03 3.19e-06  4.20e-06  2508s
  42   1.49292204e+00  1.51321536e+00  6.77e-03 2.63e-06  3.45e-06  2539s
  43   1.50075692e+00  1.51352958e+00  4.22e-03 2.00e-06  2.43e-06  2609s
  44   1.50535100e+00  1.51375462e+00  3.09e-03 1.69e-06  1.95e-06  2629s
  45   1.50800138e+00  1.51473339e+00  2.41e-03 1.43e-06  1.61e-06  2644s
  46   1.51181424e+00  1.51612400e+00  1.76e-03 1.08e-06  1.17e-06  2668s
  47   1.51325295e+00  1.51839809e+00  1.59e-03 8.60e-07  9.43e-07  2684s
  48   1.51625145e+00  1.52057604e+00  1.24e-03 6.38e-07  6.96e-07  2700s
  49   1.51905334e+00  1.52337860e+00  1.06e-03 4.93e-07  5.55e-07  2724s
  50   1.52151190e+00  1.52526553e+00  9.36e-04 4.34e-07  4.97e-07  2746s
  51   1.52323576e+00  1.52627393e+00  8.70e-04 4.07e-07  4.69e-07  2764s
  52   1.52452734e+00  1.52788078e+00  8.20e-04 3.70e-07  4.39e-07  2804s
  53   1.52559668e+00  1.52933696e+00  7.85e-04 3.40e-07  4.16e-07  2830s
  54   1.52737722e+00  1.53135334e+00  7.27e-04 3.01e-07  3.85e-07  2859s
  55   1.52833970e+00  1.53347960e+00  6.94e-04 2.64e-07  3.59e-07  2880s
  56   1.52979197e+00  1.53471265e+00  6.44e-04 2.42e-07  3.37e-07  2902s
  57   1.53171088e+00  1.53665960e+00  5.83e-04 2.09e-07  3.06e-07  2922s
  58   1.53311309e+00  1.53896432e+00  5.39e-04 1.72e-07  2.77e-07  2939s
  59   1.53427921e+00  1.53978018e+00  5.00e-04 1.58e-07  2.59e-07  2962s
  60   1.53609532e+00  1.54090194e+00  4.38e-04 1.39e-07  2.32e-07  2978s
  61   1.53733048e+00  1.54205322e+00  3.96e-04 1.19e-07  2.06e-07  3000s
  62   1.54066277e+00  1.54320882e+00  2.72e-04 9.64e-08  1.58e-07  3026s
  63   1.54246086e+00  1.54409074e+00  2.01e-04 7.85e-08  1.26e-07  3057s
  64   1.54374549e+00  1.54466767e+00  1.49e-04 6.42e-08  9.88e-08  3086s
  65   1.54453154e+00  1.54495313e+00  1.20e-04 5.81e-08  8.52e-08  3108s
  66   1.54503008e+00  1.54566745e+00  1.02e-04 4.44e-08  6.89e-08  3130s
  67   1.54541954e+00  1.54621713e+00  8.63e-05 3.34e-08  5.51e-08  3145s
  68   1.54576077e+00  1.54685354e+00  7.32e-05 1.97e-08  3.93e-08  3175s
  69   1.54613432e+00  1.54731544e+00  5.84e-05 8.77e-09  2.46e-08  3195s
  70   1.54649302e+00  1.54735020e+00  4.42e-05 7.79e-09  1.98e-08  3209s
  71   1.54673785e+00  1.54738450e+00  3.42e-05 6.65e-09  1.60e-08  3224s
  72   1.54682670e+00  1.54739191e+00  3.07e-05 6.39e-09  1.48e-08  3244s
  73   1.54687694e+00  1.54740022e+00  2.87e-05 6.26e-09  1.41e-08  3266s
  74   1.54708521e+00  1.54745433e+00  2.07e-05 4.84e-09  1.05e-08  3286s
  75   1.54713054e+00  1.54752060e+00  1.89e-05 2.90e-09  8.10e-09  3305s
  76   1.54718728e+00  1.54754022e+00  1.66e-05 2.24e-09  6.80e-09  3331s
  77   1.54729737e+00  1.54755034e+00  1.22e-05 1.88e-09  5.25e-09  3347s
  78   1.54737477e+00  1.54755671e+00  9.14e-06 1.65e-09  4.18e-09  3365s
  79   1.54739306e+00  1.54755842e+00  8.50e-06 1.60e-09  3.93e-09  3384s
  80   1.54746581e+00  1.54757729e+00  5.73e-06 1.13e-09  2.64e-09  3413s
  81   1.54752863e+00  1.54759313e+00  3.27e-06 6.48e-10  1.49e-09  3437s
  82   1.54756202e+00  1.54759656e+00  1.95e-06 1.07e-09  1.03e-09  3462s
  83   1.54757374e+00  1.54759876e+00  1.50e-06 8.90e-10  8.38e-10  3480s
  84   1.54759361e+00  1.54760170e+00  7.15e-07 8.93e-10  5.32e-10  3500s
  85   1.54759369e+00  1.54760303e+00  7.11e-07 1.88e-09  4.92e-10  3511s
  86   1.54759397e+00  1.54760381e+00  7.02e-07 1.97e-09  4.65e-10  3522s
  87   1.54759443e+00  1.54760691e+00  6.81e-07 1.44e-08  3.73e-10  3537s
  88   1.54759755e+00  1.54760728e+00  5.47e-07 1.34e-08  3.28e-10  3559s
  89   1.54760538e+00  1.54760816e+00  4.12e-07 1.11e-08  2.19e-10  3583s
  90   1.54760884e+00  1.54760871e+00  1.95e-07 9.45e-09  1.60e-10  3608s
  91   1.54760922e+00  1.54760896e+00  1.71e-07 8.69e-09  1.47e-10  3624s
  92   1.54760962e+00  1.54760970e+00  1.53e-07 7.14e-09  1.16e-10  3655s
  93   1.54761070e+00  1.54761087e+00  1.00e-07 5.34e-08  6.36e-11  3683s
  94   1.54761104e+00  1.54761107e+00  7.57e-08 4.81e-08  5.23e-11  3711s
  95   1.54761172e+00  1.54761113e+00  1.17e-07 4.53e-08  4.31e-11  3732s
  96   1.54761189e+00  1.54761116e+00  7.20e-08 4.41e-08  3.93e-11  3754s
  97   1.54761189e+00  1.54761157e+00  9.81e-08 5.02e-08  1.83e-11  3775s
  98   1.54761182e+00  1.54761158e+00  1.60e-07 1.20e-07  1.70e-11  3792s
  99   1.54761196e+00  1.54761189e+00  3.48e-07 2.52e-08  5.56e-12  3812s
 100   1.54761196e+00  1.54761194e+00  1.91e-07 5.52e-09  1.04e-12  3828s
 101   1.54761203e+00  1.54761202e+00  2.25e-08 2.46e-09  1.50e-13  3843s

Barrier solved model in 101 iterations and 3843.03 seconds (2419.69 work units)
Optimal objective 1.54761203e+00

