Set parameter Username
Academic license - for non-commercial use only - expires 2027-02-09
Set parameter Threads to value 4
Set parameter Method to value 2
Set parameter BarOrder to value 1
Set parameter BarHomogeneous to value 1
Set parameter NumericFocus to value 2
Set parameter Crossover to value 0
Gurobi Optimizer version 9.5.1 build v9.5.1rc2 (linux64)
Thread count: 32 physical cores, 64 logical processors, using up to 4 threads
Optimize a model with 3823264 rows, 2908365 columns and 22008467 nonzeros
Model fingerprint: 0xca83bad1
Coefficient statistics:
  Matrix range     [5e-04, 3e+00]
  Objective range  [1e+00, 1e+00]
  Bounds range     [0e+00, 0e+00]
  RHS range        [7e-04, 1e+00]
Presolve removed 1103786 rows and 2369466 columns (presolve time = 7s) ...
Presolve removed 1225768 rows and 2491448 columns (presolve time = 15s) ...
Presolve removed 1463940 rows and 2491449 columns (presolve time = 20s) ...
Presolve removed 1463940 rows and 2491449 columns
Presolve time: 20.49s
Presolved: 2359324 rows, 416916 columns, 15100707 nonzeros
Ordering time: 2.12s

Barrier statistics:
 Dense cols : 264
 AA' NZ     : 4.574e+07
 Factor NZ  : 6.368e+07 (roughly 1.7 GB of memory)
 Factor Ops : 3.900e+09 (less than 1 second per iteration)
 Threads    : 4

                  Objective                Residual
Iter       Primal          Dual         Primal    Dual     Compl     Time
   0   1.74294926e+01  2.50000000e+02  3.10e+07 6.25e-02  1.00e+06  1513s
   1   1.74294926e+00  2.00388768e+06  2.32e+07 3.19e+02  5.43e+05  1519s
   2   1.14237871e+01  4.45745251e+06  1.88e+07 1.10e+02  2.96e+05  1525s
   3   6.11243144e+01  3.64243151e+06  1.31e+07 5.10e+01  1.90e+05  1533s
   4   3.19319330e+02  3.65130337e+06  1.66e+07 6.37e+01  4.41e+05  1541s
   5   1.87910190e+02  1.29359383e+06  2.94e+06 1.79e+01  3.91e+04  1547s
   6   9.37125805e+00  2.80840811e+04  3.24e+04 3.82e-01  2.03e+01  1553s
   7   3.95709259e+00  3.22687340e+03  4.25e+03 4.54e-02  6.70e-01  1561s
   8   3.38084844e+00  1.06222999e+03  1.29e+03 1.53e-02  1.49e-01  1570s
   9   3.25131421e+00  6.28941272e+02  7.26e+02 9.25e-03  7.79e-02  1577s
  10   3.21893174e+00  4.92865289e+02  5.86e+02 7.21e-03  5.99e-02  1583s
  11   3.21734774e+00  4.51681921e+02  5.48e+02 6.25e-03  5.66e-02  1592s
  12   3.24595171e+00  4.20185005e+02  4.81e+02 5.79e-03  5.18e-02  1599s
  13   3.29796306e+00  4.05313597e+02  4.43e+02 5.53e-03  5.10e-02  1609s
  14   3.39908175e+00  4.17956692e+02  4.31e+02 5.70e-03  5.88e-02  1622s
  15   3.23189532e+00  2.69788589e+02  3.81e+02 3.80e-03  4.46e-02  1633s
  16   3.11464823e+00  1.57720061e+02  3.51e+02 2.21e-03  2.98e-02  1644s
  17   2.86575321e+00  1.33057180e+02  2.89e+02 1.86e-03  2.20e-02  1654s
  18   2.63033401e+00  8.03611155e+01  2.31e+02 1.10e-03  1.17e-02  1664s
  19   2.13523335e+00  3.82170271e+01  1.12e+02 5.06e-04  3.31e-03  1674s
  20   1.92740018e+00  1.54563689e+01  6.24e+01 1.89e-04  9.87e-04  1684s
  21   1.80543427e+00  8.66894868e+00  3.45e+01 9.54e-05  3.97e-04  1695s
  22   1.74767577e+00  4.89152178e+00  2.22e+01 4.50e-05  1.85e-04  1705s
  23   1.67131739e+00  3.74491036e+00  9.10e+00 3.01e-05  7.63e-05  1714s
  24   1.64170772e+00  3.13844470e+00  5.45e+00 2.20e-05  4.66e-05  1720s
  25   1.59880004e+00  2.76324567e+00  2.77e+00 1.69e-05  2.90e-05  1727s
  26   1.57515477e+00  2.52602451e+00  2.13e+00 1.38e-05  2.36e-05  1733s
  27   1.56160516e+00  2.37397930e+00  1.80e+00 1.18e-05  2.04e-05  1740s
  28   1.54944432e+00  2.24585264e+00  1.65e+00 1.02e-05  1.82e-05  1746s
  29   1.51701188e+00  2.02809423e+00  1.28e+00 7.60e-06  1.41e-05  1754s
  30   1.48502761e+00  1.85844985e+00  8.93e-01 5.54e-06  1.01e-05  1765s
  31   1.47130041e+00  1.75768812e+00  7.06e-01 4.25e-06  7.52e-06  1776s
  32   1.45744187e+00  1.70603479e+00  4.34e-01 3.52e-06  5.56e-06  1788s
  33   1.45934381e+00  1.64738573e+00  3.56e-01 2.65e-06  3.90e-06  1800s
  34   1.46313763e+00  1.59940682e+00  2.31e-01 1.88e-06  2.43e-06  1812s
  35   1.46681529e+00  1.58853833e+00  1.87e-01 1.69e-06  2.04e-06  1825s
  36   1.47178237e+00  1.57601562e+00  1.46e-01 1.48e-06  1.65e-06  1838s
  37   1.47419173e+00  1.56955496e+00  1.30e-01 1.36e-06  1.48e-06  1851s
  38   1.48186624e+00  1.55046374e+00  9.15e-02 9.83e-07  9.72e-07  1865s
  39   1.48977987e+00  1.54515839e+00  6.15e-02 8.72e-07  7.73e-07  1879s
  40   1.49705102e+00  1.53368463e+00  3.44e-02 6.14e-07  4.89e-07  1893s
  41   1.50276804e+00  1.53082809e+00  2.43e-02 5.05e-07  3.71e-07  1910s
  42   1.50752695e+00  1.52816702e+00  1.76e-02 4.07e-07  2.80e-07  1926s
  43   1.51560794e+00  1.52683538e+00  8.85e-03 3.31e-07  1.99e-07  1943s
  44   1.52255082e+00  1.52848088e+00  4.96e-03 2.05e-07  1.16e-07  1963s
  45   1.52899781e+00  1.53392128e+00  3.44e-03 1.11e-07  6.64e-08  1985s
  46   1.53210883e+00  1.53627561e+00  2.87e-03 8.88e-08  5.50e-08  2004s
  47   1.53521545e+00  1.53803698e+00  2.35e-03 7.47e-08  4.69e-08  2018s
  48   1.53745380e+00  1.54002741e+00  1.99e-03 6.12e-08  4.01e-08  2033s
  49   1.53903770e+00  1.54175955e+00  1.74e-03 5.05e-08  3.46e-08  2058s
  50   1.54135040e+00  1.54388459e+00  1.34e-03 3.73e-08  2.67e-08  2089s
  51   1.54264260e+00  1.54505770e+00  1.08e-03 2.87e-08  2.13e-08  2135s
  52   1.54349177e+00  1.54586403e+00  8.98e-04 2.17e-08  1.70e-08  2194s
  53   1.54417640e+00  1.54643088e+00  7.46e-04 1.72e-08  1.40e-08  2253s
  54   1.54468246e+00  1.54680870e+00  6.49e-04 1.32e-08  1.14e-08  2278s
  55   1.54517205e+00  1.54697943e+00  5.61e-04 1.16e-08  9.83e-09  2300s
  56   1.54535521e+00  1.54728416e+00  5.29e-04 8.97e-09  8.43e-09  2319s
  57   1.54576794e+00  1.54740771e+00  4.47e-04 7.75e-09  7.24e-09  2341s
  58   1.54587072e+00  1.54763964e+00  4.28e-04 5.73e-09  6.19e-09  2364s
  59   1.54609876e+00  1.54774068e+00  3.83e-04 4.63e-09  5.32e-09  2399s
  60   1.54645806e+00  1.54781481e+00  3.12e-04 3.61e-09  4.26e-09  2427s
  61   1.54670300e+00  1.54788042e+00  2.59e-04 2.53e-09  3.32e-09  2456s
  62   1.54675754e+00  1.54789570e+00  2.47e-04 2.02e-09  2.94e-09  2474s
  63   1.54697451e+00  1.54789346e+00  2.00e-04 1.57e-09  2.33e-09  2494s
  64   1.54716095e+00  1.54789325e+00  1.59e-04 1.41e-09  1.94e-09  2506s
  65   1.54720952e+00  1.54788821e+00  1.48e-04 1.16e-09  1.72e-09  2519s
  66   1.54725244e+00  1.54788485e+00  1.38e-04 1.07e-09  1.59e-09  2534s
  67   1.54728871e+00  1.54788441e+00  1.30e-04 1.02e-09  1.50e-09  2550s
  68   1.54733960e+00  1.54790612e+00  1.19e-04 8.77e-10  1.37e-09  2566s
  69   1.54737659e+00  1.54789692e+00  1.11e-04 1.14e-09  1.15e-09  2587s
  70   1.54739941e+00  1.54789562e+00  1.06e-04 5.19e-10  1.06e-09  2603s
  71   1.54744483e+00  1.54789454e+00  9.55e-05 5.28e-10  9.69e-10  2615s
  72   1.54748541e+00  1.54789390e+00  8.67e-05 4.71e-10  8.31e-10  2631s
  73   1.54750594e+00  1.54789284e+00  8.22e-05 3.73e-10  7.77e-10  2648s
  74   1.54750755e+00  1.54789299e+00  8.19e-05 6.21e-10  7.77e-10  2663s
  75   1.54751089e+00  1.54789289e+00  8.12e-05 5.72e-10  7.64e-10  2682s
  76   1.54753119e+00  1.54789498e+00  7.68e-05 1.54e-09  7.11e-10  2699s
  77   1.54754690e+00  1.54789462e+00  7.34e-05 1.34e-09  6.68e-10  2713s
  78   1.54754926e+00  1.54789505e+00  7.29e-05 1.36e-09  6.58e-10  2730s
  79   1.54755443e+00  1.54789444e+00  7.18e-05 1.40e-09  6.28e-10  2749s
  80   1.54755853e+00  1.54789428e+00  7.09e-05 1.40e-09  6.19e-10  2765s
  81   1.54761156e+00  1.54789596e+00  5.95e-05 8.29e-10  5.21e-10  2780s
  82   1.54761796e+00  1.54789489e+00  5.81e-05 4.88e-10  4.95e-10  2799s
  83   1.54763050e+00  1.54789430e+00  5.54e-05 3.24e-10  4.67e-10  2814s
  84   1.54764119e+00  1.54789399e+00  5.31e-05 3.06e-10  4.44e-10  2834s
  85   1.54764341e+00  1.54789392e+00  5.27e-05 3.04e-10  4.37e-10  2853s
  86   1.54764620e+00  1.54789384e+00  5.21e-05 4.96e-10  4.28e-10  2871s
  87   1.54764678e+00  1.54789383e+00  5.19e-05 5.85e-10  4.26e-10  2890s
  88   1.54764781e+00  1.54789369e+00  5.17e-05 5.47e-10  4.21e-10  2911s
  89   1.54765047e+00  1.54789364e+00  5.12e-05 6.21e-10  4.12e-10  2927s
  90   1.54765110e+00  1.54789368e+00  5.10e-05 5.26e-10  4.05e-10  2944s
  91   1.54765142e+00  1.54789351e+00  5.10e-05 4.47e-10  3.99e-10  2960s
  92   1.54765222e+00  1.54789331e+00  5.08e-05 4.73e-10  3.94e-10  2975s
  93   1.54765356e+00  1.54789323e+00  5.05e-05 6.96e-10  3.89e-10  2991s
  94   1.54765436e+00  1.54789318e+00  5.03e-05 8.12e-10  3.85e-10  3006s
  95   1.54765553e+00  1.54789317e+00  5.01e-05 6.69e-10  3.81e-10  3020s
  96   1.54765938e+00  1.54789308e+00  4.93e-05 5.11e-10  3.72e-10  3037s
  97   1.54765938e+00  1.54789303e+00  4.93e-05 5.10e-10  3.71e-10  3049s
  98   1.54765972e+00  1.54789316e+00  4.92e-05 4.28e-10  3.70e-10  3065s
  99   1.54766041e+00  1.54789294e+00  4.90e-05 4.02e-10  3.68e-10  3077s
 100   1.54766303e+00  1.54789289e+00  4.85e-05 3.90e-10  3.63e-10  3093s
 101   1.54766351e+00  1.54789339e+00  4.84e-05 7.55e-10  3.62e-10  3110s
 102   1.54766370e+00  1.54789292e+00  4.83e-05 6.61e-10  3.60e-10  3123s
 103   1.54766546e+00  1.54789257e+00  4.80e-05 5.96e-10  3.56e-10  3138s
 104   1.54766558e+00  1.54789286e+00  4.79e-05 4.51e-10  3.55e-10  3153s
 105   1.54766589e+00  1.54789298e+00  4.79e-05 4.57e-10  3.54e-10  3167s
 106   1.54767125e+00  1.54789262e+00  4.68e-05 4.35e-10  3.45e-10  3189s
 107   1.54767197e+00  1.54789309e+00  4.66e-05 4.20e-10  3.44e-10  3202s
 108   1.54767203e+00  1.54789330e+00  4.66e-05 3.24e-10  3.44e-10  3220s
 109   1.54767228e+00  1.54789466e+00  4.65e-05 3.22e-10  3.45e-10  3240s
 110   1.54767230e+00  1.54789441e+00  4.65e-05 3.12e-10  3.44e-10  3253s
 111   1.54767236e+00  1.54789457e+00  4.65e-05 3.32e-10  3.44e-10  3269s
 112   1.54767450e+00  1.54789460e+00  4.61e-05 3.94e-10  3.41e-10  3284s
 113   1.54767454e+00  1.54789382e+00  4.61e-05 3.78e-10  3.40e-10  3302s
 114   1.54767492e+00  1.54789429e+00  4.60e-05 1.02e-09  3.40e-10  3316s
 115   1.54767579e+00  1.54789364e+00  4.58e-05 8.73e-10  3.37e-10  3333s
 116   1.54767617e+00  1.54789349e+00  4.57e-05 9.29e-10  3.36e-10  3350s
 117   1.54770280e+00  1.54789344e+00  4.00e-05 9.62e-10  2.95e-10  3368s
 118   1.54770280e+00  1.54789344e+00  4.00e-05 1.03e-09  2.95e-10  3385s
 119   1.54770358e+00  1.54789344e+00  3.98e-05 1.03e-09  2.94e-10  3396s
 120   1.54770367e+00  1.54789376e+00  3.98e-05 9.88e-10  2.94e-10  3417s
 121   1.54770419e+00  1.54789305e+00  3.97e-05 7.26e-10  2.92e-10  3439s
 122   1.54770471e+00  1.54789296e+00  3.96e-05 5.42e-10  2.91e-10  3471s
 123   1.54770698e+00  1.54789220e+00  3.91e-05 7.74e-10  2.87e-10  3494s
 124   1.54770743e+00  1.54789205e+00  3.90e-05 4.63e-10  2.86e-10  3518s
 125   1.54770816e+00  1.54789197e+00  3.89e-05 4.46e-10  2.85e-10  3544s
 126   1.54770844e+00  1.54789171e+00  3.88e-05 8.04e-10  2.84e-10  3577s
 127   1.54770850e+00  1.54789173e+00  3.88e-05 3.64e-10  2.84e-10  3594s
 128   1.54770851e+00  1.54789154e+00  3.88e-05 7.30e-10  2.83e-10  3609s
 129   1.54770864e+00  1.54789170e+00  3.88e-05 8.19e-10  2.83e-10  3620s
 130   1.54770881e+00  1.54789286e+00  3.87e-05 1.03e-09  2.85e-10  3645s
 131   1.54771470e+00  1.54789262e+00  3.75e-05 2.00e-09  2.75e-10  3656s
 132   1.54772055e+00  1.54789242e+00  3.62e-05 1.98e-09  2.66e-10  3681s
 133   1.54772060e+00  1.54789189e+00  3.62e-05 1.51e-09  2.65e-10  3708s
 134   1.54772285e+00  1.54789122e+00  3.57e-05 1.01e-09  2.61e-10  3725s
 135   1.54772319e+00  1.54789071e+00  3.56e-05 9.37e-10  2.59e-10  3758s
 136   1.54772383e+00  1.54789048e+00  3.55e-05 7.60e-10  2.58e-10  3777s
 137   1.54779549e+00  1.54789052e+00  2.01e-05 2.59e-10  1.47e-10  3792s
 138   1.54779741e+00  1.54789034e+00  1.97e-05 1.92e-10  1.44e-10  3807s
 139   1.54779781e+00  1.54789013e+00  1.96e-05 1.37e-10  1.43e-10  3820s
 140   1.54779782e+00  1.54788998e+00  1.96e-05 2.04e-10  1.43e-10  3833s
 141   1.54783446e+00  1.54788988e+00  1.17e-05 1.58e-10  8.59e-11  3843s
 142   1.54783499e+00  1.54788973e+00  1.16e-05 1.42e-10  8.49e-11  3852s
 143   1.54783519e+00  1.54788960e+00  1.16e-05 1.10e-10  8.44e-11  3864s
 144   1.54785365e+00  1.54788951e+00  7.66e-06 3.91e-10  5.57e-11  3877s
 145   1.54785443e+00  1.54788942e+00  7.49e-06 3.45e-10  5.43e-11  3891s
 146   1.54785512e+00  1.54788925e+00  7.34e-06 1.18e-10  5.30e-11  3905s
 147   1.54786265e+00  1.54788912e+00  5.73e-06 7.22e-11  4.12e-11  3926s
 148   1.54786337e+00  1.54788905e+00  5.58e-06 8.55e-11  4.00e-11  3951s
 149   1.54786338e+00  1.54788905e+00  5.58e-06 2.41e-10  4.00e-11  3972s
 150   1.54786371e+00  1.54788914e+00  5.77e-06 9.35e-10  3.98e-11  4007s
 151   1.54786410e+00  1.54788902e+00  5.68e-06 1.14e-09  3.90e-11  4044s
 152   1.54786456e+00  1.54788895e+00  5.57e-06 3.02e-10  3.82e-11  4074s
 153   1.54786514e+00  1.54788890e+00  5.44e-06 1.57e-10  3.72e-11  4118s
 154   1.54786524e+00  1.54788888e+00  5.42e-06 3.69e-10  3.70e-11  4158s
 155   1.54786534e+00  1.54788888e+00  5.40e-06 3.65e-10  3.69e-11  4181s
 156   1.54786560e+00  1.54788888e+00  5.34e-06 1.29e-09  3.65e-11  4218s
 157   1.54786595e+00  1.54788887e+00  5.27e-06 1.05e-09  3.59e-11  4267s
 158   1.54786640e+00  1.54788884e+00  5.16e-06 5.06e-10  3.52e-11  4305s
 159   1.54786730e+00  1.54788882e+00  4.98e-06 2.55e-10  3.37e-11  4336s
 160   1.54786760e+00  1.54788881e+00  4.91e-06 1.39e-10  3.32e-11  4373s
 161   1.54786770e+00  1.54788880e+00  4.88e-06 7.73e-11  3.31e-11  4398s
 162   1.54786784e+00  1.54788880e+00  4.85e-06 9.59e-11  3.28e-11  4417s
 163   1.54786801e+00  1.54788880e+00  4.81e-06 5.90e-10  3.26e-11  4436s
 164   1.54786803e+00  1.54788880e+00  4.81e-06 2.99e-10  3.25e-11  4452s
 165   1.54786851e+00  1.54788880e+00  4.70e-06 5.37e-10  3.18e-11  4495s
 166   1.54786863e+00  1.54788880e+00  4.67e-06 2.82e-10  3.16e-11  4531s
 167   1.54786863e+00  1.54788879e+00  4.68e-06 1.45e-10  3.16e-11  4558s
 168   1.54786873e+00  1.54788879e+00  4.66e-06 2.21e-10  3.15e-11  4585s
 169   1.54786991e+00  1.54788879e+00  4.38e-06 1.41e-10  2.96e-11  4611s
 170   1.54787043e+00  1.54788879e+00  4.26e-06 8.28e-11  2.88e-11  4643s
 171   1.54787112e+00  1.54788878e+00  4.10e-06 1.87e-10  2.77e-11  4688s
 172   1.54787112e+00  1.54788878e+00  4.10e-06 1.54e-10  2.77e-11  4710s
 173   1.54787112e+00  1.54788998e+00  4.10e-06 8.00e-10  2.96e-11  4733s
 174   1.54788568e+00  1.54788908e+00  7.29e-07 1.92e-10  5.38e-12  4760s
 175   1.54788601e+00  1.54788905e+00  6.53e-07 5.57e-10  4.83e-12  4803s
 176   1.54788626e+00  1.54788892e+00  5.97e-07 2.63e-10  4.22e-12  4834s
 177   1.54788660e+00  1.54788886e+00  5.12e-07 5.25e-10  3.58e-12  4851s
 178   1.54788674e+00  1.54788883e+00  4.80e-07 9.15e-10  3.31e-12  4879s
 179   1.54788675e+00  1.54788880e+00  4.79e-07 4.54e-10  3.26e-12  4888s
 180   1.54788706e+00  1.54788879e+00  3.96e-07 3.46e-10  2.74e-12  4902s
 181   1.54788718e+00  1.54788878e+00  3.70e-07 5.37e-10  2.56e-12  4925s
 182   1.54788755e+00  1.54788878e+00  2.82e-07 4.83e-10  1.96e-12  4941s
 183   1.54788768e+00  1.54788878e+00  2.51e-07 3.26e-10  1.75e-12  4953s
 184   1.54788768e+00  1.54788878e+00  2.55e-07 2.88e-10  1.74e-12  4976s
 185   1.54788785e+00  1.54788878e+00  2.14e-07 6.10e-10  1.48e-12  4987s
 186   1.54788821e+00  1.54788878e+00  1.32e-07 1.01e-09  8.99e-13  5021s
 187   1.54788824e+00  1.54788878e+00  1.22e-07 8.84e-10  8.57e-13  5033s
 188   1.54788834e+00  1.54788878e+00  1.01e-07 1.10e-09  7.02e-13  5058s
 189   1.54788834e+00  1.54788877e+00  9.97e-08 1.04e-09  6.93e-13  5069s
 190   1.54788839e+00  1.54788878e+00  8.62e-08 5.10e-10  6.09e-13  5079s
 191   1.54788847e+00  1.54788878e+00  6.57e-08 2.62e-10  4.91e-13  5102s
 192   1.54788848e+00  1.54788877e+00  6.27e-08 4.07e-10  4.63e-13  5113s
 193   1.54788851e+00  1.54788878e+00  6.22e-08 4.72e-10  4.24e-13  5131s
 194   1.54788854e+00  1.54788878e+00  6.18e-08 6.70e-10  3.80e-13  5144s
 195   1.54788855e+00  1.54788878e+00  5.57e-08 7.35e-10  3.60e-13  5158s
 196   1.54788858e+00  1.54788877e+00  5.29e-08 5.66e-10  3.16e-13  5183s
 197   1.54788858e+00  1.54788877e+00  5.10e-08 1.33e-09  3.16e-13  5201s

Barrier solved model in 197 iterations and 5201.39 seconds (2907.40 work units)
Optimal objective 1.54788858e+00

