Set parameter Username
Academic license - for non-commercial use only - expires 2027-02-09
Set parameter Threads to value 4
Set parameter Method to value 2
Set parameter BarOrder to value 1
Set parameter BarHomogeneous to value 1
Set parameter NumericFocus to value 2
Set parameter Crossover to value 0
Gurobi Optimizer version 9.5.1 build v9.5.1rc2 (linux64)
Thread count: 32 physical cores, 64 logical processors, using up to 4 threads
Optimize a model with 871825 rows, 451470 columns and 4905043 nonzeros
Model fingerprint: 0x9699caea
Coefficient statistics:
  Matrix range     [5e-04, 3e+00]
  Objective range  [1e+00, 1e+00]
  Bounds range     [0e+00, 0e+00]
  RHS range        [7e-04, 1e+00]
Presolve removed 244496 rows and 341944 columns
Presolve time: 2.61s
Presolved: 627329 rows, 109526 columns, 3947762 nonzeros
Ordering time: 0.29s

Barrier statistics:
 Dense cols : 134
 AA' NZ     : 5.374e+06
 Factor NZ  : 7.504e+06 (roughly 300 MB of memory)
 Factor Ops : 2.165e+08 (less than 1 second per iteration)
 Threads    : 4

                  Objective                Residual
Iter       Primal          Dual         Primal    Dual     Compl     Time
   0   1.73967846e+01  2.50000000e+02  8.42e+06 6.25e-02  1.00e+06   151s
   1   1.73967846e+00  1.05065677e+06  6.10e+06 2.63e+02  4.54e+05   151s
   2   1.25150272e+01  2.11454056e+06  5.47e+06 1.66e+02  3.23e+05   152s
   3   2.04304369e+01  1.56404695e+06  4.62e+06 1.07e+02  2.39e+05   153s
   4   1.40500506e+01  3.18329819e+05  8.08e+05 2.83e+01  1.34e+04   154s
   5   1.69361672e+01  2.32901051e+05  3.84e+05 2.15e+01  5.86e+03   155s
   6   3.09061756e+00  2.83562253e+04  7.98e+03 2.46e+00  2.26e+01   156s
   7   2.24957076e+00  4.45196622e+03  1.10e+03 3.93e-01  1.04e+00   157s
   8   2.15067615e+00  1.24848558e+03  2.84e+02 1.11e-01  2.02e-01   159s
   9   2.13180728e+00  5.72829800e+02  1.44e+02 5.14e-02  8.91e-02   160s
  10   2.12353520e+00  4.27390713e+02  9.91e+01 3.84e-02  6.25e-02   161s
  11   2.12124943e+00  3.64878353e+02  8.51e+01 3.27e-02  5.29e-02   162s
  12   2.12076779e+00  3.19566144e+02  7.81e+01 2.85e-02  4.86e-02   163s
  13   2.11878552e+00  2.32811393e+02  6.58e+01 2.01e-02  4.28e-02   165s
  14   1.95376847e+00  1.21966103e+02  3.87e+01 9.43e-03  2.40e-02   167s
  15   1.90641764e+00  4.00708158e+01  3.21e+01 2.92e-03  1.04e-02   168s
  16   1.79812453e+00  2.35049690e+01  1.84e+01 1.62e-03  4.78e-03   169s
  17   1.72394783e+00  1.35891792e+01  9.34e+00 8.88e-04  2.15e-03   171s
  18   1.69557267e+00  8.52630297e+00  6.68e+00 5.24e-04  1.37e-03   172s
  19   1.63896870e+00  6.60362627e+00  3.51e+00 3.87e-04  8.51e-04   173s
  20   1.57027542e+00  5.05716057e+00  2.00e+00 2.76e-04  5.54e-04   175s
  21   1.54002706e+00  3.77063417e+00  1.40e+00 1.81e-04  3.59e-04   177s
  22   1.52417459e+00  2.89955287e+00  1.19e+00 1.15e-04  2.38e-04   178s
  23   1.49080827e+00  2.32831036e+00  7.79e-01 7.13e-05  1.41e-04   180s
  24   1.46241846e+00  2.02539125e+00  3.68e-01 4.69e-05  7.62e-05   181s
  25   1.45244671e+00  1.71179632e+00  1.34e-01 2.19e-05  2.79e-05   183s
  26   1.46155581e+00  1.54251090e+00  2.33e-02 7.50e-06  7.49e-06   185s
  27   1.47767666e+00  1.51922197e+00  8.78e-03 4.33e-06  3.82e-06   187s
  28   1.48163178e+00  1.51594613e+00  7.30e-03 2.55e-06  2.26e-06   192s
  29   1.49032106e+00  1.51619814e+00  5.00e-03 2.01e-06  1.70e-06   199s
  30   1.50886532e+00  1.51687117e+00  1.52e-03 1.39e-06  9.83e-07   210s
  31   1.51961427e+00  1.52154408e+00  7.65e-04 9.17e-07  5.82e-07   223s
  32   1.52486829e+00  1.52563745e+00  5.07e-04 6.41e-07  4.01e-07   233s
  33   1.52858282e+00  1.52709207e+00  4.07e-04 5.69e-07  3.48e-07   235s
  34   1.53062998e+00  1.52955431e+00  3.62e-04 4.81e-07  3.01e-07   239s
  35   1.53390794e+00  1.53348267e+00  2.99e-04 3.66e-07  2.41e-07   243s
  36   1.53666672e+00  1.53654715e+00  2.50e-04 2.96e-07  2.05e-07   247s
  37   1.53948821e+00  1.54012691e+00  2.03e-04 2.20e-07  1.68e-07   252s
  38   1.54100835e+00  1.54313337e+00  1.77e-04 1.62e-07  1.37e-07   255s
  39   1.54269580e+00  1.54440360e+00  1.47e-04 1.36e-07  1.17e-07   258s
  40   1.54387814e+00  1.54513769e+00  1.22e-04 1.20e-07  1.01e-07   260s
  41   1.54529902e+00  1.54610415e+00  9.13e-05 9.35e-08  7.74e-08   264s
  42   1.54647703e+00  1.54689703e+00  6.82e-05 7.37e-08  5.98e-08   267s
  43   1.54697010e+00  1.54738135e+00  5.77e-05 6.15e-08  5.06e-08   270s
  44   1.54737051e+00  1.54800738e+00  4.72e-05 4.46e-08  3.89e-08   273s
  45   1.54784583e+00  1.54834603e+00  3.68e-05 3.54e-08  3.10e-08   275s
  46   1.54802059e+00  1.54868834e+00  3.23e-05 2.53e-08  2.42e-08   278s
  47   1.54809297e+00  1.54889025e+00  3.06e-05 1.92e-08  2.03e-08   281s
  48   1.54848653e+00  1.54903207e+00  2.16e-05 1.46e-08  1.51e-08   285s
  49   1.54856453e+00  1.54917723e+00  1.98e-05 9.47e-09  1.16e-08   288s
  50   1.54906563e+00  1.54926886e+00  8.06e-06 6.23e-09  6.22e-09   291s
  51   1.54921137e+00  1.54932094e+00  4.77e-06 4.09e-09  3.92e-09   294s
  52   1.54921575e+00  1.54933368e+00  4.68e-06 3.64e-09  3.63e-09   297s
  53   1.54922046e+00  1.54937252e+00  4.58e-06 2.20e-09  2.74e-09   299s
  54   1.54932524e+00  1.54938796e+00  2.23e-06 1.65e-09  1.71e-09   303s
  55   1.54933071e+00  1.54941174e+00  2.11e-06 6.52e-10  1.06e-09   308s
  56   1.54933554e+00  1.54941793e+00  2.01e-06 3.70e-10  8.52e-10   311s
  57   1.54933664e+00  1.54942153e+00  1.98e-06 2.63e-10  7.54e-10   315s
  58   1.54934794e+00  1.54942224e+00  1.73e-06 2.21e-10  6.55e-10   318s
  59   1.54935114e+00  1.54942352e+00  1.66e-06 4.01e-10  5.93e-10   321s
  60   1.54935528e+00  1.54942380e+00  1.57e-06 5.17e-10  5.56e-10   325s
  61   1.54935563e+00  1.54942389e+00  1.56e-06 5.98e-10  5.50e-10   328s
  62   1.54935653e+00  1.54942399e+00  1.54e-06 5.18e-10  5.41e-10   332s
  63   1.54938417e+00  1.54942493e+00  9.24e-07 5.10e-10  3.18e-10   336s
  64   1.54938420e+00  1.54942512e+00  9.23e-07 5.15e-10  3.04e-10   340s
  65   1.54938592e+00  1.54942518e+00  8.84e-07 1.76e-10  2.85e-10   343s
  66   1.54938630e+00  1.54942517e+00  8.76e-07 3.45e-10  2.81e-10   346s
  67   1.54938634e+00  1.54942522e+00  8.75e-07 1.52e-10  2.81e-10   349s
  68   1.54938856e+00  1.54942521e+00  8.25e-07 1.25e-10  2.63e-10   351s
  69   1.54938894e+00  1.54942516e+00  8.16e-07 1.50e-10  2.56e-10   355s
  70   1.54938897e+00  1.54942516e+00  1.62e-06 1.53e-10  2.56e-10   357s
  71   1.54938897e+00  1.54942517e+00  1.62e-06 1.81e-10  2.56e-10   360s
  72   1.54938903e+00  1.54942518e+00  1.62e-06 1.92e-10  2.56e-10   366s
  73   1.54938903e+00  1.54942545e+00  1.62e-06 1.32e-09  2.57e-10   370s
  74   1.54939028e+00  1.54942690e+00  1.57e-06 1.07e-09  2.60e-10   376s
  75   1.54939103e+00  1.54942612e+00  1.54e-06 5.32e-10  2.47e-10   383s
  76   1.54939934e+00  1.54942595e+00  1.16e-06 1.19e-09  1.87e-10   387s
  77   1.54940026e+00  1.54942550e+00  1.12e-06 6.54e-10  1.77e-10   393s
  78   1.54940033e+00  1.54942525e+00  1.12e-06 3.61e-10  1.74e-10   400s
  79   1.54940090e+00  1.54942515e+00  1.09e-06 4.26e-10  1.69e-10   404s
  80   1.54940294e+00  1.54942504e+00  9.99e-07 9.41e-11  1.54e-10   409s
  81   1.54940694e+00  1.54942502e+00  8.18e-07 6.28e-10  1.26e-10   412s
  82   1.54941065e+00  1.54942496e+00  6.48e-07 1.82e-10  9.97e-11   415s
  83   1.54941172e+00  1.54942496e+00  6.00e-07 1.64e-10  9.22e-11   418s
  84   1.54941782e+00  1.54942492e+00  3.22e-07 8.22e-11  4.95e-11   423s
  85   1.54941913e+00  1.54942490e+00  2.63e-07 9.87e-11  4.02e-11   427s
  86   1.54941932e+00  1.54942488e+00  2.54e-07 5.15e-11  3.87e-11   429s
  87   1.54941982e+00  1.54942487e+00  2.31e-07 2.95e-11  3.52e-11   432s
  88   1.54942020e+00  1.54942486e+00  2.13e-07 1.53e-11  3.25e-11   434s
  89   1.54942239e+00  1.54942486e+00  1.35e-07 2.71e-11  1.72e-11   436s
  90   1.54942266e+00  1.54942486e+00  1.22e-07 1.75e-11  1.53e-11   438s
  91   1.54942272e+00  1.54942486e+00  1.18e-07 4.52e-11  1.49e-11   441s
  92   1.54942292e+00  1.54942485e+00  1.07e-07 2.26e-11  1.35e-11   444s
  93   1.54942292e+00  1.54942485e+00  1.07e-07 2.10e-11  1.35e-11   446s
  94   1.54942292e+00  1.54942487e+00  1.07e-07 3.17e-11  1.36e-11   448s
  95   1.54942304e+00  1.54942506e+00  1.13e-07 3.76e-10  1.46e-11   451s
  96   1.54942465e+00  1.54942487e+00  1.40e-08 6.27e-11  1.66e-12   459s
  97   1.54942483e+00  1.54942485e+00  1.71e-08 1.08e-10  1.71e-13   464s

Barrier solved model in 97 iterations and 463.73 seconds (301.29 work units)
Optimal objective 1.54942483e+00

