Set parameter Username
Academic license - for non-commercial use only - expires 2027-02-09
Set parameter Threads to value 4
Set parameter Method to value 2
Set parameter BarOrder to value 1
Set parameter BarHomogeneous to value 1
Set parameter NumericFocus to value 2
Set parameter Crossover to value 0
Gurobi Optimizer version 9.5.1 build v9.5.1rc2 (linux64)
Thread count: 32 physical cores, 64 logical processors, using up to 4 threads
Optimize a model with 1285077 rows, 334139 columns and 9655848 nonzeros
Model fingerprint: 0x1ff4d0f3
Coefficient statistics:
  Matrix range     [2e-04, 3e+00]
  Objective range  [1e+00, 1e+00]
  Bounds range     [0e+00, 0e+00]
  RHS range        [7e-04, 1e+00]
Presolve removed 285181 rows and 621113 columns (presolve time = 5s) ...
Presolve removed 285181 rows and 621113 columns
Presolve time: 6.25s
Presolved: 48958 rows, 663964 columns, 4878771 nonzeros
Ordering time: 0.16s

Barrier statistics:
 Dense cols : 82
 AA' NZ     : 3.668e+05
 Factor NZ  : 1.238e+06 (roughly 300 MB of memory)
 Factor Ops : 6.819e+07 (less than 1 second per iteration)
 Threads    : 4

                  Objective                Residual
Iter       Primal          Dual         Primal    Dual     Compl     Time
   0   9.05648149e+06  0.00000000e+00  1.62e+08 0.00e+00  1.00e+06     8s
   1   8.36860192e+06 -1.36121008e+01  1.49e+08 8.63e+02  9.33e+05     9s
   2   7.96053946e+06 -1.33618103e+01  1.42e+08 8.67e+02  8.83e+05     9s
   3   7.39767773e+06 -1.25240945e+01  1.32e+08 8.11e+02  8.20e+05    10s
   4   6.91840648e+06 -1.16069449e+01  1.24e+08 7.54e+02  7.68e+05    11s
   5   6.56480974e+06 -1.70156933e+00  1.17e+08 7.16e+02  7.26e+05    12s
   6   6.08957006e+06  6.37561440e+00  1.09e+08 6.55e+02  6.68e+05    13s
   7   5.38706592e+06  1.07957487e+01  9.62e+07 6.22e+02  5.98e+05    14s
   8   5.11087527e+06 -1.94334857e+00  9.12e+07 5.67e+02  5.59e+05    15s
   9   4.83408036e+06 -2.11906792e+00  8.63e+07 5.35e+02  5.29e+05    16s
  10   4.38079486e+06 -2.80096496e+00  7.82e+07 4.99e+02  4.82e+05    17s
  11   4.03482551e+06 -3.98422856e+00  7.20e+07 4.73e+02  4.45e+05    18s
  12   3.42419261e+06 -5.65062038e+00  6.10e+07 4.42e+02  3.82e+05    19s
  13   2.89879989e+06 -5.65901962e+00  5.13e+07 3.78e+02  2.98e+05    21s
  14   2.42247114e+06 -5.18510247e+00  4.26e+07 3.16e+02  2.25e+05    22s
  15   2.10330351e+06 -4.94957314e+00  3.69e+07 2.92e+02  1.88e+05    23s
  16   1.66344233e+06 -4.13637216e+00  2.90e+07 2.21e+02  1.23e+05    24s
  17   1.26694574e+06 -3.76499570e+00  2.19e+07 1.91e+02  8.62e+04    25s
  18   9.70902941e+05 -3.17462706e+00  1.67e+07 1.46e+02  5.45e+04    26s
  19   6.43492675e+05 -2.76609757e+00  1.10e+07 1.13e+02  3.00e+04    27s
  20   4.02474084e+05 -2.53003802e+00  6.88e+06 9.44e+01  1.64e+04    28s
  21   1.85004782e+05 -1.75410198e+00  3.14e+06 5.57e+01  4.83e+03    29s
  22   5.75509600e+04 -9.81610304e-01  9.73e+05 2.67e+01  7.95e+02    30s
  23   7.47109999e+03 -4.16909970e-01  1.26e+05 1.11e+01  4.73e+01    32s
  24   4.68111981e+03 -2.91664448e-01  7.92e+04 6.96e+00  2.01e+01    33s
  25   3.80708552e+03 -2.20504205e-01  6.44e+04 5.38e+00  1.31e+01    34s
  26   2.22484890e+03 -1.31731861e-01  3.76e+04 2.86e+00  4.77e+00    35s
  27   1.81360764e+03 -1.07060608e-01  3.07e+04 2.44e+00  3.46e+00    36s
  28   7.46818280e+02 -5.16862215e-02  1.26e+04 1.42e+00  9.81e-01    37s
  29   4.17761685e+02 -2.02517179e-02  7.05e+03 6.95e-01  3.19e-01    38s
  30   3.05863939e+02 -1.46073215e-02  5.16e+03 5.23e-01  1.95e-01    40s
  31   2.42065439e+02 -8.64890606e-03  4.09e+03 3.60e-01  1.25e-01    41s
  32   1.57424582e+02 -7.91663515e-03  2.66e+03 3.10e-01  8.65e-02    42s
  33   6.60082190e+01 -6.67991341e-03  1.11e+03 2.66e-01  4.19e-02    44s
  34   4.23273728e+01 -4.01990105e-03  7.14e+02 1.99e-01  2.33e-02    45s
  35   2.47157192e+01  7.32075540e-01  4.06e+02 8.91e-02  6.67e-03    46s
  36   1.29878032e+01  1.38703332e+00  1.99e+02 2.64e-02  1.13e-03    48s
  37   7.02757041e+00  1.50446742e+00  9.53e+01 8.75e-03  2.84e-04    49s
  38   5.79728405e+00  1.44712408e+00  7.44e+01 5.65e-03  2.18e-04    50s
  39   5.40749031e+00  1.39152761e+00  6.80e+01 3.98e-03  1.96e-04    52s
  40   4.71081028e+00  1.39457186e+00  5.62e+01 2.49e-03  1.39e-04    53s
  41   4.23110504e+00  1.42322872e+00  4.80e+01 1.38e-03  9.51e-05    54s
  42   3.32030863e+00  1.45643411e+00  3.16e+01 9.68e-04  5.87e-05    56s
  43   2.76431032e+00  1.58466574e+00  2.10e+01 3.71e-04  2.75e-05    57s
  44   2.17680907e+00  1.61544977e+00  9.90e+00 1.98e-04  1.25e-05    59s
  45   2.03295106e+00  1.62714616e+00  7.22e+00 1.15e-04  8.43e-06    60s
  46   1.99546194e+00  1.62724267e+00  6.55e+00 1.13e-04  7.69e-06    62s
  47   1.93781868e+00  1.62935613e+00  5.44e+00 9.88e-05  6.43e-06    63s
  48   1.89138087e+00  1.63047179e+00  4.59e+00 8.90e-05  5.39e-06    64s
  49   1.85086468e+00  1.63380775e+00  3.82e+00 6.65e-05  4.28e-06    65s
  50   1.83888593e+00  1.63412797e+00  3.60e+00 6.48e-05  4.04e-06    66s
  51   1.80892738e+00  1.63450705e+00  3.05e+00 6.24e-05  3.48e-06    67s
  52   1.79832784e+00  1.63958853e+00  2.85e+00 4.35e-05  2.81e-06    68s
  53   1.78780123e+00  1.64044519e+00  2.65e+00 3.67e-05  2.55e-06    69s
  54   1.75070901e+00  1.64127767e+00  1.93e+00 3.37e-05  1.95e-06    70s
  55   1.72674822e+00  1.64205227e+00  1.48e+00 3.01e-05  1.53e-06    71s
  56   1.69663791e+00  1.64572213e+00  9.03e-01 1.44e-05  8.26e-07    73s
  57   1.67258768e+00  1.64675218e+00  4.53e-01 8.36e-06  4.23e-07    75s
  58   1.66150839e+00  1.64735326e+00  2.48e-01 3.76e-06  2.23e-07    76s
  59   1.65731690e+00  1.64755042e+00  1.71e-01 2.45e-06  1.52e-07    78s
  60   1.65365148e+00  1.64766914e+00  1.04e-01 1.66e-06  9.51e-08    79s
  61   1.65244364e+00  1.64776212e+00  8.16e-02 1.06e-06  7.19e-08    81s
  62   1.65023596e+00  1.64781775e+00  4.15e-02 6.68e-07  3.88e-08    83s
  63   1.64966689e+00  1.64785654e+00  3.12e-02 3.87e-07  2.80e-08    84s
  64   1.64890745e+00  1.64787674e+00  1.76e-02 2.48e-07  1.63e-08    86s
  65   1.64845099e+00  1.64789114e+00  9.57e-03 1.40e-07  8.89e-09    88s
  66   1.64824844e+00  1.64789797e+00  5.99e-03 7.72e-08  5.51e-09    90s
  67   1.64808561e+00  1.64790251e+00  3.13e-03 3.67e-08  2.86e-09    93s
  68   1.64802449e+00  1.64790476e+00  2.06e-03 1.46e-08  1.82e-09    94s
  69   1.64799483e+00  1.64790569e+00  1.54e-03 8.27e-09  1.36e-09    96s
  70   1.64799233e+00  1.64790616e+00  1.50e-03 5.46e-09  1.29e-09    97s
  71   1.64794381e+00  1.64790664e+00  6.45e-04 2.57e-09  5.60e-10    99s
  72   1.64794261e+00  1.64790683e+00  6.24e-04 1.47e-09  5.30e-10   101s
  73   1.64793746e+00  1.64790694e+00  5.33e-04 8.19e-10  4.48e-10   102s
  74   1.64793270e+00  1.64790702e+00  4.50e-04 4.50e-10  3.75e-10   103s
  75   1.64792836e+00  1.64790707e+00  3.73e-04 2.43e-10  3.09e-10   104s
  76   1.64792420e+00  1.64790710e+00  3.00e-04 1.26e-10  2.48e-10   106s
  77   1.64792384e+00  1.64790711e+00  2.94e-04 6.44e-11  2.42e-10   107s
  78   1.64791666e+00  1.64790712e+00  1.68e-04 3.28e-11  1.38e-10   108s
  79   1.64791195e+00  1.64790713e+00  8.47e-05 1.66e-11  6.97e-11   109s
  80   1.64790955e+00  1.64790713e+00  4.26e-05 8.70e-12  3.50e-11   111s
  81   1.64790942e+00  1.64790713e+00  4.03e-05 4.52e-12  3.31e-11   112s
  82   1.64790828e+00  1.64790713e+00  2.02e-05 2.29e-12  1.66e-11   113s
  83   1.64790771e+00  1.64790713e+00  1.01e-05 1.57e-12  8.29e-12   115s
  84   1.64790742e+00  1.64790713e+00  5.05e-06 8.31e-13  4.14e-12   116s
  85   1.64790740e+00  1.64790713e+00  4.65e-06 1.50e-12  3.81e-12   117s
  86   1.64790727e+00  1.64790713e+00  2.32e-06 5.24e-13  1.91e-12   119s
  87   1.64790725e+00  1.64790713e+00  2.06e-06 5.04e-13  1.69e-12   121s
  88   1.64790724e+00  1.64790713e+00  1.83e-06 8.86e-13  1.50e-12   122s
  89   1.64790723e+00  1.64790713e+00  1.79e-06 2.40e-12  1.47e-12   124s
  90   1.64790723e+00  1.64790713e+00  1.72e-06 1.65e-12  1.41e-12   125s

Barrier solved model in 90 iterations and 125.29 seconds (89.94 work units)
Optimal objective 1.64790723e+00

