Set parameter Username
Academic license - for non-commercial use only - expires 2027-02-09
Set parameter Threads to value 4
Set parameter Method to value 2
Set parameter BarOrder to value 1
Set parameter BarHomogeneous to value 1
Set parameter NumericFocus to value 2
Set parameter Crossover to value 0
Gurobi Optimizer version 9.5.1 build v9.5.1rc2 (linux64)
Thread count: 32 physical cores, 64 logical processors, using up to 4 threads
Optimize a model with 21958305 rows, 38519922 columns and 160355648 nonzeros
Model fingerprint: 0x1c37f806
Coefficient statistics:
  Matrix range     [2e-04, 3e+00]
  Objective range  [1e+00, 1e+00]
  Bounds range     [0e+00, 0e+00]
  RHS range        [7e-04, 1e+00]
Presolve removed 0 rows and 0 columns (presolve time = 13s) ...
Presolve removed 5725274 rows and 32854053 columns (presolve time = 18s) ...
Presolve removed 5725274 rows and 33247568 columns (presolve time = 27s) ...
Presolve removed 5725274 rows and 33247659 columns (presolve time = 32s) ...
Presolve removed 8843998 rows and 33247659 columns (presolve time = 42s) ...
Presolve removed 8846339 rows and 33250000 columns (presolve time = 49s) ...
Presolve removed 8852279 rows and 33255940 columns (presolve time = 87s) ...
Presolve removed 8868841 rows and 33255941 columns (presolve time = 94s) ...
Presolve removed 8868841 rows and 33255941 columns (presolve time = 97s) ...
Presolve removed 8868841 rows and 33255941 columns (presolve time = 105s) ...
Presolve removed 8868841 rows and 33255941 columns
Presolve time: 108.53s
Presolved: 13089464 rows, 5263981 columns, 90490417 nonzeros
Elapsed ordering time = 6s
Elapsed ordering time = 12s
Ordering time: 14.27s

Barrier statistics:
 Dense cols : 424
 AA' NZ     : 3.185e+08
 Factor NZ  : 5.062e+08 (roughly 9.0 GB of memory)
 Factor Ops : 5.543e+10 (roughly 2 seconds per iteration)
 Threads    : 4

                  Objective                Residual
Iter       Primal          Dual         Primal    Dual     Compl     Time
   0   9.65359651e+00  1.25000000e+02  1.97e+08 6.25e-02  1.00e+06  9344s
   1   3.87861411e+00 -1.52869456e+06  1.44e+08 4.77e+02  6.57e+05  9365s
   2   4.35158254e+01 -5.69105590e+05  8.10e+07 3.08e+02  3.99e+05  9393s
   3   6.68148385e+01  5.13363498e+06  5.79e+07 1.62e+02  2.60e+05  9430s
   4   2.64750553e+00  6.17462419e+04  4.50e+05 2.42e+00  3.15e+01  9465s
   5   2.24275978e+00  7.41508071e+03  1.17e+05 3.66e-01  2.38e+00  9492s
   6   2.19305722e+00  4.86551278e+03  6.77e+04 2.20e-01  1.11e+00  9520s
   7   2.14887657e+00  3.03466237e+03  2.71e+04 1.34e-01  4.20e-01  9557s
   8   2.13618113e+00  9.82421398e+02  1.67e+04 4.29e-02  1.83e-01  9598s
   9   2.12287330e+00  5.15303142e+02  6.41e+03 2.25e-02  6.91e-02  9630s
  10   2.11832774e+00  2.94706962e+02  3.43e+03 1.33e-02  3.61e-02  9656s
  11   2.11702349e+00  1.77403818e+02  2.34e+03 7.97e-03  2.34e-02  9689s
  12   2.11582582e+00  8.75228264e+01  1.78e+03 3.86e-03  1.59e-02  9725s
  13   2.11547831e+00  5.85350258e+01  1.31e+03 2.50e-03  1.13e-02  9761s
  14   2.11570433e+00  4.66153439e+01  7.98e+02 1.96e-03  7.19e-03  9788s
  15   2.11646537e+00  3.87952838e+01  6.66e+02 1.61e-03  6.06e-03  9814s
  16   2.11801253e+00  2.77952883e+01  5.67e+02 1.15e-03  5.38e-03  9851s
  17   2.11122862e+00  1.96532894e+01  5.27e+02 8.87e-04  6.18e-03  9894s
  18   2.10982054e+00  1.69220818e+01  5.24e+02 8.08e-04  6.77e-03  9931s
  19   2.10542485e+00  1.47163130e+01  5.17e+02 7.37e-04  7.12e-03  9976s
  20   2.06152834e+00  1.23148081e+01  4.66e+02 6.26e-04  6.59e-03  10030s
  21   2.00467299e+00  1.08341648e+01  4.02e+02 3.95e-04  4.43e-03  10084s
  22   1.96833736e+00  8.54134207e+00  3.62e+02 2.74e-04  3.71e-03  10129s
  23   1.92128840e+00  7.57507497e+00  3.09e+02 2.01e-04  2.77e-03  10182s
  24   1.87284165e+00  6.49515160e+00  2.54e+02 1.32e-04  1.78e-03  10236s
  25   1.78111221e+00  5.21247291e+00  1.49e+02 8.52e-05  8.63e-04  10289s
  26   1.71398934e+00  3.54166211e+00  6.78e+01 4.00e-05  2.82e-04  10342s
  27   1.70718017e+00  3.00949088e+00  6.02e+01 2.73e-05  2.05e-04  10396s
  28   1.69833132e+00  2.86981669e+00  5.28e+01 2.43e-05  1.71e-04  10449s
  29   1.66393112e+00  2.62193341e+00  3.21e+01 1.91e-05  9.49e-05  10503s
  30   1.62719917e+00  2.34740468e+00  1.63e+01 1.39e-05  4.38e-05  10558s
  31   1.61170558e+00  2.15874622e+00  9.88e+00 1.03e-05  2.48e-05  10614s
  32   1.60348768e+00  1.99544982e+00  6.52e+00 7.31e-06  1.47e-05  10676s
  33   1.59375146e+00  1.88439731e+00  3.81e+00 5.33e-06  8.31e-06  10730s
  34   1.58442222e+00  1.82912765e+00  2.59e+00 4.40e-06  5.86e-06  10773s
  35   1.57505259e+00  1.81113632e+00  1.85e+00 4.10e-06  4.74e-06  10827s
  36   1.56486971e+00  1.77261954e+00  1.41e+00 3.51e-06  3.84e-06  10893s
  37   1.55511502e+00  1.74428821e+00  1.16e+00 3.10e-06  3.30e-06  10960s
  38   1.54209574e+00  1.70677657e+00  8.88e-01 2.62e-06  2.71e-06  11028s
  39   1.52025716e+00  1.64927970e+00  6.01e-01 1.94e-06  1.96e-06  11087s
  40   1.50695384e+00  1.61136715e+00  4.44e-01 1.52e-06  1.48e-06  11161s
  41   1.49913369e+00  1.58383629e+00  3.29e-01 1.22e-06  1.12e-06  11238s
  42   1.49715155e+00  1.56391414e+00  2.66e-01 9.66e-07  8.56e-07  11316s
  43   1.49414011e+00  1.55570549e+00  1.85e-01 8.59e-07  7.05e-07  11407s
  44   1.49316393e+00  1.54465572e+00  1.34e-01 7.13e-07  5.51e-07  11500s
  45   1.49328475e+00  1.53672574e+00  1.00e-01 5.98e-07  4.40e-07  11605s
  46   1.49381385e+00  1.53254230e+00  8.84e-02 5.29e-07  3.83e-07  11711s
  47   1.49622436e+00  1.52606985e+00  6.35e-02 4.17e-07  2.85e-07  11820s
  48   1.49836467e+00  1.52195694e+00  5.02e-02 3.37e-07  2.23e-07  11899s
  49   1.50067244e+00  1.51916510e+00  4.24e-02 2.60e-07  1.68e-07  12022s
  50   1.50430445e+00  1.51778952e+00  3.12e-02 1.91e-07  1.18e-07  12148s
  51   1.50936991e+00  1.51780584e+00  1.98e-02 1.53e-07  8.72e-08  12292s
  52   1.51306553e+00  1.51884729e+00  1.50e-02 1.11e-07  6.13e-08  12470s
  53   1.52009014e+00  1.52028503e+00  9.33e-03 9.32e-08  4.65e-08  12698s
  54   1.52350047e+00  1.52608919e+00  7.91e-03 6.02e-08  3.27e-08  12899s
  55   1.52777929e+00  1.52978396e+00  6.29e-03 4.58e-08  2.58e-08  13195s
  56   1.52907417e+00  1.53070613e+00  5.96e-03 4.29e-08  2.43e-08  13313s
  57   1.53005297e+00  1.53156113e+00  5.64e-03 4.06e-08  2.32e-08  13403s
  58   1.53195434e+00  1.53504301e+00  5.09e-03 3.17e-08  2.00e-08  13617s
  59   1.53221923e+00  1.53507528e+00  5.01e-03 3.16e-08  1.98e-08  13691s
  60   1.53222849e+00  1.53508349e+00  5.00e-03 3.16e-08  1.98e-08  13741s
  61   1.53306269e+00  1.53622738e+00  4.73e-03 2.88e-08  1.83e-08  13869s
  62   1.53332484e+00  1.53684994e+00  4.65e-03 2.72e-08  1.78e-08  13982s
  63   1.53540139e+00  1.53811270e+00  4.01e-03 2.42e-08  1.58e-08  14116s
  64   1.53576262e+00  1.53926051e+00  3.89e-03 2.15e-08  1.49e-08  14187s
  65   1.53606895e+00  1.53954369e+00  3.80e-03 2.08e-08  1.45e-08  14248s
  66   1.53645316e+00  1.53976951e+00  3.68e-03 2.03e-08  1.41e-08  14352s
  67   1.53696961e+00  1.54044644e+00  3.51e-03 1.87e-08  1.34e-08  14450s
  68   1.53701565e+00  1.54090915e+00  3.50e-03 1.76e-08  1.31e-08  14564s
  69   1.53749840e+00  1.54155986e+00  3.34e-03 1.62e-08  1.23e-08  14670s
  70   1.53800253e+00  1.54202973e+00  3.18e-03 1.50e-08  1.17e-08  14741s
  71   1.53867473e+00  1.54257152e+00  2.96e-03 1.37e-08  1.08e-08  14819s
  72   1.53898878e+00  1.54289464e+00  2.86e-03 1.27e-08  1.04e-08  14905s
  73   1.53962129e+00  1.54328348e+00  2.64e-03 1.17e-08  9.60e-09  15010s
  74   1.54019462e+00  1.54372836e+00  2.45e-03 1.05e-08  8.84e-09  15136s
  75   1.54088212e+00  1.54424136e+00  2.21e-03 9.10e-09  7.92e-09  15233s
  76   1.54170275e+00  1.54468567e+00  1.91e-03 7.79e-09  6.91e-09  15370s
  77   1.54170377e+00  1.54495165e+00  1.91e-03 6.91e-09  6.62e-09  15428s
  78   1.54200282e+00  1.54516948e+00  1.80e-03 6.82e-09  6.13e-09  15528s
  79   1.54254440e+00  1.54536449e+00  1.60e-03 5.98e-09  5.46e-09  15609s
  80   1.54296259e+00  1.54547101e+00  1.44e-03 5.74e-09  5.01e-09  15721s
  81   1.54310680e+00  1.54560708e+00  1.39e-03 5.27e-09  4.79e-09  15784s
  82   1.54373762e+00  1.54587638e+00  1.20e-03 4.58e-09  4.09e-09  15871s
  83   1.54385063e+00  1.54616102e+00  1.16e-03 3.37e-09  3.76e-09  15977s
  84   1.54414259e+00  1.54637149e+00  1.07e-03 3.00e-09  3.35e-09  16040s
  85   1.54483350e+00  1.54668664e+00  8.38e-04 1.95e-09  2.54e-09  16132s
  86   1.54532448e+00  1.54682187e+00  6.68e-04 1.72e-09  2.00e-09  16224s
  87   1.54536005e+00  1.54688184e+00  6.55e-04 2.04e-09  1.89e-09  16298s
  88   1.54538941e+00  1.54694535e+00  6.45e-04 1.69e-09  1.77e-09  16360s
  89   1.54568021e+00  1.54697148e+00  5.37e-04 1.43e-09  1.50e-09  16439s
  90   1.54571409e+00  1.54700504e+00  5.25e-04 1.25e-09  1.41e-09  16501s
  91   1.54573997e+00  1.54701757e+00  5.15e-04 1.07e-09  1.34e-09  16592s
  92   1.54579951e+00  1.54703181e+00  4.92e-04 1.12e-09  1.25e-09  16655s
  93   1.54581073e+00  1.54703769e+00  4.88e-04 1.02e-09  1.21e-09  16727s
  94   1.54591055e+00  1.54704043e+00  4.49e-04 2.58e-09  1.10e-09  16801s
  95   1.54595374e+00  1.54704179e+00  4.32e-04 1.86e-09  1.05e-09  16872s
  96   1.54607209e+00  1.54704230e+00  3.85e-04 2.38e-09  9.47e-10  16957s
  97   1.54611295e+00  1.54705213e+00  3.70e-04 1.71e-09  9.10e-10  17050s
  98   1.54634027e+00  1.54705983e+00  2.83e-04 5.12e-10  7.11e-10  17131s
  99   1.54634175e+00  1.54706557e+00  2.82e-04 2.37e-09  7.01e-10  17197s
 100   1.54644812e+00  1.54707191e+00  2.42e-04 6.74e-10  6.08e-10  17262s
 101   1.54647263e+00  1.54707206e+00  2.33e-04 4.25e-10  5.89e-10  17330s
 102   1.54652733e+00  1.54707364e+00  2.13e-04 1.34e-09  5.43e-10  17420s
 103   1.54653027e+00  1.54708061e+00  2.12e-04 1.32e-09  5.20e-10  17506s
 104   1.54654043e+00  1.54708294e+00  2.08e-04 4.03e-10  5.02e-10  17582s
 105   1.54664691e+00  1.54708334e+00  1.68e-04 4.12e-10  4.17e-10  17687s
 106   1.54666513e+00  1.54708386e+00  1.62e-04 7.05e-10  4.00e-10  17770s
 107   1.54666747e+00  1.54708485e+00  1.61e-04 6.76e-10  3.93e-10  17846s
 108   1.54669745e+00  1.54708780e+00  1.50e-04 5.94e-10  3.65e-10  17923s
 109   1.54669794e+00  1.54708861e+00  1.49e-04 1.15e-08  3.63e-10  17990s
 110   1.54673811e+00  1.54708969e+00  1.35e-04 1.10e-08  3.30e-10  18078s
 111   1.54676545e+00  1.54709410e+00  1.25e-04 9.38e-09  3.00e-10  18215s
 112   1.54676665e+00  1.54709437e+00  1.25e-04 9.44e-09  2.98e-10  18283s
 113   1.54676677e+00  1.54709446e+00  1.24e-04 1.01e-08  2.97e-10  18336s
 114   1.54678555e+00  1.54709656e+00  1.18e-04 1.37e-08  2.77e-10  18445s
 115   1.54679351e+00  1.54709909e+00  1.15e-04 6.61e-09  2.66e-10  18520s
 116   1.54679804e+00  1.54710002e+00  1.13e-04 9.27e-09  2.61e-10  18633s
 117   1.54679833e+00  1.54710049e+00  1.13e-04 9.58e-09  2.59e-10  18739s
 118   1.54679843e+00  1.54710200e+00  1.13e-04 7.63e-09  2.56e-10  18822s
 119   1.54680104e+00  1.54710213e+00  1.12e-04 9.43e-09  2.53e-10  18900s
 120   1.54680224e+00  1.54710374e+00  1.11e-04 7.77e-09  2.50e-10  18971s
 121   1.54680403e+00  1.54710378e+00  1.11e-04 6.93e-09  2.49e-10  19105s
 122   1.54680720e+00  1.54710418e+00  1.10e-04 5.31e-09  2.45e-10  19188s
 123   1.54680904e+00  1.54710427e+00  1.09e-04 5.03e-09  2.44e-10  19302s
 124   1.54680951e+00  1.54710439e+00  1.09e-04 3.63e-09  2.43e-10  19362s
 125   1.54681156e+00  1.54710585e+00  1.08e-04 2.27e-09  2.40e-10  19433s
 126   1.54681162e+00  1.54710591e+00  1.08e-04 7.76e-10  2.40e-10  19499s
 127   1.54684535e+00  1.54710604e+00  9.58e-05 5.41e-09  2.13e-10  19581s
 128   1.54684979e+00  1.54710598e+00  9.41e-05 2.85e-09  2.09e-10  19677s
 129   1.54685122e+00  1.54710590e+00  9.36e-05 3.87e-09  2.08e-10  19740s
 130   1.54685363e+00  1.54710592e+00  9.27e-05 5.21e-09  2.06e-10  19822s
 131   1.54685964e+00  1.54710603e+00  9.05e-05 2.64e-09  2.00e-10  19887s
 132   1.54686121e+00  1.54710608e+00  8.99e-05 7.39e-10  1.98e-10  19959s
 133   1.54687015e+00  1.54710637e+00  8.66e-05 4.91e-10  1.90e-10  20061s
 134   1.54687076e+00  1.54710648e+00  8.64e-05 3.70e-10  1.89e-10  20160s
 135   1.54687099e+00  1.54710650e+00  8.63e-05 1.28e-09  1.88e-10  20235s
 136   1.54687158e+00  1.54710650e+00  8.61e-05 3.75e-10  1.87e-10  20334s
 137   1.54687174e+00  1.54710647e+00  8.60e-05 5.01e-10  1.87e-10  20408s
 138   1.54687178e+00  1.54710645e+00  8.60e-05 4.99e-10  1.86e-10  20485s
 139   1.54687193e+00  1.54710645e+00  8.60e-05 1.58e-08  1.86e-10  20537s
 140   1.54687371e+00  1.54710646e+00  8.53e-05 1.56e-08  1.85e-10  20611s
 141   1.54688941e+00  1.54710632e+00  7.95e-05 1.45e-08  1.72e-10  20704s
 142   1.54689016e+00  1.54710626e+00  7.92e-05 1.34e-08  1.71e-10  20861s
 143   1.54689121e+00  1.54710618e+00  7.89e-05 1.12e-08  1.70e-10  20959s
 144   1.54695221e+00  1.54710618e+00  5.63e-05 1.09e-08  1.22e-10  21063s
 145   1.54696781e+00  1.54710614e+00  5.05e-05 1.06e-08  1.10e-10  21154s
 146   1.54697933e+00  1.54710603e+00  1.06e-04 5.64e-08  1.02e-10  21230s
 147   1.54697960e+00  1.54710598e+00  1.06e-04 4.44e-08  1.02e-10  21308s
 148   1.54697981e+00  1.54710592e+00  1.06e-04 4.03e-08  1.02e-10  21391s
 149   1.54698189e+00  1.54710583e+00  1.04e-04 7.78e-09  9.99e-11  21487s
 150   1.54698205e+00  1.54710580e+00  1.04e-04 7.32e-09  9.97e-11  21570s
 151   1.54698409e+00  1.54710578e+00  1.02e-04 5.98e-09  9.80e-11  21684s
 152   1.54698413e+00  1.54710576e+00  1.02e-04 6.00e-09  9.79e-11  21806s
 153   1.54698715e+00  1.54710577e+00  9.97e-05 5.89e-09  9.56e-11  21885s
 154   1.54698734e+00  1.54710572e+00  9.95e-05 4.02e-09  9.53e-11  21963s
 155   1.54698802e+00  1.54710564e+00  9.89e-05 3.20e-09  9.47e-11  22048s
 156   1.54698877e+00  1.54710556e+00  9.83e-05 2.90e-09  9.40e-11  22139s
 157   1.54698910e+00  1.54710551e+00  9.80e-05 2.24e-09  9.36e-11  22244s
 158   1.54698986e+00  1.54710556e+00  9.74e-05 1.90e-09  9.30e-11  22417s
 159   1.54698997e+00  1.54710551e+00  9.73e-05 2.13e-09  9.29e-11  22526s
 160   1.54699030e+00  1.54710549e+00  9.70e-05 2.63e-09  9.26e-11  22638s
 161   1.54699131e+00  1.54710547e+00  9.61e-05 2.43e-09  9.18e-11  22716s
 162   1.54699146e+00  1.54710543e+00  9.60e-05 1.39e-09  9.16e-11  22796s
 163   1.54699368e+00  1.54710536e+00  9.41e-05 1.22e-09  8.98e-11  22896s
 164   1.54699522e+00  1.54710527e+00  9.28e-05 1.12e-09  8.85e-11  23007s
 165   1.54699547e+00  1.54710523e+00  9.26e-05 1.08e-09  8.82e-11  23084s
 166   1.54699896e+00  1.54710513e+00  8.96e-05 9.64e-10  8.53e-11  23210s
 167   1.54700450e+00  1.54710503e+00  8.49e-05 8.56e-10  8.08e-11  23341s
 168   1.54700709e+00  1.54710491e+00  8.27e-05 7.21e-10  7.86e-11  23468s
 169   1.54700711e+00  1.54710490e+00  8.26e-05 7.09e-10  7.86e-11  23558s
 170   1.54700740e+00  1.54710503e+00  8.24e-05 1.60e-09  7.85e-11  23631s
 171   1.54700957e+00  1.54710491e+00  8.06e-05 1.68e-09  7.67e-11  23721s
 172   1.54701217e+00  1.54710481e+00  7.83e-05 1.17e-09  7.45e-11  23869s
 173   1.54701469e+00  1.54710472e+00  7.62e-05 6.44e-10  7.24e-11  24001s
 174   1.54701832e+00  1.54710461e+00  7.31e-05 3.27e-10  6.94e-11  24119s
 175   1.54701945e+00  1.54710457e+00  7.21e-05 4.61e-10  6.85e-11  24296s
 176   1.54701973e+00  1.54710452e+00  7.19e-05 3.34e-10  6.82e-11  24415s
 177   1.54702009e+00  1.54710449e+00  7.16e-05 4.18e-10  6.79e-11  24522s
 178   1.54702045e+00  1.54710443e+00  7.13e-05 5.00e-10  6.76e-11  24629s
 179   1.54702057e+00  1.54710438e+00  7.12e-05 8.98e-10  6.74e-11  24707s
 180   1.54702081e+00  1.54710444e+00  7.10e-05 1.20e-09  6.73e-11  24803s
 181   1.54702096e+00  1.54710442e+00  7.08e-05 1.21e-09  6.71e-11  24879s
 182   1.54702159e+00  1.54710436e+00  7.03e-05 1.12e-09  6.66e-11  24991s
 183   1.54702178e+00  1.54710436e+00  7.02e-05 8.65e-10  6.64e-11  25081s
 184   1.54702202e+00  1.54710441e+00  7.00e-05 1.21e-09  6.63e-11  25163s
 185   1.54702220e+00  1.54710438e+00  6.98e-05 7.11e-10  6.61e-11  25269s
 186   1.54702238e+00  1.54710432e+00  6.96e-05 7.86e-10  6.59e-11  25343s
 187   1.54702533e+00  1.54710428e+00  6.71e-05 6.39e-10  6.35e-11  25466s
 188   1.54703828e+00  1.54710422e+00  5.61e-05 7.88e-10  5.31e-11  25599s
 189   1.54703840e+00  1.54710423e+00  5.60e-05 8.70e-10  5.30e-11  25746s
 190   1.54703997e+00  1.54710418e+00  5.46e-05 5.63e-10  5.17e-11  25993s
 191   1.54704116e+00  1.54710414e+00  5.36e-05 5.61e-10  5.07e-11  26161s
 192   1.54704123e+00  1.54710419e+00  5.35e-05 1.87e-09  5.07e-11  26256s
 193   1.54704139e+00  1.54710417e+00  5.34e-05 9.25e-10  5.06e-11  26352s
 194   1.54704161e+00  1.54710412e+00  5.32e-05 6.13e-10  5.03e-11  26459s
 195   1.54704183e+00  1.54710411e+00  5.30e-05 6.24e-10  5.02e-11  26589s
 196   1.54704209e+00  1.54710409e+00  5.28e-05 7.20e-10  4.99e-11  26678s
 197   1.54704326e+00  1.54710408e+00  5.18e-05 9.78e-10  4.90e-11  26832s
 198   1.54704351e+00  1.54710408e+00  5.16e-05 9.32e-10  4.88e-11  26938s
 199   1.54704353e+00  1.54710408e+00  5.16e-05 9.18e-10  4.88e-11  27054s
 200   1.54704374e+00  1.54710438e+00  5.14e-05 8.43e-10  4.88e-11  27144s
 201   1.54705055e+00  1.54710422e+00  4.56e-05 6.43e-10  4.32e-11  27232s
 202   1.54705076e+00  1.54710418e+00  4.54e-05 7.04e-10  4.31e-11  27326s
 203   1.54705098e+00  1.54710415e+00  4.52e-05 7.39e-10  4.29e-11  27448s
 204   1.54705123e+00  1.54710414e+00  4.50e-05 7.29e-10  4.26e-11  27570s
 205   1.54705279e+00  1.54710409e+00  4.37e-05 4.66e-10  4.14e-11  27685s
 206   1.54705379e+00  1.54710406e+00  4.28e-05 6.96e-10  4.05e-11  27794s
 207   1.54705661e+00  1.54710403e+00  4.04e-05 4.89e-10  3.82e-11  27900s
 208   1.54705694e+00  1.54710402e+00  4.02e-05 1.25e-09  3.80e-11  28042s
 209   1.54705707e+00  1.54710401e+00  4.00e-05 6.97e-10  3.78e-11  28193s
 210   1.54705732e+00  1.54710401e+00  3.98e-05 6.93e-10  3.76e-11  28306s
 211   1.54705772e+00  1.54710400e+00  3.95e-05 9.74e-10  3.73e-11  28444s
 212   1.54705798e+00  1.54710399e+00  3.93e-05 5.39e-10  3.71e-11  28559s
 213   1.54705835e+00  1.54710398e+00  3.89e-05 7.27e-10  3.68e-11  28741s
 214   1.54705879e+00  1.54710398e+00  3.86e-05 9.48e-10  3.64e-11  28838s
 215   1.54705942e+00  1.54710397e+00  3.80e-05 5.81e-10  3.59e-11  28987s
 216   1.54705992e+00  1.54710396e+00  3.76e-05 8.10e-10  3.55e-11  29102s
 217   1.54706033e+00  1.54710396e+00  3.73e-05 7.26e-10  3.52e-11  29216s
 218   1.54706061e+00  1.54710395e+00  3.70e-05 1.21e-09  3.50e-11  29308s
 219   1.54706115e+00  1.54710396e+00  3.66e-05 7.40e-10  3.45e-11  29430s
 220   1.54706177e+00  1.54710395e+00  3.60e-05 5.76e-10  3.40e-11  29527s
 221   1.54706259e+00  1.54710395e+00  3.53e-05 1.10e-09  3.34e-11  29687s
 222   1.54706353e+00  1.54710396e+00  3.45e-05 1.01e-09  3.26e-11  29809s
 223   1.54706458e+00  1.54710396e+00  3.36e-05 1.01e-09  3.18e-11  29886s
 224   1.54706479e+00  1.54710395e+00  3.34e-05 8.33e-10  3.16e-11  29976s
 225   1.54706586e+00  1.54710395e+00  3.25e-05 6.03e-10  3.07e-11  30079s
 226   1.54706675e+00  1.54710394e+00  3.18e-05 6.20e-10  3.00e-11  30178s
 227   1.54706717e+00  1.54710393e+00  3.14e-05 7.74e-10  2.97e-11  30259s
 228   1.54706750e+00  1.54710393e+00  3.11e-05 7.77e-10  2.94e-11  30340s
 229   1.54706833e+00  1.54710393e+00  3.04e-05 1.05e-09  2.87e-11  30448s
 230   1.54706922e+00  1.54710393e+00  2.97e-05 7.17e-10  2.80e-11  30606s
 231   1.54706934e+00  1.54710392e+00  2.96e-05 9.11e-10  2.79e-11  30750s
 232   1.54706942e+00  1.54710392e+00  2.95e-05 8.29e-10  2.78e-11  30820s
 233   1.54707034e+00  1.54710392e+00  2.87e-05 7.59e-10  2.71e-11  30936s
 234   1.54707134e+00  1.54710392e+00  2.78e-05 9.82e-10  2.63e-11  31071s
 235   1.54707223e+00  1.54710392e+00  2.71e-05 7.03e-10  2.56e-11  31176s
 236   1.54707243e+00  1.54710393e+00  2.69e-05 7.08e-10  2.54e-11  31283s
 237   1.54707265e+00  1.54710393e+00  2.67e-05 8.99e-10  2.52e-11  31351s
 238   1.54707431e+00  1.54710392e+00  2.53e-05 7.84e-10  2.39e-11  31434s
 239   1.54707440e+00  1.54710392e+00  2.52e-05 7.81e-10  2.38e-11  31487s
 240   1.54707441e+00  1.54710408e+00  2.52e-05 8.63e-10  2.39e-11  31551s
 241   1.54707443e+00  1.54710416e+00  2.52e-05 1.31e-09  2.40e-11  31638s
 242   1.54707444e+00  1.54710424e+00  2.52e-05 8.25e-10  2.40e-11  31803s
 243   1.54707511e+00  1.54710711e+00  2.48e-05 5.64e-09  2.58e-11  31990s
 244   1.54707513e+00  1.54710671e+00  2.47e-05 3.26e-08  2.55e-11  32059s
 245   1.54707552e+00  1.54710624e+00  2.44e-05 6.02e-09  2.49e-11  32220s
 246   1.54707624e+00  1.54710510e+00  2.38e-05 3.37e-09  2.35e-11  32300s
 247   1.54707721e+00  1.54710460e+00  2.30e-05 2.82e-09  2.23e-11  32509s
 248   1.54707811e+00  1.54710438e+00  2.22e-05 2.26e-09  2.14e-11  32651s
 249   1.54707962e+00  1.54710431e+00  2.09e-05 1.67e-09  2.01e-11  32833s
 250   1.54708068e+00  1.54710415e+00  2.00e-05 9.43e-10  1.92e-11  33011s
 251   1.54708178e+00  1.54710405e+00  1.90e-05 1.31e-09  1.82e-11  33175s
 252   1.54708255e+00  1.54710403e+00  1.84e-05 9.88e-10  1.76e-11  33333s
 253   1.54708356e+00  1.54710398e+00  1.75e-05 9.75e-10  1.67e-11  33520s
 254   1.54708367e+00  1.54710397e+00  1.74e-05 8.38e-10  1.66e-11  33678s
 255   1.54708471e+00  1.54710395e+00  1.65e-05 1.29e-09  1.57e-11  33805s
 256   1.54708647e+00  1.54710395e+00  1.50e-05 1.02e-09  1.43e-11  33994s
 257   1.54708711e+00  1.54710393e+00  1.45e-05 1.28e-09  1.38e-11  34143s
 258   1.54708760e+00  1.54710392e+00  1.40e-05 1.32e-09  1.34e-11  34313s
 259   1.54708865e+00  1.54710392e+00  1.31e-05 1.17e-09  1.25e-11  34401s
 260   1.54708957e+00  1.54710393e+00  1.23e-05 1.36e-09  1.17e-11  34451s
 261   1.54708977e+00  1.54710392e+00  1.22e-05 8.71e-10  1.16e-11  34611s
 262   1.54709006e+00  1.54710392e+00  1.19e-05 9.43e-10  1.13e-11  34716s
 263   1.54709020e+00  1.54710392e+00  1.18e-05 1.02e-09  1.12e-11  34776s
 264   1.54709032e+00  1.54710392e+00  1.17e-05 1.01e-09  1.11e-11  34823s
 265   1.54709049e+00  1.54710392e+00  1.16e-05 1.58e-09  1.10e-11  34929s
 266   1.54709065e+00  1.54710392e+00  1.14e-05 1.13e-09  1.09e-11  34982s
 267   1.54709066e+00  1.54710393e+00  1.14e-05 1.22e-09  1.09e-11  35107s
 268   1.54709103e+00  1.54710393e+00  1.11e-05 1.31e-09  1.06e-11  35191s
 269   1.54709145e+00  1.54710393e+00  1.07e-05 1.45e-09  1.02e-11  35274s
 270   1.54709148e+00  1.54710393e+00  1.07e-05 1.45e-09  1.02e-11  35325s
 271   1.54709149e+00  1.54710395e+00  1.07e-05 1.07e-09  1.02e-11  35474s
 272   1.54709162e+00  1.54710404e+00  1.06e-05 1.50e-09  1.02e-11  35544s
 273   1.54709308e+00  1.54710403e+00  9.36e-06 1.83e-09  9.01e-12  35623s
 274   1.54709428e+00  1.54710400e+00  8.32e-06 1.26e-09  8.02e-12  35806s
 275   1.54709695e+00  1.54710400e+00  6.03e-06 7.97e-10  5.85e-12  35918s
 276   1.54709707e+00  1.54710399e+00  5.92e-06 1.57e-09  5.74e-12  36059s
 277   1.54709802e+00  1.54710398e+00  5.11e-06 1.02e-09  4.96e-12  36191s
 278   1.54709815e+00  1.54710397e+00  5.00e-06 7.76e-10  4.85e-12  36293s
 279   1.54709846e+00  1.54710396e+00  4.73e-06 5.28e-10  4.58e-12  36391s
 280   1.54709931e+00  1.54710396e+00  4.00e-06 4.87e-10  3.88e-12  36542s
 281   1.54709945e+00  1.54710395e+00  3.88e-06 6.79e-10  3.77e-12  36590s
 282   1.54710033e+00  1.54710395e+00  3.11e-06 7.02e-10  3.03e-12  36647s
 283   1.54710071e+00  1.54710394e+00  2.79e-06 9.41e-10  2.71e-12  36693s
 284   1.54710089e+00  1.54710393e+00  2.63e-06 6.08e-10  2.55e-12  36740s
 285   1.54710092e+00  1.54710393e+00  2.61e-06 4.72e-10  2.53e-12  36803s
 286   1.54710140e+00  1.54710392e+00  2.19e-06 5.75e-10  2.12e-12  36865s
 287   1.54710153e+00  1.54710392e+00  2.07e-06 1.09e-09  2.01e-12  36916s
 288   1.54710172e+00  1.54710391e+00  1.91e-06 1.17e-09  1.85e-12  36966s
 289   1.54710203e+00  1.54710393e+00  1.64e-06 2.11e-09  1.59e-12  37020s
 290   1.54710206e+00  1.54710392e+00  1.62e-06 1.12e-09  1.57e-12  37062s
 291   1.54710215e+00  1.54710393e+00  1.54e-06 9.93e-10  1.49e-12  37131s
 292   1.54710215e+00  1.54710393e+00  1.54e-06 1.11e-09  1.49e-12  37173s
 293   1.54710216e+00  1.54710394e+00  1.53e-06 1.10e-09  1.49e-12  37209s
 294   1.54710238e+00  1.54710393e+00  1.34e-06 1.17e-09  1.31e-12  37270s
 295   1.54710245e+00  1.54710393e+00  1.28e-06 7.53e-10  1.25e-12  37326s
 296   1.54710246e+00  1.54710392e+00  1.26e-06 5.67e-10  1.23e-12  37399s
 297   1.54710253e+00  1.54710392e+00  1.20e-06 5.16e-10  1.17e-12  37451s
 298   1.54710257e+00  1.54710392e+00  1.17e-06 8.41e-10  1.14e-12  37510s
 299   1.54710259e+00  1.54710392e+00  1.16e-06 5.94e-10  1.12e-12  37603s
 300   1.54710267e+00  1.54710392e+00  1.09e-06 8.59e-10  1.05e-12  37655s
 301   1.54710276e+00  1.54710392e+00  1.01e-06 1.02e-09  9.79e-13  37739s
 302   1.54710279e+00  1.54710392e+00  9.81e-07 1.18e-09  9.53e-13  37783s
 303   1.54710280e+00  1.54710392e+00  9.72e-07 8.45e-10  9.44e-13  37821s
 304   1.54710286e+00  1.54710392e+00  9.19e-07 1.01e-09  8.92e-13  37865s
 305   1.54710298e+00  1.54710392e+00  8.15e-07 9.46e-10  7.93e-13  37917s
 306   1.54710306e+00  1.54710391e+00  7.46e-07 6.28e-10  7.25e-13  37999s
 307   1.54710312e+00  1.54710391e+00  6.91e-07 5.43e-10  6.72e-13  38068s
 308   1.54710318e+00  1.54710391e+00  6.41e-07 5.01e-10  6.24e-13  38114s
 309   1.54710318e+00  1.54710391e+00  6.39e-07 5.54e-10  6.21e-13  38160s
 310   1.54710320e+00  1.54710391e+00  6.21e-07 6.39e-10  6.03e-13  38231s
 311   1.54710320e+00  1.54710391e+00  6.20e-07 8.90e-10  6.02e-13  38279s
 312   1.54710321e+00  1.54710392e+00  6.19e-07 2.29e-09  6.09e-13  38360s
 313   1.54710323e+00  1.54710391e+00  5.95e-07 8.04e-10  5.85e-13  38411s
 314   1.54710324e+00  1.54710391e+00  5.89e-07 7.89e-10  5.76e-13  38477s
 315   1.54710349e+00  1.54710391e+00  3.69e-07 7.61e-10  3.63e-13  38550s
 316   1.54710351e+00  1.54710391e+00  3.50e-07 1.81e-09  3.44e-13  38613s
 317   1.54710357e+00  1.54710391e+00  2.96e-07 1.46e-09  2.91e-13  38683s
 318   1.54710361e+00  1.54710391e+00  2.63e-07 1.26e-09  2.58e-13  38795s
 319   1.54710361e+00  1.54710391e+00  2.60e-07 1.22e-09  2.55e-13  38868s
 320   1.54710362e+00  1.54710391e+00  2.55e-07 1.14e-09  2.50e-13  38916s
 321   1.54710364e+00  1.54710391e+00  2.38e-07 9.97e-10  2.33e-13  38962s
 322   1.54710365e+00  1.54710391e+00  2.28e-07 9.18e-10  2.24e-13  39008s
 323   1.54710365e+00  1.54710391e+00  2.28e-07 9.88e-10  2.23e-13  39060s
 324   1.54710365e+00  1.54710391e+00  2.28e-07 1.03e-09  2.25e-13  39100s
 325   1.54710365e+00  1.54710391e+00  2.27e-07 1.05e-08  2.26e-13  39178s
 326   1.54710367e+00  1.54710390e+00  2.12e-07 9.77e-09  2.09e-13  39274s

Barrier solved model in 326 iterations and 39274.05 seconds (26211.29 work units)
Optimal objective 1.54710367e+00

