Set parameter Username
Academic license - for non-commercial use only - expires 2027-02-09
Set parameter Threads to value 4
Set parameter Method to value 2
Set parameter BarOrder to value 1
Set parameter BarHomogeneous to value 1
Set parameter NumericFocus to value 2
Set parameter Crossover to value 0
Gurobi Optimizer version 9.5.1 build v9.5.1rc2 (linux64)
Thread count: 32 physical cores, 64 logical processors, using up to 4 threads
Optimize a model with 2898516 rows, 1445628 columns and 19724581 nonzeros
Model fingerprint: 0x2ebd8052
Coefficient statistics:
  Matrix range     [2e-04, 3e+00]
  Objective range  [1e+00, 1e+00]
  Bounds range     [0e+00, 0e+00]
  RHS range        [7e-04, 1e+00]
Presolve removed 1207075 rows and 1310000 columns (presolve time = 5s) ...
Presolve removed 1253767 rows and 1460397 columns (presolve time = 11s) ...
Presolve removed 1253767 rows and 1460397 columns
Presolve time: 13.64s
Presolved: 191861 rows, 1438119 columns, 9628119 nonzeros
Ordering time: 0.36s

Barrier statistics:
 Dense cols : 131
 AA' NZ     : 1.437e+06
 Factor NZ  : 5.026e+06 (roughly 700 MB of memory)
 Factor Ops : 3.188e+08 (less than 1 second per iteration)
 Threads    : 4

                  Objective                Residual
Iter       Primal          Dual         Primal    Dual     Compl     Time
   0   2.87286826e+08  0.00000000e+00  1.36e+07 0.00e+00  1.00e+06    17s
   1   1.65298405e+08 -9.21903462e+00  7.79e+06 7.83e+02  6.33e+05    19s
   2   5.23744700e+07 -2.12888872e+01  2.46e+06 6.37e+02  3.01e+05    20s
   3   2.30571979e+07 -1.45462191e+01  1.08e+06 4.66e+02  1.82e+05    22s
   4   1.45248291e+07 -5.33839628e-01  6.83e+05 3.32e+02  1.40e+05    24s
   5   8.29588786e+06  1.00410679e+02  3.89e+05 1.56e+02  7.30e+04    26s
   6   5.81237316e+06  1.61145822e+02  2.72e+05 1.07e+02  4.85e+04    27s
   7   4.20638995e+06  2.22780501e+02  1.97e+05 7.91e+01  3.06e+04    29s
   8   3.54685952e+06  2.44269227e+02  1.66e+05 6.35e+01  2.49e+04    31s
   9   2.38651075e+06  2.56648463e+02  1.11e+05 5.54e+01  1.88e+04    33s
  10   1.57173110e+06  2.70493824e+02  7.32e+04 4.47e+01  1.24e+04    35s
  11   1.37076414e+06  2.66091786e+02  6.38e+04 4.11e+01  1.09e+04    37s
  12   9.92313090e+05  2.56613689e+02  4.61e+04 3.94e+01  9.09e+03    40s
  13   7.38134192e+05  2.04284379e+02  3.43e+04 3.10e+01  6.56e+03    43s
  14   5.16143775e+05  1.40802917e+02  2.39e+04 2.23e+01  4.13e+03    46s
  15   1.46805392e+05  6.46412120e+01  6.75e+03 1.15e+01  8.89e+02    49s
  16   1.75617371e+04  6.27785568e+00  8.05e+02 9.44e-01  9.85e+00    53s
  17   5.65306214e+02  1.72766919e+00  2.59e+01 1.47e-02  6.59e-03    56s
  18   3.06199219e+02  1.68599335e+00  1.40e+01 9.12e-03  3.02e-03    59s
  19   1.75738944e+02  1.65277811e+00  7.99e+00 5.33e-03  1.41e-03    62s
  20   1.07061513e+02  1.60395011e+00  4.84e+00 2.56e-03  6.10e-04    66s
  21   7.44211394e+01  1.55547220e+00  3.34e+00 1.25e-03  3.14e-04    68s
  22   4.63620338e+01  1.50756349e+00  2.06e+00 6.84e-04  1.74e-04    72s
  23   3.02127749e+01  1.47916573e+00  1.32e+00 4.80e-04  1.10e-04    75s
  24   2.32049575e+01  1.46590159e+00  9.98e-01 3.86e-04  8.14e-05    77s
  25   2.17112200e+01  1.46274067e+00  9.29e-01 3.56e-04  7.47e-05    79s
  26   2.11862122e+01  1.45890891e+00  9.05e-01 3.16e-04  6.90e-05    81s
  27   1.92976302e+01  1.45799730e+00  8.18e-01 3.03e-04  6.09e-05    83s
  28   1.68344906e+01  1.45688273e+00  7.05e-01 2.90e-04  5.13e-05    85s
  29   1.38344821e+01  1.45442405e+00  5.68e-01 1.66e-04  3.41e-05    86s
  30   8.49678487e+00  1.45493409e+00  3.23e-01 8.73e-05  1.62e-05    88s
  31   6.52897423e+00  1.46383205e+00  2.33e-01 5.16e-05  1.02e-05    90s
  32   5.48365049e+00  1.46525227e+00  1.84e-01 4.53e-05  7.99e-06    92s
  33   5.00825928e+00  1.46730633e+00  1.62e-01 4.01e-05  6.93e-06    94s
  34   3.88931180e+00  1.46988755e+00  1.11e-01 3.67e-05  4.74e-06    96s
  35   3.31618318e+00  1.47627179e+00  8.39e-02 2.63e-05  3.43e-06    99s
  36   3.03090348e+00  1.49138172e+00  7.06e-02 1.42e-05  2.43e-06   102s
  37   2.34938169e+00  1.49590701e+00  3.87e-02 1.20e-05  1.40e-06   106s
  38   2.19010909e+00  1.50501525e+00  3.12e-02 9.04e-06  1.04e-06   109s
  39   1.95922587e+00  1.51218536e+00  2.01e-02 7.00e-06  7.06e-07   113s
  40   1.86397679e+00  1.52911026e+00  1.54e-02 3.27e-06  4.71e-07   116s
  41   1.74267190e+00  1.53416897e+00  9.44e-03 2.55e-06  3.30e-07   119s
  42   1.66603507e+00  1.53924917e+00  5.66e-03 1.73e-06  2.17e-07   123s
  43   1.61242864e+00  1.54345551e+00  3.05e-03 9.84e-07  1.23e-07   127s
  44   1.58839972e+00  1.54472481e+00  1.90e-03 7.06e-07  8.46e-08   130s
  45   1.58184097e+00  1.54517553e+00  1.59e-03 5.92e-07  7.15e-08   132s
  46   1.58052486e+00  1.54560023e+00  1.52e-03 5.24e-07  6.52e-08   134s
  47   1.57549218e+00  1.54621773e+00  1.28e-03 4.04e-07  5.30e-08   136s
  48   1.56816889e+00  1.54667797e+00  9.37e-04 3.04e-07  4.00e-08   139s
  49   1.56533261e+00  1.54720801e+00  8.03e-04 1.93e-07  3.07e-08   141s
  50   1.55948094e+00  1.54746142e+00  5.28e-04 1.32e-07  2.11e-08   144s
  51   1.55602750e+00  1.54764003e+00  3.68e-04 7.48e-08  1.47e-08   148s
  52   1.55300145e+00  1.54780879e+00  2.28e-04 3.48e-08  9.02e-09   154s
  53   1.55259519e+00  1.54785855e+00  2.09e-04 2.79e-08  7.94e-09   159s
  54   1.55217367e+00  1.54790821e+00  1.89e-04 2.29e-08  6.93e-09   163s
  55   1.55113225e+00  1.54797565e+00  1.41e-04 1.36e-08  5.01e-09   167s
  56   1.54984024e+00  1.54802762e+00  8.04e-05 8.02e-09  2.94e-09   171s
  57   1.54965707e+00  1.54804875e+00  7.19e-05 5.67e-09  2.50e-09   176s
  58   1.54958036e+00  1.54805957e+00  6.83e-05 4.95e-09  2.30e-09   179s
  59   1.54950887e+00  1.54807471e+00  6.49e-05 3.79e-09  2.06e-09   182s
  60   1.54898109e+00  1.54808990e+00  4.02e-05 2.53e-09  1.31e-09   186s
  61   1.54866943e+00  1.54810182e+00  2.56e-05 1.48e-09  8.28e-10   192s
  62   1.54861615e+00  1.54810839e+00  2.31e-05 8.35e-10  6.99e-10   200s
  63   1.54859328e+00  1.54811202e+00  2.21e-05 5.34e-10  6.33e-10   205s
  64   1.54856056e+00  1.54811437e+00  2.06e-05 3.29e-10  5.70e-10   209s
  65   1.54855307e+00  1.54811570e+00  2.02e-05 2.31e-10  5.47e-10   212s
  66   1.54837775e+00  1.54811669e+00  1.20e-05 1.38e-10  3.30e-10   215s
  67   1.54827405e+00  1.54811712e+00  7.22e-06 1.05e-10  2.02e-10   222s
  68   1.54822643e+00  1.54811740e+00  5.01e-06 8.29e-11  1.42e-10   226s
  69   1.54820181e+00  1.54811772e+00  3.86e-06 5.86e-11  1.10e-10   230s
  70   1.54817985e+00  1.54811803e+00  2.84e-06 3.56e-11  8.01e-11   234s
  71   1.54817887e+00  1.54811809e+00  2.79e-06 3.19e-11  7.84e-11   239s
  72   1.54815834e+00  1.54811830e+00  1.84e-06 1.81e-11  5.16e-11   244s
  73   1.54815801e+00  1.54811841e+00  1.82e-06 1.18e-11  5.01e-11   247s
  74   1.54815760e+00  1.54811849e+00  1.80e-06 1.71e-11  4.87e-11   252s
  75   1.54815699e+00  1.54811853e+00  1.78e-06 1.19e-11  4.75e-11   256s
  76   1.54815585e+00  1.54811856e+00  1.72e-06 7.82e-12  4.59e-11   261s
  77   1.54815582e+00  1.54811857e+00  1.72e-06 2.16e-12  4.57e-11   265s
  78   1.54815566e+00  1.54811860e+00  1.71e-06 3.35e-12  4.53e-11   271s
  79   1.54815533e+00  1.54811861e+00  1.70e-06 5.25e-12  4.48e-11   278s
  80   1.54815476e+00  1.54811861e+00  1.67e-06 4.61e-12  4.40e-11   286s
  81   1.54815472e+00  1.54811862e+00  1.67e-06 4.18e-12  4.39e-11   293s
  82   1.54815452e+00  1.54811862e+00  1.66e-06 7.26e-12  4.37e-11   300s
  83   1.54815451e+00  1.54811862e+00  1.66e-06 4.98e-12  4.37e-11   308s
  84   1.54815443e+00  1.54811862e+00  1.66e-06 7.31e-12  4.36e-11   316s
  85   1.54815442e+00  1.54811862e+00  1.66e-06 2.36e-12  4.35e-11   324s
  86   1.54815437e+00  1.54811862e+00  1.65e-06 6.32e-13  4.35e-11   332s
  87   1.54815432e+00  1.54811862e+00  1.65e-06 4.09e-12  4.34e-11   340s
  88   1.54815426e+00  1.54811862e+00  1.65e-06 1.48e-11  4.33e-11   347s
  89   1.54815424e+00  1.54811862e+00  1.65e-06 3.28e-11  4.33e-11   354s
  90   1.54815423e+00  1.54811862e+00  1.65e-06 2.58e-11  4.33e-11   362s
  91   1.54815422e+00  1.54811862e+00  1.65e-06 5.49e-11  4.33e-11   368s
  92   1.54815419e+00  1.54811862e+00  1.65e-06 2.45e-11  4.33e-11   373s
  93   1.54815419e+00  1.54811862e+00  1.65e-06 1.70e-11  4.33e-11   378s
  94   1.54815369e+00  1.54811862e+00  1.62e-06 7.72e-12  4.26e-11   387s
  95   1.54815369e+00  1.54811862e+00  1.62e-06 3.72e-12  4.26e-11   394s
  96   1.54815369e+00  1.54811862e+00  1.62e-06 1.13e-11  4.26e-11   402s
  97   1.54815368e+00  1.54811861e+00  1.62e-06 3.19e-11  4.28e-11   410s
  98   1.54815347e+00  1.54811855e+00  1.61e-06 4.87e-11  4.31e-11   416s
  99   1.54815321e+00  1.54811858e+00  1.60e-06 1.94e-11  4.25e-11   425s
 100   1.54815235e+00  1.54811860e+00  1.56e-06 1.06e-12  4.12e-11   434s
 101   1.54815228e+00  1.54811861e+00  1.56e-06 4.28e-11  4.10e-11   441s
 102   1.54815227e+00  1.54811862e+00  1.56e-06 2.30e-11  4.10e-11   449s
 103   1.54815220e+00  1.54811862e+00  1.55e-06 2.24e-12  4.09e-11   455s
 104   1.54815220e+00  1.54811862e+00  1.55e-06 1.98e-12  4.09e-11   462s
 105   1.54815219e+00  1.54811862e+00  1.55e-06 6.57e-12  4.08e-11   470s
 106   1.54815218e+00  1.54811862e+00  1.55e-06 5.16e-13  4.08e-11   480s
 107   1.54815218e+00  1.54811862e+00  1.55e-06 8.36e-11  4.08e-11   489s
 108   1.54815218e+00  1.54811861e+00  1.55e-06 4.51e-11  4.10e-11   497s
 109   1.54815217e+00  1.54811852e+00  1.55e-06 1.32e-11  4.18e-11   511s
 110   1.54815214e+00  1.54811855e+00  1.55e-06 1.64e-11  4.15e-11   516s
 111   1.54815189e+00  1.54811858e+00  1.54e-06 6.15e-12  4.08e-11   523s
 112   1.54814977e+00  1.54811860e+00  1.44e-06 1.39e-12  3.81e-11   533s
 113   1.54814941e+00  1.54811861e+00  1.43e-06 7.02e-13  3.75e-11   540s
 114   1.54814936e+00  1.54811862e+00  1.42e-06 6.99e-11  3.74e-11   547s
 115   1.54814922e+00  1.54811862e+00  1.42e-06 3.54e-11  3.72e-11   556s
 116   1.54814922e+00  1.54811862e+00  1.42e-06 1.64e-10  3.73e-11   562s
 117   1.54814907e+00  1.54811862e+00  1.41e-06 3.90e-11  3.71e-11   570s
 118   1.54814906e+00  1.54811862e+00  1.41e-06 1.95e-11  3.70e-11   579s
 119   1.54814905e+00  1.54811861e+00  1.41e-06 2.25e-11  3.72e-11   584s
 120   1.54814898e+00  1.54811861e+00  1.41e-06 9.81e-12  3.70e-11   590s
 121   1.54814888e+00  1.54811862e+00  1.40e-06 4.98e-12  3.68e-11   598s
 122   1.54814887e+00  1.54811862e+00  1.40e-06 2.62e-12  3.68e-11   611s
 123   1.54814865e+00  1.54811862e+00  1.39e-06 1.25e-12  3.65e-11   617s
 124   1.54814857e+00  1.54811862e+00  1.39e-06 1.49e-11  3.64e-11   623s
 125   1.54814854e+00  1.54811862e+00  1.38e-06 7.16e-12  3.64e-11   628s
 126   1.54814853e+00  1.54811862e+00  1.38e-06 4.04e-12  3.64e-11   636s
 127   1.54814851e+00  1.54811862e+00  1.38e-06 9.89e-11  3.64e-11   642s
 128   1.54814851e+00  1.54811862e+00  1.38e-06 1.87e-11  3.64e-11   647s
 129   1.54814850e+00  1.54811861e+00  1.38e-06 1.18e-10  3.65e-11   654s
 130   1.54814849e+00  1.54811861e+00  1.38e-06 3.95e-11  3.64e-11   660s
 131   1.54814822e+00  1.54811862e+00  1.37e-06 4.83e-12  3.60e-11   667s
 132   1.54814820e+00  1.54811862e+00  1.37e-06 1.86e-11  3.60e-11   674s
 133   1.54814819e+00  1.54811862e+00  1.37e-06 4.28e-11  3.60e-11   678s
 134   1.54814819e+00  1.54811861e+00  1.37e-06 2.47e-11  3.60e-11   685s
 135   1.54814818e+00  1.54811853e+00  1.37e-06 9.97e-11  3.69e-11   694s
 136   1.54814810e+00  1.54811857e+00  1.36e-06 7.24e-12  3.63e-11   701s
 137   1.54814797e+00  1.54811860e+00  1.36e-06 3.65e-12  3.60e-11   708s
 138   1.54814726e+00  1.54811861e+00  1.33e-06 1.84e-12  3.50e-11   716s
 139   1.54814716e+00  1.54811862e+00  1.32e-06 1.75e-12  3.48e-11   726s
 140   1.54814646e+00  1.54811862e+00  1.29e-06 8.99e-13  3.39e-11   735s
 141   1.54814645e+00  1.54811862e+00  1.29e-06 1.51e-12  3.39e-11   739s
 142   1.54814553e+00  1.54811862e+00  1.25e-06 6.82e-13  3.28e-11   746s
 143   1.54814551e+00  1.54811862e+00  1.24e-06 1.64e-11  3.27e-11   755s
 144   1.54814551e+00  1.54811861e+00  1.24e-06 1.89e-11  3.28e-11   761s
 145   1.54814549e+00  1.54811855e+00  1.24e-06 1.03e-10  3.34e-11   770s
 146   1.54814534e+00  1.54811858e+00  1.24e-06 5.54e-11  3.29e-11   777s
 147   1.54814434e+00  1.54811860e+00  1.19e-06 2.10e-12  3.15e-11   783s
 148   1.54813758e+00  1.54811861e+00  8.77e-07 1.08e-12  2.32e-11   790s
 149   1.54813755e+00  1.54811862e+00  8.76e-07 6.82e-13  2.31e-11   795s
 150   1.54813754e+00  1.54811862e+00  8.75e-07 1.57e-12  2.31e-11   801s
 151   1.54813749e+00  1.54811862e+00  8.73e-07 8.93e-13  2.30e-11   805s
 152   1.54813742e+00  1.54811862e+00  8.70e-07 4.99e-13  2.29e-11   809s
 153   1.54813741e+00  1.54811862e+00  8.69e-07 1.65e-11  2.29e-11   812s
 154   1.54813727e+00  1.54811862e+00  8.63e-07 7.63e-12  2.27e-11   817s
 155   1.54813718e+00  1.54811862e+00  8.59e-07 2.43e-12  2.26e-11   820s
 156   1.54813698e+00  1.54811862e+00  8.49e-07 1.54e-12  2.23e-11   825s
 157   1.54813632e+00  1.54811862e+00  8.19e-07 6.38e-13  2.15e-11   830s
 158   1.54813613e+00  1.54811862e+00  8.10e-07 1.36e-12  2.13e-11   835s
 159   1.54813607e+00  1.54811862e+00  8.07e-07 1.03e-11  2.12e-11   840s
 160   1.54813602e+00  1.54811862e+00  8.05e-07 1.58e-11  2.12e-11   843s
 161   1.54813587e+00  1.54811862e+00  7.98e-07 9.46e-12  2.10e-11   846s
 162   1.54813586e+00  1.54811862e+00  7.98e-07 9.82e-12  2.10e-11   849s
 163   1.54813579e+00  1.54811862e+00  7.94e-07 7.75e-12  2.09e-11   851s
 164   1.54813578e+00  1.54811862e+00  7.94e-07 4.15e-11  2.09e-11   853s
 165   1.54813578e+00  1.54811862e+00  7.94e-07 4.31e-11  2.09e-11   858s
 166   1.54813578e+00  1.54811862e+00  7.94e-07 4.89e-11  2.09e-11   862s
 167   1.54813578e+00  1.54811862e+00  7.94e-07 4.84e-11  2.09e-11   867s
 168   1.54813578e+00  1.54811862e+00  7.94e-07 7.26e-11  2.09e-11   871s
 169   1.54813578e+00  1.54811862e+00  7.94e-07 6.01e-11  2.09e-11   877s
 170   1.54813576e+00  1.54811861e+00  7.93e-07 3.78e-10  2.10e-11   880s
 171   1.54813513e+00  1.54811862e+00  7.64e-07 1.93e-10  2.02e-11   886s
 172   1.54813500e+00  1.54811862e+00  7.58e-07 9.86e-11  2.00e-11   891s
 173   1.54813380e+00  1.54811862e+00  7.02e-07 4.96e-11  1.85e-11   898s
 174   1.54813371e+00  1.54811862e+00  6.98e-07 2.50e-11  1.84e-11   904s
 175   1.54813371e+00  1.54811862e+00  6.98e-07 2.49e-11  1.84e-11   913s
 176   1.54813366e+00  1.54811844e+00  6.96e-07 4.09e-09  2.01e-11   918s
 177   1.54812251e+00  1.54811860e+00  1.80e-07 4.37e-10  4.97e-12   927s
 178   1.54812225e+00  1.54811861e+00  1.68e-07 2.19e-10  4.55e-12   933s
 179   1.54812219e+00  1.54811862e+00  1.65e-07 1.10e-10  4.42e-12   937s
 180   1.54812188e+00  1.54811862e+00  1.51e-07 5.54e-11  4.02e-12   943s
 181   1.54812187e+00  1.54811862e+00  1.50e-07 3.74e-11  3.99e-12   947s
 182   1.54812165e+00  1.54811862e+00  1.40e-07 2.17e-11  3.71e-12   951s
 183   1.54812144e+00  1.54811862e+00  1.30e-07 1.59e-11  3.45e-12   954s
 184   1.54812128e+00  1.54811862e+00  1.23e-07 1.08e-11  3.26e-12   957s
 185   1.54812127e+00  1.54811862e+00  1.23e-07 7.93e-12  3.25e-12   961s
 186   1.54812123e+00  1.54811862e+00  1.21e-07 5.99e-12  3.20e-12   963s
 187   1.54812118e+00  1.54811862e+00  1.18e-07 5.16e-12  3.14e-12   970s
 188   1.54812103e+00  1.54811862e+00  1.11e-07 9.57e-12  2.94e-12   976s
 189   1.54812103e+00  1.54811862e+00  1.11e-07 7.73e-12  2.94e-12   980s
 190   1.54812098e+00  1.54811862e+00  1.09e-07 5.26e-12  2.89e-12   984s
 191   1.54812042e+00  1.54811862e+00  8.33e-08 3.52e-12  2.21e-12   987s
 192   1.54812035e+00  1.54811862e+00  7.98e-08 2.65e-12  2.11e-12   990s
 193   1.54812035e+00  1.54811862e+00  7.97e-08 4.55e-12  2.11e-12   994s
 194   1.54811991e+00  1.54811862e+00  5.96e-08 3.82e-12  1.58e-12  1000s
 195   1.54811991e+00  1.54811862e+00  5.95e-08 4.01e-12  1.57e-12  1003s
 196   1.54811978e+00  1.54811862e+00  5.33e-08 7.01e-12  1.41e-12  1006s
 197   1.54811976e+00  1.54811862e+00  5.28e-08 1.56e-12  1.40e-12  1009s
 198   1.54811976e+00  1.54811862e+00  5.26e-08 3.15e-12  1.39e-12  1013s
 199   1.54811971e+00  1.54811862e+00  5.01e-08 4.38e-12  1.33e-12  1016s
 200   1.54811970e+00  1.54811862e+00  4.99e-08 2.68e-12  1.32e-12  1020s
 201   1.54811969e+00  1.54811862e+00  4.94e-08 3.09e-12  1.31e-12  1023s
 202   1.54811969e+00  1.54811862e+00  4.94e-08 1.94e-12  1.31e-12  1028s
 203   1.54811969e+00  1.54811862e+00  4.94e-08 4.76e-12  1.31e-12  1031s
 204   1.54811969e+00  1.54811862e+00  4.94e-08 2.59e-12  1.31e-12  1034s
 205   1.54811969e+00  1.54811862e+00  4.94e-08 2.55e-12  1.31e-12  1037s
 206   1.54811969e+00  1.54811862e+00  4.94e-08 2.40e-12  1.31e-12  1042s
 207   1.54811969e+00  1.54811862e+00  4.94e-08 2.82e-12  1.31e-12  1047s
 208   1.54811969e+00  1.54811862e+00  4.94e-08 5.62e-12  1.31e-12  1051s
 209   1.54811969e+00  1.54811862e+00  4.94e-08 3.43e-12  1.31e-12  1054s
 210   1.54811969e+00  1.54811862e+00  4.94e-08 1.07e-11  1.31e-12  1057s
 211   1.54811969e+00  1.54811862e+00  4.94e-08 1.27e-11  1.31e-12  1060s

Barrier solved model in 211 iterations and 1059.84 seconds (779.99 work units)
Optimal objective 1.54811969e+00

