Set parameter Username
Academic license - for non-commercial use only - expires 2027-02-09
Set parameter Threads to value 4
Set parameter Method to value 2
Set parameter BarOrder to value 1
Set parameter BarHomogeneous to value 1
Set parameter NumericFocus to value 2
Set parameter Crossover to value 0
Gurobi Optimizer version 9.5.1 build v9.5.1rc2 (linux64)
Thread count: 32 physical cores, 64 logical processors, using up to 4 threads
Optimize a model with 5292535 rows, 5673230 columns and 30796633 nonzeros
Model fingerprint: 0x69cb25b5
Coefficient statistics:
  Matrix range     [5e-04, 3e+00]
  Objective range  [1e+00, 1e+00]
  Bounds range     [0e+00, 0e+00]
  RHS range        [7e-04, 1e+00]
Presolve removed 1754013 rows and 4619446 columns (presolve time = 5s) ...
Presolve removed 1757734 rows and 4623228 columns (presolve time = 18s) ...
Presolve removed 1765176 rows and 4623229 columns (presolve time = 20s) ...
Presolve removed 1765176 rows and 4623229 columns
Presolve time: 22.04s
Presolved: 3527359 rows, 1050001 columns, 22638832 nonzeros
Ordering time: 2.67s

Barrier statistics:
 Dense cols : 264
 AA' NZ     : 5.084e+07
 Factor NZ  : 7.712e+07 (roughly 2.0 GB of memory)
 Factor Ops : 4.816e+09 (less than 1 second per iteration)
 Threads    : 4

                  Objective                Residual
Iter       Primal          Dual         Primal    Dual     Compl     Time
   0   1.74294470e+01  2.50000000e+02  6.05e+07 6.25e-02  1.00e+06  1570s
   1   1.74294470e+00  2.55334193e+06  4.51e+07 3.39e+02  5.76e+05  1576s
   2   1.62276589e+01  5.00252026e+06  3.82e+07 1.68e+02  3.87e+05  1584s
   3   2.49972925e+01  4.78780556e+06  3.25e+07 1.08e+02  3.08e+05  1592s
   4   1.41067066e+01  8.08166761e+05  5.69e+06 2.17e+01  1.46e+04  1605s
   5   1.06031621e+01  4.68152550e+05  2.68e+06 1.25e+01  4.47e+03  1614s
   6   2.87135351e+00  7.13842292e+04  1.68e+05 1.98e+00  4.94e+01  1622s
   7   2.03752135e+00  1.50930238e+04  1.41e+04 4.35e-01  1.24e+00  1628s
   8   1.96554141e+00  6.66474688e+03  3.26e+03 1.89e-01  2.31e-01  1637s
   9   1.95342694e+00  2.19970694e+03  1.21e+03 6.31e-02  6.95e-02  1648s
  10   1.94990623e+00  1.24339325e+03  6.03e+02 3.58e-02  3.48e-02  1658s
  11   1.94828712e+00  6.14431058e+02  3.26e+02 1.78e-02  1.76e-02  1665s
  12   1.94742895e+00  4.79892646e+02  2.06e+02 1.39e-02  1.20e-02  1672s
  13   1.94722292e+00  4.02753030e+02  1.77e+02 1.16e-02  1.02e-02  1679s
  14   1.94715779e+00  3.97402606e+02  1.69e+02 1.15e-02  9.85e-03  1686s
  15   1.94707865e+00  3.72903274e+02  1.59e+02 1.08e-02  9.29e-03  1695s
  16   1.94671806e+00  2.95890063e+02  1.42e+02 8.49e-03  8.01e-03  1705s
  17   1.94391033e+00  2.34699154e+02  1.25e+02 6.60e-03  7.16e-03  1718s
  18   1.90183479e+00  1.20668897e+02  9.73e+01 3.12e-03  5.55e-03  1732s
  19   1.89295958e+00  6.89303916e+01  9.26e+01 1.77e-03  4.55e-03  1742s
  20   1.85066502e+00  4.14996034e+01  7.38e+01 1.03e-03  2.93e-03  1755s
  21   1.77004078e+00  2.31381224e+01  4.01e+01 5.45e-04  1.29e-03  1768s
  22   1.73863447e+00  1.26425944e+01  2.80e+01 2.75e-04  7.44e-04  1781s
  23   1.71733544e+00  7.97116603e+00  2.05e+01 1.60e-04  4.77e-04  1794s
  24   1.68407399e+00  5.72050599e+00  1.13e+01 1.05e-04  2.54e-04  1805s
  25   1.66568691e+00  4.93053100e+00  7.56e+00 8.71e-05  1.73e-04  1813s
  26   1.64872772e+00  4.46766537e+00  5.34e+00 7.60e-05  1.27e-04  1822s
  27   1.63835988e+00  3.97599861e+00  4.38e+00 6.32e-05  1.01e-04  1831s
  28   1.60432745e+00  3.59692771e+00  2.83e+00 5.35e-05  7.22e-05  1843s
  29   1.55528897e+00  2.95790162e+00  1.40e+00 3.75e-05  4.22e-05  1857s
  30   1.52142046e+00  2.48744416e+00  8.96e-01 2.59e-05  2.84e-05  1873s
  31   1.50882992e+00  2.04983878e+00  7.47e-01 1.53e-05  1.76e-05  1888s
  32   1.48965928e+00  1.85363076e+00  5.26e-01 1.03e-05  1.15e-05  1901s
  33   1.48386608e+00  1.80397510e+00  4.55e-01 9.06e-06  9.90e-06  1911s
  34   1.48043266e+00  1.76434871e+00  4.09e-01 8.04e-06  8.63e-06  1922s
  35   1.47437110e+00  1.72972647e+00  3.24e-01 7.13e-06  7.29e-06  1937s
  36   1.46837485e+00  1.67637272e+00  2.23e-01 5.76e-06  5.43e-06  1955s
  37   1.46560781e+00  1.62573288e+00  1.63e-01 4.44e-06  3.91e-06  1978s
  38   1.46448245e+00  1.58357529e+00  1.15e-01 3.30e-06  2.72e-06  1998s
  39   1.46583525e+00  1.53771423e+00  4.80e-02 2.00e-06  1.46e-06  2050s
  40   1.47513195e+00  1.52082201e+00  2.40e-02 1.34e-06  8.91e-07  2146s
  41   1.48450761e+00  1.51411807e+00  1.39e-02 9.55e-07  5.85e-07  2225s
  42   1.48791121e+00  1.51164176e+00  1.18e-02 7.63e-07  4.56e-07  2296s
  43   1.49472998e+00  1.51193778e+00  8.66e-03 6.32e-07  3.54e-07  2379s
  44   1.49916259e+00  1.51204671e+00  7.19e-03 5.39e-07  2.89e-07  2441s
  45   1.50768230e+00  1.51308152e+00  3.22e-03 4.16e-07  2.01e-07  2500s
  46   1.51369391e+00  1.51560026e+00  2.04e-03 3.22e-07  1.44e-07  2535s
  47   1.51761640e+00  1.51729351e+00  1.48e-03 2.67e-07  1.13e-07  2551s
  48   1.52074453e+00  1.52033504e+00  1.15e-03 1.92e-07  8.06e-08  2573s
  49   1.52425733e+00  1.52585475e+00  8.62e-04 1.19e-07  5.34e-08  2603s
  50   1.52705801e+00  1.52840885e+00  7.71e-04 1.01e-07  4.69e-08  2631s
  51   1.53070301e+00  1.53215018e+00  6.45e-04 7.98e-08  3.93e-08  2654s
  52   1.53436913e+00  1.53561283e+00  5.13e-04 6.29e-08  3.27e-08  2686s
  53   1.53755291e+00  1.53805864e+00  4.02e-04 5.14e-08  2.75e-08  2713s
  54   1.53938989e+00  1.54104047e+00  3.40e-04 3.86e-08  2.29e-08  2738s
  55   1.54068589e+00  1.54220046e+00  2.91e-04 3.26e-08  1.97e-08  2767s
  56   1.54245974e+00  1.54404037e+00  2.15e-04 2.28e-08  1.46e-08  2792s
  57   1.54360918e+00  1.54488721e+00  1.70e-04 1.81e-08  1.17e-08  2811s
  58   1.54443115e+00  1.54575272e+00  1.39e-04 1.34e-08  9.07e-09  2832s
  59   1.54528258e+00  1.54640416e+00  1.06e-04 9.76e-09  6.83e-09  2853s
  60   1.54552106e+00  1.54673416e+00  9.63e-05 7.77e-09  5.85e-09  2877s
  61   1.54552800e+00  1.54708619e+00  9.60e-05 5.66e-09  5.14e-09  2896s
  62   1.54559759e+00  1.54718130e+00  9.34e-05 5.07e-09  4.85e-09  2919s
  63   1.54585925e+00  1.54740229e+00  8.28e-05 3.69e-09  4.02e-09  2940s
  64   1.54590144e+00  1.54759315e+00  8.12e-05 2.44e-09  3.50e-09  2958s
  65   1.54597783e+00  1.54768326e+00  7.81e-05 1.72e-09  3.14e-09  2985s
  66   1.54606432e+00  1.54769891e+00  7.46e-05 1.59e-09  2.98e-09  3004s
  67   1.54621702e+00  1.54773730e+00  6.82e-05 1.29e-09  2.67e-09  3022s
  68   1.54657570e+00  1.54774812e+00  5.35e-05 1.19e-09  2.17e-09  3042s
  69   1.54684966e+00  1.54776968e+00  4.23e-05 1.05e-09  1.76e-09  3064s
  70   1.54686169e+00  1.54781223e+00  4.18e-05 1.15e-09  1.66e-09  3089s
  71   1.54704817e+00  1.54782995e+00  3.43e-05 6.32e-10  1.35e-09  3114s
  72   1.54704962e+00  1.54784978e+00  3.42e-05 5.28e-10  1.29e-09  3135s
  73   1.54712404e+00  1.54785611e+00  3.12e-05 4.62e-10  1.17e-09  3158s
  74   1.54740274e+00  1.54786360e+00  1.97e-05 4.05e-10  7.88e-10  3197s
  75   1.54742059e+00  1.54787326e+00  1.90e-05 2.90e-10  7.23e-10  3221s
  76   1.54748915e+00  1.54787779e+00  1.62e-05 5.27e-10  6.17e-10  3249s
  77   1.54752959e+00  1.54788058e+00  1.46e-05 1.30e-09  5.43e-10  3288s
  78   1.54753974e+00  1.54788247e+00  1.42e-05 2.01e-09  5.16e-10  3316s
  79   1.54754849e+00  1.54788458e+00  1.38e-05 1.29e-09  4.91e-10  3344s
  80   1.54755035e+00  1.54788567e+00  1.37e-05 1.35e-09  4.83e-10  3363s
  81   1.54769886e+00  1.54788620e+00  7.70e-06 7.92e-10  2.86e-10  3394s
  82   1.54775562e+00  1.54788673e+00  5.41e-06 1.11e-09  2.09e-10  3421s
  83   1.54776158e+00  1.54788709e+00  5.18e-06 2.42e-09  1.98e-10  3443s
  84   1.54777303e+00  1.54788725e+00  4.72e-06 3.17e-09  1.82e-10  3472s
  85   1.54777422e+00  1.54788800e+00  4.68e-06 1.65e-09  1.73e-10  3500s
  86   1.54777428e+00  1.54788820e+00  4.67e-06 1.57e-09  1.72e-10  3519s
  87   1.54777448e+00  1.54788833e+00  4.67e-06 8.33e-10  1.72e-10  3545s
  88   1.54777448e+00  1.54788862e+00  4.67e-06 2.86e-10  1.71e-10  3581s
  89   1.54777450e+00  1.54788857e+00  4.67e-06 6.15e-10  1.71e-10  3597s
  90   1.54777460e+00  1.54788866e+00  4.66e-06 1.01e-09  1.71e-10  3623s
  91   1.54777767e+00  1.54788875e+00  4.54e-06 1.34e-09  1.67e-10  3655s
  92   1.54777864e+00  1.54788879e+00  4.51e-06 9.58e-10  1.65e-10  3680s
  93   1.54777867e+00  1.54788883e+00  4.50e-06 2.15e-09  1.64e-10  3699s
  94   1.54777867e+00  1.54788893e+00  4.50e-06 1.66e-09  1.64e-10  3729s
  95   1.54777869e+00  1.54788901e+00  4.50e-06 2.27e-09  1.64e-10  3757s
  96   1.54777870e+00  1.54788908e+00  4.50e-06 2.73e-09  1.64e-10  3778s
  97   1.54777931e+00  1.54788917e+00  4.48e-06 3.27e-09  1.63e-10  3811s
  98   1.54778324e+00  1.54788926e+00  4.32e-06 2.14e-09  1.56e-10  3840s
  99   1.54786958e+00  1.54788997e+00  2.31e-06 5.44e-10  3.50e-11  3891s
 100   1.54786967e+00  1.54788975e+00  2.30e-06 2.26e-09  3.36e-11  3951s
 101   1.54787059e+00  1.54788938e+00  2.19e-06 4.28e-09  3.02e-11  3989s
 102   1.54787102e+00  1.54788931e+00  2.14e-06 3.44e-09  2.91e-11  4026s
 103   1.54787143e+00  1.54788918e+00  2.09e-06 3.10e-08  2.78e-11  4061s
 104   1.54788475e+00  1.54788918e+00  4.97e-07 2.91e-08  7.59e-12  4105s
 105   1.54788477e+00  1.54788918e+00  4.95e-07 2.86e-08  7.57e-12  4144s
 106   1.54788479e+00  1.54788919e+00  4.94e-07 2.33e-08  7.52e-12  4185s
 107   1.54788484e+00  1.54788919e+00  4.89e-07 2.11e-08  7.43e-12  4222s
 108   1.54788500e+00  1.54788906e+00  4.69e-07 1.23e-08  6.69e-12  4279s
 109   1.54788508e+00  1.54788905e+00  4.58e-07 1.06e-08  6.53e-12  4333s
 110   1.54788510e+00  1.54788903e+00  4.56e-07 8.30e-09  6.40e-12  4366s
 111   1.54788515e+00  1.54788894e+00  4.50e-07 4.89e-09  6.02e-12  4408s
 112   1.54788533e+00  1.54788890e+00  4.33e-07 2.84e-09  5.63e-12  4456s
 113   1.54788533e+00  1.54788886e+00  4.33e-07 1.86e-09  5.50e-12  4504s
 114   1.54788535e+00  1.54788883e+00  4.31e-07 1.20e-09  5.39e-12  4562s
 115   1.54788536e+00  1.54788881e+00  4.30e-07 7.88e-10  5.32e-12  4601s
 116   1.54788537e+00  1.54788881e+00  4.28e-07 5.86e-10  5.27e-12  4642s
 117   1.54788546e+00  1.54788880e+00  4.18e-07 3.77e-10  5.12e-12  4694s
 118   1.54788549e+00  1.54788879e+00  4.14e-07 5.34e-10  5.06e-12  4730s
 119   1.54788549e+00  1.54788879e+00  4.14e-07 4.28e-10  5.06e-12  4771s
 120   1.54788563e+00  1.54788902e+00  4.02e-07 7.75e-10  5.20e-12  4795s
 121   1.54788614e+00  1.54788889e+00  3.36e-07 3.93e-10  4.24e-12  4854s
 122   1.54788652e+00  1.54788884e+00  2.88e-07 1.96e-10  3.58e-12  4915s
 123   1.54788665e+00  1.54788883e+00  2.71e-07 4.31e-10  3.36e-12  4934s
 124   1.54788669e+00  1.54788882e+00  2.65e-07 4.49e-10  3.29e-12  4959s
 125   1.54788673e+00  1.54788881e+00  2.61e-07 4.39e-10  3.22e-12  4979s
 126   1.54788685e+00  1.54788880e+00  2.45e-07 4.53e-10  3.01e-12  4991s
 127   1.54788694e+00  1.54788879e+00  2.33e-07 4.27e-10  2.86e-12  5023s
 128   1.54788708e+00  1.54788879e+00  2.16e-07 3.58e-10  2.65e-12  5035s
 129   1.54788713e+00  1.54788878e+00  2.09e-07 3.25e-10  2.56e-12  5050s
 130   1.54788735e+00  1.54788878e+00  1.82e-07 5.65e-10  2.22e-12  5061s
 131   1.54788738e+00  1.54788878e+00  1.77e-07 2.78e-10  2.16e-12  5075s
 132   1.54788739e+00  1.54788878e+00  1.76e-07 1.88e-10  2.14e-12  5086s
 133   1.54788743e+00  1.54788878e+00  1.71e-07 2.27e-10  2.08e-12  5113s
 134   1.54788757e+00  1.54788878e+00  1.49e-07 1.82e-10  1.87e-12  5132s
 135   1.54788765e+00  1.54788878e+00  1.39e-07 1.79e-10  1.74e-12  5155s
 136   1.54788786e+00  1.54788878e+00  1.13e-07 1.80e-10  1.41e-12  5168s
 137   1.54788787e+00  1.54788878e+00  1.12e-07 2.61e-10  1.40e-12  5205s
 138   1.54788790e+00  1.54788878e+00  1.09e-07 2.64e-10  1.36e-12  5222s
 139   1.54788791e+00  1.54788878e+00  1.07e-07 1.97e-10  1.34e-12  5241s
 140   1.54788801e+00  1.54788878e+00  9.45e-08 2.58e-10  1.18e-12  5250s
 141   1.54788808e+00  1.54788878e+00  8.65e-08 3.41e-10  1.08e-12  5267s
 142   1.54788808e+00  1.54788878e+00  8.60e-08 2.52e-10  1.07e-12  5288s
 143   1.54788810e+00  1.54788878e+00  8.39e-08 2.60e-10  1.05e-12  5304s
 144   1.54788811e+00  1.54788878e+00  8.31e-08 2.94e-10  1.03e-12  5333s
 145   1.54788811e+00  1.54788878e+00  8.31e-08 2.94e-10  1.03e-12  5357s
 146   1.54788811e+00  1.54788878e+00  8.30e-08 2.97e-10  1.03e-12  5372s
 147   1.54788811e+00  1.54788879e+00  8.28e-08 2.93e-10  1.05e-12  5395s
 148   1.54788845e+00  1.54788878e+00  4.15e-08 2.62e-10  5.24e-13  5420s
 149   1.54788865e+00  1.54788879e+00  1.89e-08 6.04e-10  2.35e-13  5438s
 150   1.54788875e+00  1.54788878e+00  1.65e-08 2.43e-09  5.34e-14  5456s
 151   1.54788875e+00  1.54788878e+00  1.44e-08 1.64e-09  4.56e-14  5475s
 152   1.54788876e+00  1.54788878e+00  6.97e-09 3.32e-09  2.99e-14  5498s

Barrier solved model in 152 iterations and 5497.69 seconds (2982.11 work units)
Optimal objective 1.54788876e+00

