Set parameter Username
Academic license - for non-commercial use only - expires 2027-02-09
Set parameter Threads to value 4
Set parameter Method to value 2
Set parameter BarOrder to value 1
Set parameter BarHomogeneous to value 1
Set parameter NumericFocus to value 2
Set parameter Crossover to value 0
Gurobi Optimizer version 9.5.1 build v9.5.1rc2 (linux64)
Thread count: 32 physical cores, 64 logical processors, using up to 4 threads
Optimize a model with 1914999 rows, 1008676 columns and 11867963 nonzeros
Model fingerprint: 0xb1039417
Coefficient statistics:
  Matrix range     [2e-04, 3e+00]
  Objective range  [1e+00, 1e+00]
  Bounds range     [0e+00, 0e+00]
  RHS range        [7e-04, 1e+00]
Presolve removed 538639 rows and 853565 columns (presolve time = 7s) ...
Presolve removed 642345 rows and 853566 columns
Presolve time: 9.79s
Presolved: 1272654 rows, 155110 columns, 9015920 nonzeros
Ordering time: 0.77s

Barrier statistics:
 Dense cols : 200
 AA' NZ     : 1.780e+07
 Factor NZ  : 2.365e+07 (roughly 800 MB of memory)
 Factor Ops : 9.757e+08 (less than 1 second per iteration)
 Threads    : 4

                  Objective                Residual
Iter       Primal          Dual         Primal    Dual     Compl     Time
   0   3.11237770e+00  6.25000000e+01  1.37e+07 6.25e-02  1.00e+06   634s
   1   3.19265895e+00  4.94122313e+05  1.22e+07 5.39e+02  8.54e+05   637s
   2   8.53418022e+00  1.64817054e+06  9.12e+06 2.65e+02  4.87e+05   640s
   3   5.37197141e+01  2.14175897e+06  5.73e+06 1.29e+02  2.50e+05   644s
   4   2.46624196e+01  3.05787334e+05  1.71e+06 1.81e+01  1.41e+04   647s
   5   1.92248577e+01  1.01360469e+05  9.67e+05 6.02e+00  3.47e+03   650s
   6   1.18765890e+01  4.02507205e+04  3.45e+05 2.47e+00  7.01e+02   653s
   7   1.02463032e+01  1.60447624e+04  2.08e+05 9.44e-01  2.47e+02   656s
   8   9.73614874e+00  8.04946746e+03  1.37e+05 4.66e-01  1.27e+02   660s
   9   1.12275849e+01  5.03105601e+03  1.25e+05 2.95e-01  1.12e+02   664s
  10   1.12288343e+01  4.67836957e+03  1.16e+05 3.07e-01  1.18e+02   666s
  11   1.00996113e+01  4.23494352e+03  9.78e+04 2.90e-01  1.05e+02   670s
  12   1.04168221e+01  3.13240587e+03  6.20e+04 2.09e-01  6.59e+01   674s
  13   1.04505748e+01  2.16318342e+03  3.56e+04 1.46e-01  4.12e+01   678s
  14   1.13382820e+01  6.64537742e+02  2.34e+04 4.66e-02  2.33e+01   682s
  15   1.23413893e+01  2.59590098e+02  1.49e+04 1.76e-02  1.36e+01   687s
  16   1.38773238e+01  1.47155140e+02  7.53e+03 9.77e-03  7.12e+00   691s
  17   1.52386620e+01  9.07566990e+01  5.35e+03 5.57e-03  4.92e+00   695s
  18   1.60978120e+01  6.91886360e+01  4.79e+03 3.78e-03  4.21e+00   698s
  19   1.97912173e+01  6.52819300e+01  3.49e+03 3.37e-03  3.16e+00   702s
  20   2.22377362e+01  5.76794432e+01  2.78e+03 2.67e-03  2.52e+00   705s
  21   1.81191252e+01  4.96502013e+01  2.35e+03 2.31e-03  2.07e+00   710s
  22   1.68112687e+01  4.37026976e+01  2.11e+03 1.96e-03  1.74e+00   715s
  23   1.36625697e+01  2.90553752e+01  1.72e+03 1.10e-03  1.02e+00   720s
  24   7.09134144e+00  1.81302242e+01  9.34e+02 5.42e-04  3.59e-01   726s
  25   2.04779018e+00  4.63640805e+00  1.12e+02 8.51e-05  9.17e-03   732s
  26   1.73920316e+00  3.00833136e+00  2.89e+01 3.87e-05  1.32e-03   737s
  27   1.64723226e+00  2.43951801e+00  1.28e+01 2.32e-05  4.45e-04   743s
  28   1.59527019e+00  2.16817347e+00  5.33e+00 1.60e-05  1.82e-04   749s
  29   1.58025626e+00  2.00917423e+00  2.23e+00 1.18e-05  8.72e-05   754s
  30   1.57439200e+00  1.86211552e+00  9.69e-01 7.94e-06  4.52e-05   760s
  31   1.57381727e+00  1.76403009e+00  6.09e-01 5.26e-06  2.84e-05   767s
  32   1.57600142e+00  1.72612085e+00  5.04e-01 4.04e-06  2.17e-05   773s
  33   1.57850098e+00  1.70114906e+00  4.14e-01 3.24e-06  1.71e-05   778s
  34   1.58099554e+00  1.68471935e+00  3.52e-01 2.68e-06  1.40e-05   782s
  35   1.58604429e+00  1.67193130e+00  2.95e-01 2.25e-06  1.15e-05   788s
  36   1.59151800e+00  1.66896681e+00  2.58e-01 2.14e-06  1.05e-05   796s
  37   1.59673992e+00  1.66021604e+00  2.13e-01 1.75e-06  8.34e-06   805s
  38   1.59985860e+00  1.65610591e+00  1.87e-01 1.57e-06  7.42e-06   813s
  39   1.60139263e+00  1.65357876e+00  1.78e-01 1.39e-06  6.63e-06   822s
  40   1.60522890e+00  1.65226736e+00  1.58e-01 1.22e-06  5.76e-06   831s
  41   1.61233327e+00  1.64892360e+00  1.20e-01 9.54e-07  4.37e-06   840s
  42   1.61755931e+00  1.64787876e+00  9.76e-02 8.30e-07  3.63e-06   849s
  43   1.62589590e+00  1.64670991e+00  6.82e-02 6.43e-07  2.61e-06   860s
  44   1.63330363e+00  1.64676885e+00  4.42e-02 4.38e-07  1.69e-06   871s
  45   1.63576968e+00  1.64699455e+00  3.60e-02 2.82e-07  1.17e-06   883s
  46   1.63794510e+00  1.64682431e+00  2.57e-02 1.72e-07  7.42e-07   897s
  47   1.64263486e+00  1.64754222e+00  1.51e-02 1.08e-07  4.28e-07   912s
  48   1.64494076e+00  1.64828636e+00  9.30e-03 4.88e-08  2.27e-07   933s
  49   1.64615571e+00  1.64836365e+00  6.07e-03 3.22e-08  1.48e-07   957s
  50   1.64633887e+00  1.64835925e+00  5.56e-03 2.78e-08  1.31e-07   963s
  51   1.64639615e+00  1.64835421e+00  5.39e-03 2.68e-08  1.26e-07   969s
  52   1.64644292e+00  1.64834795e+00  5.25e-03 2.53e-08  1.22e-07   977s
  53   1.64670933e+00  1.64834154e+00  4.46e-03 2.41e-08  1.09e-07   988s
  54   1.64691461e+00  1.64833493e+00  3.84e-03 2.32e-08  9.83e-08   996s
  55   1.64701929e+00  1.64830319e+00  3.51e-03 1.95e-08  8.63e-08  1007s
  56   1.64707394e+00  1.64828734e+00  3.32e-03 1.83e-08  8.10e-08  1015s
  57   1.64712996e+00  1.64826534e+00  3.13e-03 1.63e-08  7.45e-08  1023s
  58   1.64719454e+00  1.64824269e+00  2.91e-03 1.46e-08  6.78e-08  1035s
  59   1.64727041e+00  1.64822384e+00  2.66e-03 1.32e-08  6.14e-08  1046s
  60   1.64728112e+00  1.64821720e+00  2.62e-03 1.27e-08  5.97e-08  1057s
  61   1.64736725e+00  1.64820711e+00  2.33e-03 1.20e-08  5.47e-08  1069s
  62   1.64737196e+00  1.64819858e+00  2.31e-03 1.14e-08  5.33e-08  1081s
  63   1.64742858e+00  1.64818450e+00  2.12e-03 1.04e-08  4.86e-08  1091s
  64   1.64746145e+00  1.64816943e+00  2.00e-03 9.44e-09  4.49e-08  1101s
  65   1.64749927e+00  1.64816028e+00  1.87e-03 8.77e-09  4.18e-08  1112s
  66   1.64755786e+00  1.64815270e+00  1.68e-03 8.26e-09  3.84e-08  1123s
  67   1.64764965e+00  1.64812450e+00  1.37e-03 6.26e-09  3.02e-08  1137s
  68   1.64773298e+00  1.64810262e+00  1.10e-03 4.55e-09  2.30e-08  1152s
  69   1.64774418e+00  1.64809750e+00  1.06e-03 4.23e-09  2.16e-08  1160s
  70   1.64775808e+00  1.64808656e+00  1.01e-03 3.39e-09  1.93e-08  1173s
  71   1.64779352e+00  1.64808040e+00  8.86e-04 3.21e-09  1.68e-08  1179s
  72   1.64779469e+00  1.64807558e+00  8.82e-04 2.82e-09  1.59e-08  1189s
  73   1.64779566e+00  1.64807207e+00  8.79e-04 2.58e-09  1.53e-08  1202s
  74   1.64781467e+00  1.64806975e+00  8.19e-04 2.38e-09  1.42e-08  1211s
  75   1.64781598e+00  1.64806765e+00  8.14e-04 2.06e-09  1.38e-08  1219s
  76   1.64781866e+00  1.64806649e+00  8.06e-04 1.88e-09  1.33e-08  1228s
  77   1.64781983e+00  1.64806518e+00  8.01e-04 1.58e-09  1.28e-08  1238s
  78   1.64782915e+00  1.64806295e+00  7.72e-04 1.42e-09  1.21e-08  1250s
  79   1.64783184e+00  1.64806279e+00  7.63e-04 1.56e-09  1.19e-08  1260s
  80   1.64783783e+00  1.64806245e+00  7.43e-04 1.56e-09  1.16e-08  1271s
  81   1.64786657e+00  1.64806019e+00  6.41e-04 1.53e-09  9.71e-09  1286s
  82   1.64786779e+00  1.64806013e+00  6.36e-04 1.83e-09  9.60e-09  1294s
  83   1.64786827e+00  1.64805987e+00  6.35e-04 2.13e-09  9.55e-09  1302s
  84   1.64788385e+00  1.64805953e+00  5.82e-04 2.27e-09  8.84e-09  1311s
  85   1.64789106e+00  1.64805890e+00  5.58e-04 2.49e-09  8.39e-09  1320s
  86   1.64797679e+00  1.64805595e+00  2.70e-04 2.61e-09  4.17e-09  1333s
  87   1.64798043e+00  1.64805225e+00  2.57e-04 1.41e-09  3.61e-09  1342s
  88   1.64798298e+00  1.64804971e+00  2.47e-04 7.90e-10  3.26e-09  1352s
  89   1.64798308e+00  1.64804829e+00  2.47e-04 6.15e-10  3.15e-09  1359s
  90   1.64798570e+00  1.64804734e+00  2.36e-04 4.74e-10  2.96e-09  1365s
  91   1.64799322e+00  1.64804626e+00  2.06e-04 3.34e-10  2.55e-09  1378s
  92   1.64799467e+00  1.64804567e+00  2.00e-04 2.63e-10  2.46e-09  1389s
  93   1.64799467e+00  1.64804564e+00  2.00e-04 3.91e-10  2.46e-09  1395s
  94   1.64799475e+00  1.64804654e+00  2.00e-04 2.66e-09  2.47e-09  1403s
  95   1.64801202e+00  1.64804570e+00  1.29e-04 8.78e-10  1.60e-09  1419s
  96   1.64801207e+00  1.64804427e+00  1.28e-04 9.99e-10  1.55e-09  1432s
  97   1.64801213e+00  1.64804353e+00  1.28e-04 7.52e-10  1.53e-09  1443s
  98   1.64801222e+00  1.64804287e+00  1.28e-04 5.24e-10  1.50e-09  1454s
  99   1.64801226e+00  1.64804290e+00  1.27e-04 4.16e-10  1.50e-09  1465s
 100   1.64801594e+00  1.64804250e+00  1.11e-04 7.31e-10  1.30e-09  1476s
 101   1.64802248e+00  1.64804215e+00  8.18e-05 2.78e-10  9.72e-10  1491s
 102   1.64803193e+00  1.64804153e+00  3.89e-05 3.84e-09  4.82e-10  1507s
 103   1.64803717e+00  1.64804036e+00  1.35e-05 7.66e-09  1.79e-10  1523s
 104   1.64803720e+00  1.64804036e+00  4.71e-05 9.73e-09  1.78e-10  1534s
 105   1.64803744e+00  1.64804036e+00  4.33e-05 8.07e-09  1.67e-10  1542s
 106   1.64803813e+00  1.64803970e+00  2.47e-05 4.00e-09  9.36e-11  1553s
 107   1.64803817e+00  1.64803956e+00  2.33e-05 3.34e-09  8.65e-11  1561s
 108   1.64803817e+00  1.64803947e+00  2.33e-05 2.84e-09  8.46e-11  1569s
 109   1.64803818e+00  1.64803944e+00  2.29e-05 2.70e-09  8.28e-11  1578s
 110   1.64803818e+00  1.64803944e+00  2.29e-05 2.70e-09  8.28e-11  1584s
 111   1.64803823e+00  1.64803946e+00  2.23e-05 3.18e-09  8.16e-11  1595s
 112   1.64803824e+00  1.64803944e+00  2.21e-05 3.08e-09  8.06e-11  1602s
 113   1.64803826e+00  1.64803944e+00  2.16e-05 3.04e-09  7.88e-11  1611s
 114   1.64803827e+00  1.64803941e+00  2.11e-05 2.65e-09  7.65e-11  1623s
 115   1.64803829e+00  1.64803930e+00  2.01e-05 2.28e-09  7.15e-11  1636s
 116   1.64803830e+00  1.64803929e+00  2.00e-05 2.20e-09  7.11e-11  1645s
 117   1.64803831e+00  1.64803919e+00  1.94e-05 1.77e-09  6.72e-11  1659s
 118   1.64803835e+00  1.64803914e+00  1.75e-05 1.38e-09  6.03e-11  1668s
 119   1.64803839e+00  1.64803911e+00  1.60e-05 1.35e-09  5.47e-11  1676s
 120   1.64803842e+00  1.64803909e+00  1.47e-05 5.96e-09  5.04e-11  1686s
 121   1.64803856e+00  1.64803897e+00  9.40e-06 4.65e-09  3.26e-11  1701s
 122   1.64803858e+00  1.64803893e+00  8.29e-06 3.69e-09  2.84e-11  1717s
 123   1.64803859e+00  1.64803892e+00  7.80e-06 1.77e-09  2.67e-11  1737s
 124   1.64803861e+00  1.64803888e+00  6.40e-06 2.15e-08  2.18e-11  1752s
 125   1.64803862e+00  1.64803886e+00  6.15e-06 1.81e-08  2.06e-11  1764s
 126   1.64803862e+00  1.64803886e+00  6.01e-06 1.82e-08  2.01e-11  1780s
 127   1.64803862e+00  1.64803885e+00  5.95e-06 1.26e-08  1.95e-11  1801s

Barrier solved model in 127 iterations and 1800.85 seconds (1042.04 work units)
Optimal objective 1.64803862e+00

