Set parameter Username
Academic license - for non-commercial use only - expires 2027-02-09
Set parameter Threads to value 4
Set parameter Method to value 2
Set parameter BarOrder to value 1
Set parameter BarHomogeneous to value 1
Set parameter NumericFocus to value 2
Set parameter Crossover to value 0
Gurobi Optimizer version 9.5.1 build v9.5.1rc2 (linux64)
Thread count: 32 physical cores, 64 logical processors, using up to 4 threads
Optimize a model with 9972298 rows, 13152660 columns and 60356110 nonzeros
Model fingerprint: 0xa2576518
Coefficient statistics:
  Matrix range     [5e-04, 3e+00]
  Objective range  [1e+00, 1e+00]
  Bounds range     [0e+00, 0e+00]
  RHS range        [7e-04, 1e+00]
Presolve removed 0 rows and 0 columns (presolve time = 5s) ...
Presolve removed 3358013 rows and 10895548 columns (presolve time = 10s) ...
Presolve removed 3358013 rows and 10895624 columns (presolve time = 16s) ...
Presolve removed 3363789 rows and 10901400 columns (presolve time = 37s) ...
Presolve removed 3375341 rows and 10901401 columns (presolve time = 40s) ...
Presolve removed 3375341 rows and 10901401 columns
Presolve time: 45.51s
Presolved: 6596957 rows, 2251259 columns, 43047332 nonzeros
Elapsed ordering time = 5s
Ordering time: 5.88s

Barrier statistics:
 Dense cols : 329
 AA' NZ     : 1.198e+08
 Factor NZ  : 1.842e+08 (roughly 4.0 GB of memory)
 Factor Ops : 1.453e+10 (roughly 1 second per iteration)
 Threads    : 4

                  Objective                Residual
Iter       Primal          Dual         Primal    Dual     Compl     Time
   0   1.74364168e+01  2.50000000e+02  1.16e+08 6.25e-02  1.00e+06  3854s
   1   1.74364168e+00  2.21767861e+06  8.68e+07 3.89e+02  6.14e+05  3866s
   2   4.84475286e+00  3.61898324e+07  7.07e+07 1.06e+02  4.00e+05  3884s
   3   8.38509178e+00  9.21807016e+06  5.38e+07 5.55e+01  2.73e+05  3906s
   4   1.20208257e+00  3.79378372e+05  1.89e+05 6.04e+00  1.23e+02  3927s
   5   1.67372868e+00  2.38140939e+05  9.84e+04 3.00e+00  5.05e+01  3943s
   6   2.10635987e+00  1.05450172e+05  1.87e+04 1.11e+00  8.30e+00  3957s
   7   2.11743064e+00  2.26215362e+04  5.03e+03 2.45e-01  1.63e+00  3976s
   8   2.12600536e+00  1.02526597e+04  2.59e+03 1.11e-01  7.75e-01  3999s
   9   2.14381662e+00  4.55817688e+03  1.41e+03 4.89e-02  3.82e-01  4017s
  10   2.14251943e+00  2.90267933e+03  1.00e+03 3.05e-02  2.53e-01  4030s
  11   2.13938672e+00  2.17741622e+03  8.28e+02 2.26e-02  2.01e-01  4044s
  12   2.13066137e+00  1.21335072e+03  6.24e+02 1.22e-02  1.41e-01  4064s
  13   2.09303657e+00  9.13390056e+02  4.33e+02 9.05e-03  9.61e-02  4090s
  14   2.02302596e+00  3.71234596e+02  3.39e+02 3.03e-03  5.66e-02  4121s
  15   1.99315195e+00  2.27802231e+02  3.10e+02 1.62e-03  4.42e-02  4143s
  16   1.95344280e+00  1.72457029e+02  2.78e+02 1.08e-03  3.50e-02  4165s
  17   1.91454352e+00  1.40515418e+02  2.49e+02 7.96e-04  2.73e-02  4190s
  18   1.83265532e+00  1.20870264e+02  1.90e+02 6.32e-04  1.95e-02  4216s
  19   1.79480467e+00  9.47698867e+01  1.65e+02 4.35e-04  1.43e-02  4242s
  20   1.72989738e+00  7.75960674e+01  1.26e+02 3.17e-04  9.40e-03  4275s
  21   1.67742218e+00  6.11984731e+01  9.97e+01 2.22e-04  6.13e-03  4301s
  22   1.64214451e+00  4.66896524e+01  8.31e+01 1.45e-04  3.97e-03  4332s
  23   1.58992996e+00  4.24506841e+01  6.31e+01 1.24e-04  2.79e-03  4359s
  24   1.58321096e+00  3.49685145e+01  6.04e+01 9.39e-05  2.20e-03  4380s
  25   1.52362172e+00  2.53877581e+01  3.89e+01 5.88e-05  1.04e-03  4411s
  26   1.49619425e+00  1.72656441e+01  2.76e+01 3.55e-05  5.06e-04  4444s
  27   1.46603706e+00  1.14594550e+01  9.64e+00 2.21e-05  1.36e-04  4477s
  28   1.44554011e+00  8.04792066e+00  4.12e+00 1.46e-05  5.10e-05  4511s
  29   1.43459593e+00  5.43986774e+00  1.86e+00 8.90e-06  2.11e-05  4550s
  30   1.43340030e+00  3.64541361e+00  1.03e+00 4.91e-06  9.53e-06  4584s
  31   1.43847425e+00  2.66680088e+00  3.97e-01 2.73e-06  4.07e-06  4625s
  32   1.44105327e+00  2.40576668e+00  2.26e-01 2.14e-06  2.84e-06  4664s
  33   1.44127963e+00  2.29845514e+00  2.03e-01 1.91e-06  2.48e-06  4697s
  34   1.44057523e+00  2.24319279e+00  1.79e-01 1.78e-06  2.26e-06  4721s
  35   1.44055236e+00  2.18506013e+00  1.73e-01 1.65e-06  2.08e-06  4747s
  36   1.44047236e+00  2.16198634e+00  1.67e-01 1.60e-06  2.01e-06  4776s
  37   1.44024249e+00  2.09122158e+00  1.45e-01 1.45e-06  1.76e-06  4814s
  38   1.44014597e+00  2.02237395e+00  1.33e-01 1.29e-06  1.55e-06  4859s
  39   1.44007309e+00  1.89164658e+00  1.18e-01 1.00e-06  1.18e-06  4914s
  40   1.44102430e+00  1.84250740e+00  9.63e-02 8.93e-07  1.02e-06  4980s
  41   1.44302357e+00  1.75404037e+00  6.67e-02 6.94e-07  7.47e-07  5042s
  42   1.44698659e+00  1.64332764e+00  4.92e-02 4.36e-07  4.53e-07  5101s
  43   1.45651213e+00  1.59510316e+00  3.10e-02 3.17e-07  3.05e-07  5179s
  44   1.46070034e+00  1.57926288e+00  2.48e-02 2.73e-07  2.55e-07  5304s
  45   1.46512708e+00  1.57377684e+00  2.07e-02 2.55e-07  2.30e-07  5439s
  46   1.47002780e+00  1.56340374e+00  1.84e-02 2.13e-07  1.90e-07  5571s
  47   1.47419733e+00  1.55840847e+00  1.69e-02 1.93e-07  1.68e-07  5705s
  48   1.47565611e+00  1.55659097e+00  1.63e-02 1.85e-07  1.60e-07  5869s
  49   1.47752677e+00  1.55473076e+00  1.54e-02 1.76e-07  1.51e-07  5978s
  50   1.48346995e+00  1.55250714e+00  1.30e-02 1.66e-07  1.35e-07  6148s
  51   1.48626253e+00  1.54954811e+00  1.20e-02 1.49e-07  1.20e-07  6332s
  52   1.48836626e+00  1.54690620e+00  1.13e-02 1.35e-07  1.09e-07  6483s
  53   1.48987827e+00  1.54351343e+00  1.09e-02 1.14e-07  9.41e-08  6622s
  54   1.50051817e+00  1.54152444e+00  7.98e-03 9.81e-08  7.26e-08  6768s
  55   1.50554253e+00  1.53865710e+00  6.64e-03 7.36e-08  5.52e-08  7004s
  56   1.50664665e+00  1.53802618e+00  6.38e-03 6.68e-08  5.11e-08  7116s
  57   1.51264408e+00  1.53719590e+00  5.00e-03 4.78e-08  3.79e-08  7194s
  58   1.51618970e+00  1.53736395e+00  4.43e-03 4.42e-08  3.43e-08  7255s
  59   1.51892937e+00  1.53777326e+00  3.99e-03 4.05e-08  3.13e-08  7305s
  60   1.52169482e+00  1.53861155e+00  3.55e-03 3.50e-08  2.77e-08  7361s
  61   1.52369321e+00  1.54001122e+00  3.26e-03 2.94e-08  2.50e-08  7425s
  62   1.52663000e+00  1.54083158e+00  2.90e-03 2.64e-08  2.24e-08  7487s
  63   1.52698777e+00  1.54149633e+00  2.85e-03 2.41e-08  2.16e-08  7563s
  64   1.52935797e+00  1.54215698e+00  2.54e-03 2.20e-08  1.96e-08  7613s
  65   1.53142642e+00  1.54355839e+00  2.29e-03 1.79e-08  1.74e-08  7673s
  66   1.53367199e+00  1.54433917e+00  1.99e-03 1.55e-08  1.52e-08  7736s
  67   1.53636373e+00  1.54526744e+00  1.63e-03 1.23e-08  1.24e-08  7787s
  68   1.53838871e+00  1.54596969e+00  1.34e-03 9.65e-09  1.02e-08  7835s
  69   1.53839138e+00  1.54598814e+00  1.34e-03 9.58e-09  1.02e-08  7866s
  70   1.53953409e+00  1.54639834e+00  1.19e-03 7.80e-09  8.79e-09  7910s
  71   1.54058221e+00  1.54675490e+00  1.04e-03 5.94e-09  7.38e-09  7966s
  72   1.54193592e+00  1.54686960e+00  8.26e-04 4.97e-09  6.00e-09  8032s
  73   1.54215357e+00  1.54690955e+00  7.84e-04 4.43e-09  5.61e-09  8071s
  74   1.54297536e+00  1.54697787e+00  6.58e-04 3.56e-09  4.64e-09  8109s
  75   1.54298807e+00  1.54699829e+00  6.56e-04 3.39e-09  4.56e-09  8136s
  76   1.54325927e+00  1.54722996e+00  6.18e-04 3.09e-09  4.37e-09  8173s
  77   1.54363017e+00  1.54740907e+00  5.68e-04 2.09e-09  3.76e-09  8214s
  78   1.54399397e+00  1.54752069e+00  5.18e-04 1.45e-09  3.28e-09  8249s
  79   1.54425938e+00  1.54755738e+00  4.81e-04 1.17e-09  2.96e-09  8292s
  80   1.54454436e+00  1.54760349e+00  4.40e-04 8.83e-10  2.66e-09  8334s
  81   1.54455954e+00  1.54761695e+00  4.38e-04 7.54e-10  2.60e-09  8371s
  82   1.54461713e+00  1.54762552e+00  4.30e-04 6.97e-10  2.52e-09  8426s
  83   1.54518358e+00  1.54763557e+00  3.49e-04 5.65e-10  2.05e-09  8478s
  84   1.54528977e+00  1.54763930e+00  3.34e-04 4.52e-10  1.92e-09  8527s
  85   1.54534057e+00  1.54763634e+00  3.27e-04 3.95e-10  1.85e-09  8564s
  86   1.54535013e+00  1.54763434e+00  3.25e-04 3.58e-10  1.83e-09  8604s
  87   1.54537851e+00  1.54763319e+00  3.21e-04 3.43e-10  1.80e-09  8644s
  88   1.54538017e+00  1.54763317e+00  3.21e-04 3.15e-10  1.78e-09  8684s
  89   1.54541266e+00  1.54762783e+00  3.16e-04 6.13e-10  1.73e-09  8737s
  90   1.54543577e+00  1.54762648e+00  3.13e-04 5.55e-10  1.70e-09  8772s
  91   1.54543808e+00  1.54761966e+00  3.13e-04 7.63e-10  1.68e-09  8806s
  92   1.54545367e+00  1.54761620e+00  3.10e-04 6.92e-10  1.66e-09  8851s
  93   1.54557269e+00  1.54761418e+00  2.93e-04 6.92e-10  1.57e-09  8892s
  94   1.54573923e+00  1.54761281e+00  2.68e-04 6.69e-10  1.44e-09  8934s
  95   1.54581728e+00  1.54761217e+00  2.57e-04 6.72e-10  1.39e-09  8960s
  96   1.54581979e+00  1.54761648e+00  2.57e-04 1.61e-09  1.38e-09  9006s
  97   1.54583196e+00  1.54761452e+00  2.55e-04 1.53e-09  1.37e-09  9057s
  98   1.54583647e+00  1.54761406e+00  2.54e-04 1.72e-10  1.36e-09  9099s
  99   1.54623051e+00  1.54761452e+00  1.98e-04 1.66e-10  1.07e-09  9137s
 100   1.54623166e+00  1.54761426e+00  1.98e-04 2.30e-10  1.07e-09  9180s
 101   1.54623817e+00  1.54761552e+00  1.97e-04 2.17e-10  1.06e-09  9211s
 102   1.54624155e+00  1.54761302e+00  1.96e-04 2.36e-10  1.05e-09  9266s
 103   1.54626525e+00  1.54761023e+00  1.93e-04 1.99e-10  1.02e-09  9308s
 104   1.54626618e+00  1.54760904e+00  1.93e-04 3.21e-10  1.02e-09  9360s
 105   1.54626759e+00  1.54760755e+00  1.93e-04 3.28e-10  1.01e-09  9399s
 106   1.54628950e+00  1.54760732e+00  1.90e-04 2.98e-10  9.96e-10  9441s
 107   1.54629127e+00  1.54760724e+00  1.89e-04 2.89e-10  9.95e-10  9494s
 108   1.54629246e+00  1.54760676e+00  1.89e-04 5.29e-10  9.92e-10  9536s
 109   1.54634315e+00  1.54760699e+00  1.82e-04 4.94e-10  9.54e-10  9592s
 110   1.54643935e+00  1.54760702e+00  1.68e-04 5.44e-10  8.81e-10  9642s
 111   1.54657134e+00  1.54760716e+00  1.49e-04 4.50e-10  7.84e-10  9681s
 112   1.54657329e+00  1.54760691e+00  1.48e-04 5.64e-10  7.82e-10  9725s
 113   1.54659271e+00  1.54760676e+00  1.45e-04 7.94e-10  7.67e-10  9778s
 114   1.54667568e+00  1.54760563e+00  1.33e-04 7.55e-10  7.04e-10  9831s
 115   1.54667568e+00  1.54760563e+00  1.33e-04 7.28e-10  7.04e-10  9883s
 116   1.54667569e+00  1.54760608e+00  1.33e-04 6.17e-10  7.04e-10  9932s
 117   1.54667736e+00  1.54760624e+00  1.33e-04 3.18e-10  7.03e-10  10003s
 118   1.54668695e+00  1.54760595e+00  1.32e-04 4.17e-10  6.95e-10  10047s
 119   1.54668824e+00  1.54760462e+00  1.31e-04 3.41e-10  6.92e-10  10100s
 120   1.54668837e+00  1.54760455e+00  1.31e-04 3.98e-10  6.91e-10  10159s
 121   1.54668842e+00  1.54760551e+00  1.31e-04 4.96e-10  6.91e-10  10212s
 122   1.54668857e+00  1.54760539e+00  1.31e-04 5.45e-10  6.90e-10  10273s
 123   1.54669477e+00  1.54760456e+00  1.30e-04 5.26e-10  6.84e-10  10335s
 124   1.54675299e+00  1.54760255e+00  1.22e-04 4.52e-10  6.38e-10  10389s
 125   1.54675533e+00  1.54760145e+00  1.22e-04 4.13e-10  6.35e-10  10448s
 126   1.54677651e+00  1.54760062e+00  1.19e-04 3.93e-10  6.18e-10  10524s
 127   1.54677691e+00  1.54760009e+00  1.18e-04 3.75e-10  6.17e-10  10576s
 128   1.54677802e+00  1.54759921e+00  1.18e-04 3.42e-10  6.15e-10  10628s
 129   1.54678435e+00  1.54759861e+00  1.17e-04 3.25e-10  6.10e-10  10689s
 130   1.54678531e+00  1.54759706e+00  1.17e-04 2.53e-10  6.07e-10  10740s
 131   1.54678579e+00  1.54759621e+00  1.17e-04 2.19e-10  6.05e-10  10784s
 132   1.54678650e+00  1.54759549e+00  1.17e-04 1.85e-10  6.04e-10  10848s
 133   1.54678753e+00  1.54759529e+00  1.17e-04 2.07e-10  6.03e-10  10884s
 134   1.54678906e+00  1.54759512e+00  1.17e-04 2.57e-10  6.01e-10  10931s
 135   1.54678941e+00  1.54759487e+00  1.17e-04 2.65e-10  6.01e-10  10986s
 136   1.54678949e+00  1.54759474e+00  1.17e-04 2.71e-10  6.01e-10  11042s
 137   1.54678969e+00  1.54759692e+00  1.17e-04 3.14e-10  6.02e-10  11085s
 138   1.54678985e+00  1.54759723e+00  1.17e-04 3.71e-10  6.02e-10  11125s
 139   1.54702517e+00  1.54759808e+00  8.22e-05 3.36e-10  4.28e-10  11174s
 140   1.54702634e+00  1.54759642e+00  8.21e-05 3.60e-10  4.25e-10  11231s
 141   1.54702732e+00  1.54759633e+00  8.19e-05 4.93e-10  4.24e-10  11275s
 142   1.54702799e+00  1.54759529e+00  8.18e-05 4.65e-10  4.23e-10  11331s
 143   1.54702799e+00  1.54759529e+00  8.18e-05 4.36e-10  4.23e-10  11376s
 144   1.54703436e+00  1.54759922e+00  8.09e-05 5.41e-10  4.21e-10  11435s
 145   1.54703526e+00  1.54759767e+00  8.08e-05 4.54e-10  4.19e-10  11483s
 146   1.54719194e+00  1.54759679e+00  5.77e-05 4.25e-10  3.02e-10  11535s
 147   1.54719203e+00  1.54759471e+00  5.77e-05 3.65e-10  3.00e-10  11593s
 148   1.54719357e+00  1.54759439e+00  5.75e-05 3.49e-10  2.99e-10  11632s
 149   1.54719419e+00  1.54759429e+00  5.74e-05 3.83e-10  2.98e-10  11673s
 150   1.54719456e+00  1.54759235e+00  5.73e-05 3.12e-10  2.97e-10  11737s
 151   1.54719509e+00  1.54759184e+00  5.72e-05 4.94e-10  2.96e-10  11764s
 152   1.54719518e+00  1.54759075e+00  5.72e-05 4.38e-10  2.95e-10  11793s
 153   1.54719602e+00  1.54759016e+00  5.71e-05 3.24e-10  2.94e-10  11831s
 154   1.54719728e+00  1.54758984e+00  5.69e-05 2.99e-10  2.92e-10  11863s
 155   1.54719729e+00  1.54758953e+00  5.69e-05 3.26e-10  2.92e-10  11898s
 156   1.54719737e+00  1.54758943e+00  5.69e-05 3.33e-10  2.92e-10  11925s
 157   1.54719989e+00  1.54758938e+00  5.65e-05 3.29e-10  2.90e-10  11959s
 158   1.54720423e+00  1.54758930e+00  5.59e-05 6.19e-09  2.87e-10  12010s
 159   1.54720508e+00  1.54758911e+00  5.58e-05 6.11e-09  2.86e-10  12062s
 160   1.54721341e+00  1.54758872e+00  5.45e-05 9.04e-09  2.80e-10  12118s
 161   1.54721424e+00  1.54758837e+00  5.44e-05 8.61e-09  2.79e-10  12173s
 162   1.54721438e+00  1.54758775e+00  5.44e-05 7.56e-09  2.78e-10  12235s
 163   1.54721444e+00  1.54758752e+00  5.44e-05 7.08e-09  2.78e-10  12263s
 164   1.54721558e+00  1.54758777e+00  5.42e-05 7.13e-09  2.77e-10  12317s
 165   1.54721775e+00  1.54758752e+00  5.39e-05 6.31e-09  2.75e-10  12372s
 166   1.54722421e+00  1.54758757e+00  5.29e-05 6.66e-09  2.71e-10  12426s
 167   1.54722517e+00  1.54758748e+00  5.28e-05 5.77e-09  2.70e-10  12478s
 168   1.54722582e+00  1.54758740e+00  5.27e-05 5.76e-09  2.69e-10  12523s

Barrier solved model in 168 iterations and 12522.67 seconds (6448.57 work units)
Optimal objective 1.54720423e+00

