Set parameter Username
Academic license - for non-commercial use only - expires 2027-02-09
Set parameter Threads to value 4
Set parameter Method to value 2
Set parameter BarOrder to value 1
Set parameter BarHomogeneous to value 1
Set parameter NumericFocus to value 2
Set parameter Crossover to value 0
Gurobi Optimizer version 9.5.1 build v9.5.1rc2 (linux64)
Thread count: 32 physical cores, 64 logical processors, using up to 4 threads
Optimize a model with 3516093 rows, 2796717 columns and 23562560 nonzeros
Model fingerprint: 0xe1a7714f
Coefficient statistics:
  Matrix range     [2e-04, 3e+00]
  Objective range  [1e+00, 1e+00]
  Bounds range     [0e+00, 0e+00]
  RHS range        [7e-04, 1e+00]
Presolve removed 1474750 rows and 2321526 columns (presolve time = 5s) ...
Presolve removed 1584884 rows and 2323642 columns (presolve time = 11s) ...
Presolve removed 1589116 rows and 2323643 columns
Presolve time: 13.92s
Presolved: 1926977 rows, 473074 columns, 12721132 nonzeros
Ordering time: 1.38s

Barrier statistics:
 Dense cols : 214
 AA' NZ     : 2.273e+07
 Factor NZ  : 3.372e+07 (roughly 1.0 GB of memory)
 Factor Ops : 1.714e+09 (less than 1 second per iteration)
 Threads    : 4

                  Objective                Residual
Iter       Primal          Dual         Primal    Dual     Compl     Time
   0   9.62614535e+00  2.50000000e+02  2.65e+07 6.25e-02  1.00e+06   923s
   1   2.44432475e+00 -7.76554507e+04  1.92e+07 3.40e+02  5.33e+05   926s
   2   3.55649725e+01  6.99241815e+04  1.00e+07 1.65e+02  2.49e+05   930s
   3   4.90817109e+01  7.41631869e+05  8.55e+06 1.07e+02  1.89e+05   934s
   4   5.11529798e+00  2.57115087e+04  4.48e+05 3.72e+00  3.89e+02   939s
   5   2.72712890e+00  3.86231214e+03  9.79e+04 7.14e-01  1.74e+01   943s
   6   2.18934087e+00  7.54503015e+02  1.30e+04 1.61e-01  8.42e-01   946s
   7   2.14539726e+00  3.23088881e+02  6.86e+03 6.67e-02  2.92e-01   951s
   8   2.11754183e+00  1.43246376e+02  2.73e+03 2.60e-02  9.18e-02   956s
   9   2.10966320e+00  5.78656996e+01  1.49e+03 9.90e-03  3.92e-02   960s
  10   2.10474915e+00  3.09373768e+01  7.27e+02 4.94e-03  1.77e-02   964s
  11   2.10335527e+00  2.21791981e+01  5.02e+02 3.40e-03  1.19e-02   968s
  12   2.10321466e+00  1.87754258e+01  4.49e+02 2.80e-03  1.03e-02   972s
  13   2.10282916e+00  1.47375746e+01  3.54e+02 2.10e-03  7.91e-03   977s
  14   2.10390211e+00  8.62752796e+00  1.87e+02 1.06e-03  4.31e-03   983s
  15   2.10567698e+00  6.12868630e+00  1.57e+02 7.37e-04  3.89e-03   990s
  16   2.06024791e+00  4.19552133e+00  1.43e+02 5.30e-04  4.42e-03   996s
  17   2.04361228e+00  3.74405983e+00  1.37e+02 3.82e-04  3.78e-03  1000s
  18   2.00171473e+00  3.37980805e+00  1.22e+02 3.11e-04  3.31e-03  1004s
  19   1.88296015e+00  3.06476564e+00  8.34e+01 1.80e-04  1.77e-03  1009s
  20   1.81985098e+00  2.56996521e+00  6.24e+01 8.23e-05  8.99e-04  1016s
  21   1.69376924e+00  2.22078295e+00  1.96e+01 4.06e-05  2.23e-04  1022s
  22   1.67883288e+00  1.97225135e+00  1.46e+01 2.22e-05  1.23e-04  1029s
  23   1.66263373e+00  1.86030604e+00  1.04e+01 1.46e-05  7.41e-05  1035s
  24   1.63433622e+00  1.83608476e+00  4.81e+00 1.30e-05  3.94e-05  1039s
  25   1.62288854e+00  1.78171693e+00  3.09e+00 1.00e-05  2.57e-05  1044s
  26   1.61822973e+00  1.74574110e+00  2.64e+00 8.21e-06  2.10e-05  1049s
  27   1.60043263e+00  1.71391887e+00  1.68e+00 6.80e-06  1.49e-05  1056s
  28   1.58274765e+00  1.69842928e+00  1.28e+00 6.16e-06  1.27e-05  1064s
  29   1.56599160e+00  1.66719460e+00  9.35e-01 5.02e-06  9.80e-06  1071s
  30   1.54324200e+00  1.63402383e+00  6.37e-01 3.94e-06  7.32e-06  1078s
  31   1.53711448e+00  1.61248036e+00  5.40e-01 3.32e-06  6.06e-06  1085s
  32   1.52356917e+00  1.57685403e+00  3.62e-01 2.34e-06  4.04e-06  1093s
  33   1.51950392e+00  1.56249352e+00  2.88e-01 1.90e-06  3.13e-06  1102s
  34   1.51603346e+00  1.54760221e+00  2.08e-01 1.34e-06  2.08e-06  1110s
  35   1.51435101e+00  1.54215714e+00  1.58e-01 1.15e-06  1.67e-06  1119s
  36   1.51439363e+00  1.53668895e+00  1.24e-01 9.20e-07  1.27e-06  1127s
  37   1.51579618e+00  1.53239039e+00  9.68e-02 7.07e-07  9.32e-07  1136s
  38   1.51855929e+00  1.53033657e+00  6.63e-02 5.23e-07  6.39e-07  1146s
  39   1.52399896e+00  1.53017203e+00  4.33e-02 3.08e-07  3.60e-07  1156s
  40   1.52923664e+00  1.53340911e+00  3.02e-02 2.18e-07  2.57e-07  1168s
  41   1.53405234e+00  1.53642147e+00  2.11e-02 1.64e-07  1.92e-07  1180s
  42   1.53638398e+00  1.53842675e+00  1.81e-02 1.34e-07  1.63e-07  1190s
  43   1.53821490e+00  1.54002272e+00  1.54e-02 1.12e-07  1.39e-07  1198s
  44   1.53945974e+00  1.54209774e+00  1.37e-02 8.69e-08  1.17e-07  1210s
  45   1.54157162e+00  1.54397800e+00  1.05e-02 6.36e-08  8.94e-08  1224s
  46   1.54273902e+00  1.54484593e+00  8.58e-03 5.19e-08  7.44e-08  1237s
  47   1.54341739e+00  1.54594217e+00  7.50e-03 3.78e-08  6.07e-08  1255s
  48   1.54454496e+00  1.54652818e+00  5.70e-03 2.88e-08  4.72e-08  1274s
  49   1.54531843e+00  1.54678832e+00  4.57e-03 2.43e-08  3.83e-08  1301s
  50   1.54606939e+00  1.54733012e+00  3.48e-03 1.64e-08  2.79e-08  1332s
  51   1.54662249e+00  1.54757623e+00  2.62e-03 1.24e-08  2.12e-08  1372s
  52   1.54714180e+00  1.54790939e+00  1.71e-03 6.59e-09  1.29e-08  1420s
  53   1.54742784e+00  1.54794959e+00  1.16e-03 5.43e-09  9.75e-09  1437s
  54   1.54762978e+00  1.54801040e+00  7.81e-04 3.33e-09  6.35e-09  1453s
  55   1.54768809e+00  1.54801394e+00  6.65e-04 2.98e-09  5.55e-09  1461s
  56   1.54773586e+00  1.54802702e+00  5.99e-04 2.72e-09  5.03e-09  1469s
  57   1.54780685e+00  1.54803761e+00  4.83e-04 2.21e-09  4.05e-09  1480s
  58   1.54788018e+00  1.54805847e+00  3.67e-04 1.97e-09  3.02e-09  1487s
  59   1.54793681e+00  1.54807542e+00  2.80e-04 1.45e-09  2.21e-09  1499s
  60   1.54796467e+00  1.54807703e+00  2.37e-04 1.20e-08  1.98e-09  1510s
  61   1.54799965e+00  1.54808537e+00  1.86e-04 1.06e-08  1.59e-09  1520s
  62   1.54800262e+00  1.54809255e+00  1.82e-04 8.73e-09  1.43e-09  1530s
  63   1.54800775e+00  1.54809655e+00  1.74e-04 7.80e-09  1.31e-09  1542s
  64   1.54801810e+00  1.54810200e+00  1.58e-04 6.69e-09  1.14e-09  1552s
  65   1.54802824e+00  1.54810248e+00  1.42e-04 6.52e-09  1.06e-09  1562s
  66   1.54803463e+00  1.54811002e+00  1.33e-04 3.92e-09  8.45e-10  1571s
  67   1.54804836e+00  1.54811379e+00  1.11e-04 2.63e-09  6.65e-10  1580s
  68   1.54805439e+00  1.54811601e+00  1.02e-04 1.67e-09  5.61e-10  1589s
  69   1.54806754e+00  1.54811693e+00  8.11e-05 1.29e-09  4.45e-10  1601s
  70   1.54807441e+00  1.54811803e+00  7.04e-05 7.48e-10  3.60e-10  1611s
  71   1.54807791e+00  1.54811841e+00  6.49e-05 5.35e-10  3.23e-10  1622s
  72   1.54808620e+00  1.54811873e+00  5.18e-05 1.04e-09  2.54e-10  1635s
  73   1.54808814e+00  1.54811904e+00  4.88e-05 8.98e-10  2.34e-10  1646s
  74   1.54808819e+00  1.54811914e+00  4.87e-05 5.65e-10  2.29e-10  1658s
  75   1.54808955e+00  1.54811915e+00  4.65e-05 3.98e-10  2.15e-10  1670s
  76   1.54808957e+00  1.54811914e+00  4.65e-05 5.72e-10  2.14e-10  1678s
  77   1.54809380e+00  1.54811912e+00  3.98e-05 5.40e-10  1.83e-10  1690s
  78   1.54809487e+00  1.54811911e+00  3.81e-05 5.06e-10  1.73e-10  1704s
  79   1.54809514e+00  1.54811908e+00  3.77e-05 3.17e-10  1.69e-10  1717s
  80   1.54809807e+00  1.54811902e+00  3.30e-05 1.64e-10  1.47e-10  1728s
  81   1.54810083e+00  1.54811893e+00  2.86e-05 7.54e-11  1.26e-10  1740s
  82   1.54810254e+00  1.54811883e+00  2.58e-05 1.25e-10  1.13e-10  1754s
  83   1.54810551e+00  1.54811878e+00  2.11e-05 1.06e-10  9.20e-11  1770s
  84   1.54810685e+00  1.54811875e+00  1.89e-05 7.84e-11  8.24e-11  1784s
  85   1.54810744e+00  1.54811872e+00  1.80e-05 5.11e-11  7.81e-11  1802s
  86   1.54810796e+00  1.54811870e+00  1.72e-05 1.03e-10  7.43e-11  1816s
  87   1.54810874e+00  1.54811868e+00  1.59e-05 6.78e-11  6.88e-11  1827s
  88   1.54810883e+00  1.54811867e+00  1.58e-05 6.34e-11  6.81e-11  1836s
  89   1.54810998e+00  1.54811865e+00  1.39e-05 2.48e-11  6.00e-11  1848s
  90   1.54811037e+00  1.54811865e+00  1.33e-05 7.42e-11  5.73e-11  1859s
  91   1.54811078e+00  1.54811864e+00  1.27e-05 1.59e-10  5.44e-11  1868s
  92   1.54811106e+00  1.54811865e+00  1.22e-05 1.06e-10  5.26e-11  1876s
  93   1.54811134e+00  1.54811864e+00  1.18e-05 6.59e-11  5.06e-11  1887s
  94   1.54811193e+00  1.54811864e+00  1.08e-05 6.14e-11  4.65e-11  1894s
  95   1.54811223e+00  1.54811863e+00  1.03e-05 5.43e-11  4.44e-11  1914s
  96   1.54811300e+00  1.54811864e+00  9.08e-06 1.18e-10  3.90e-11  1930s
  97   1.54811570e+00  1.54811864e+00  4.80e-06 7.24e-11  2.03e-11  1943s
  98   1.54811572e+00  1.54811864e+00  4.78e-06 6.36e-11  2.02e-11  1952s
  99   1.54811572e+00  1.54811864e+00  4.78e-06 6.36e-11  2.02e-11  1963s
 100   1.54811573e+00  1.54811867e+00  4.78e-06 6.30e-11  2.03e-11  1970s
 101   1.54811705e+00  1.54811866e+00  2.61e-06 4.85e-10  1.11e-11  1983s
 102   1.54811712e+00  1.54811865e+00  2.50e-06 2.93e-10  1.06e-11  1996s
 103   1.54811749e+00  1.54811865e+00  1.91e-06 3.07e-10  8.05e-12  2013s
 104   1.54811750e+00  1.54811865e+00  1.90e-06 2.40e-10  7.97e-12  2021s
 105   1.54811750e+00  1.54811865e+00  1.88e-06 4.17e-10  7.91e-12  2034s
 106   1.54811762e+00  1.54811864e+00  1.68e-06 3.23e-10  7.09e-12  2046s
 107   1.54811763e+00  1.54811864e+00  1.68e-06 2.77e-10  7.03e-12  2061s
 108   1.54811776e+00  1.54811862e+00  1.43e-06 3.48e-10  6.03e-12  2074s
 109   1.54811778e+00  1.54811862e+00  1.40e-06 3.17e-10  5.88e-12  2084s
 110   1.54811779e+00  1.54811863e+00  1.38e-06 3.71e-10  5.79e-12  2094s
 111   1.54811786e+00  1.54811863e+00  1.27e-06 6.10e-10  5.32e-12  2102s
 112   1.54811799e+00  1.54811863e+00  1.06e-06 3.25e-10  4.40e-12  2113s
 113   1.54811800e+00  1.54811862e+00  1.05e-06 1.68e-10  4.37e-12  2120s
 114   1.54811815e+00  1.54811863e+00  8.05e-07 3.63e-10  3.33e-12  2129s
 115   1.54811837e+00  1.54811863e+00  4.18e-07 2.47e-10  1.74e-12  2137s
 116   1.54811849e+00  1.54811862e+00  2.18e-07 1.66e-10  9.08e-13  2147s
 117   1.54811849e+00  1.54811862e+00  2.15e-07 3.23e-09  9.08e-13  2157s
 118   1.54811849e+00  1.54811863e+00  2.18e-07 2.83e-09  9.61e-13  2164s
 119   1.54811850e+00  1.54811863e+00  2.13e-07 1.79e-09  9.23e-13  2175s

Barrier solved model in 119 iterations and 2174.83 seconds (1399.92 work units)
Optimal objective 1.54811850e+00

