Set parameter Username
Academic license - for non-commercial use only - expires 2027-02-09
Set parameter Threads to value 4
Set parameter Method to value 2
Set parameter BarOrder to value 1
Set parameter BarHomogeneous to value 1
Set parameter NumericFocus to value 2
Set parameter Crossover to value 0
Gurobi Optimizer version 9.5.1 build v9.5.1rc2 (linux64)
Thread count: 32 physical cores, 64 logical processors, using up to 4 threads
Optimize a model with 9902951 rows, 9771933 columns and 68386696 nonzeros
Model fingerprint: 0x5ba6d7e5
Coefficient statistics:
  Matrix range     [2e-04, 3e+00]
  Objective range  [1e+00, 1e+00]
  Bounds range     [0e+00, 0e+00]
  RHS range        [7e-04, 1e+00]
Presolve removed 158115 rows and 0 columns (presolve time = 7s) ...
Presolve removed 1870247 rows and 8366353 columns (presolve time = 12s) ...
Presolve removed 1870247 rows and 8366353 columns (presolve time = 15s) ...
Presolve removed 4289779 rows and 8366353 columns (presolve time = 20s) ...
Presolve removed 4483426 rows and 8560000 columns (presolve time = 25s) ...
Presolve removed 4522413 rows and 8598987 columns (presolve time = 40s) ...
Presolve removed 4522415 rows and 8598988 columns (presolve time = 45s) ...
Presolve removed 4978754 rows and 8598988 columns (presolve time = 50s) ...
Presolve removed 4978754 rows and 8598988 columns
Presolve time: 53.58s
Presolved: 4924197 rows, 1172945 columns, 32713599 nonzeros
Elapsed ordering time = 6s
Ordering time: 6.87s

Barrier statistics:
 Dense cols : 354
 AA' NZ     : 1.376e+08
 Factor NZ  : 2.031e+08 (roughly 4.0 GB of memory)
 Factor Ops : 1.837e+10 (roughly 1 second per iteration)
 Threads    : 4

                  Objective                Residual
Iter       Primal          Dual         Primal    Dual     Compl     Time
   0   9.64795197e+00  2.50000000e+02  5.89e+07 6.25e-02  1.00e+06  6127s
   1   3.87939356e+00 -1.06178055e+06  4.32e+07 4.13e+02  6.05e+05  6140s
   2   8.75101983e+00 -1.26450869e+06  3.95e+07 1.78e+02  4.12e+05  6156s
   3   6.80641714e+01  5.27472930e+06  2.35e+07 1.13e+02  2.51e+05  6176s
   4   5.32395855e+00  1.71525663e+05  8.99e+05 3.56e+00  3.67e+02  6195s
   5   3.72096214e+00  8.22094104e+04  4.27e+05 1.72e+00  8.92e+01  6210s
   6   3.11281699e+00  3.35261324e+04  2.60e+05 6.99e-01  2.39e+01  6229s
   7   2.24853887e+00  6.20596828e+03  3.34e+04 1.33e-01  9.14e-01  6251s
   8   2.16526836e+00  1.42342349e+03  1.16e+04 3.22e-02  1.74e-01  6274s
   9   2.14259769e+00  4.80573470e+02  5.50e+03 1.17e-02  6.16e-02  6297s
  10   2.13108208e+00  1.98570987e+02  2.39e+03 4.79e-03  2.37e-02  6316s
  11   2.12576849e+00  7.68529858e+01  1.00e+03 1.83e-03  8.88e-03  6331s
  12   2.12495849e+00  4.94081915e+01  6.73e+02 1.16e-03  5.74e-03  6344s
  13   2.12542784e+00  4.42680555e+01  5.45e+02 1.04e-03  4.72e-03  6358s
  14   2.12576599e+00  3.00564627e+01  4.52e+02 6.84e-04  3.70e-03  6373s
  15   2.13352341e+00  2.51897934e+01  2.66e+02 5.63e-04  2.34e-03  6388s
  16   2.14074106e+00  2.03465228e+01  2.21e+02 4.37e-04  2.02e-03  6407s
  17   2.15159516e+00  1.82268211e+01  2.10e+02 3.82e-04  2.18e-03  6432s
  18   2.15312871e+00  1.82962606e+01  2.09e+02 3.83e-04  2.45e-03  6453s
  19   2.15320149e+00  1.63339618e+01  2.08e+02 3.35e-04  2.89e-03  6483s
  20   2.14563730e+00  1.44395337e+01  2.03e+02 2.90e-04  3.14e-03  6513s
  21   2.06104461e+00  1.29233599e+01  1.67e+02 2.54e-04  2.67e-03  6543s
  22   1.97188718e+00  7.78085459e+00  1.31e+02 1.34e-04  1.62e-03  6575s
  23   1.91605250e+00  4.83413454e+00  1.08e+02 6.76e-05  9.42e-04  6608s
  24   1.84139717e+00  3.33801924e+00  7.72e+01 3.49e-05  4.54e-04  6640s
  25   1.73657448e+00  2.52685809e+00  3.34e+01 1.79e-05  1.46e-04  6672s
  26   1.70865055e+00  2.09364769e+00  2.20e+01 9.60e-06  6.77e-05  6702s
  27   1.68417234e+00  1.97855503e+00  1.65e+01 7.43e-06  4.44e-05  6736s
  28   1.62845087e+00  1.84635240e+00  5.93e+00 5.01e-06  1.50e-05  6767s
  29   1.61256208e+00  1.81384036e+00  3.48e+00 4.39e-06  9.60e-06  6801s
  30   1.59309810e+00  1.74335469e+00  1.94e+00 3.09e-06  5.55e-06  6834s
  31   1.58302412e+00  1.71285097e+00  1.64e+00 2.59e-06  4.67e-06  6863s
  32   1.57607887e+00  1.69128883e+00  1.46e+00 2.28e-06  4.17e-06  6896s
  33   1.56847554e+00  1.67893127e+00  1.30e+00 2.11e-06  3.84e-06  6922s
  34   1.55494368e+00  1.64963623e+00  1.06e+00 1.75e-06  3.24e-06  6955s
  35   1.54282966e+00  1.63466952e+00  8.51e-01 1.58e-06  2.81e-06  6995s
  36   1.53037604e+00  1.61269025e+00  6.17e-01 1.33e-06  2.15e-06  7034s
  37   1.52625726e+00  1.59312883e+00  5.37e-01 1.11e-06  1.75e-06  7075s
  38   1.52243137e+00  1.57214539e+00  4.29e-01 8.53e-07  1.30e-06  7117s
  39   1.51811365e+00  1.56577051e+00  3.26e-01 7.77e-07  1.09e-06  7161s
  40   1.51689823e+00  1.55774259e+00  2.94e-01 6.78e-07  9.20e-07  7206s
  41   1.51235886e+00  1.54443901e+00  1.92e-01 5.10e-07  6.24e-07  7247s
  42   1.51260994e+00  1.53029699e+00  1.33e-01 3.03e-07  3.45e-07  7290s
  43   1.51436356e+00  1.52629945e+00  7.08e-02 2.18e-07  2.11e-07  7337s
  44   1.51599581e+00  1.52541148e+00  5.66e-02 1.61e-07  1.53e-07  7379s
  45   1.51869816e+00  1.52667805e+00  4.44e-02 1.19e-07  1.12e-07  7424s
  46   1.52233415e+00  1.52893899e+00  3.15e-02 9.21e-08  8.44e-08  7470s
  47   1.52611422e+00  1.53138750e+00  2.62e-02 7.29e-08  6.81e-08  7524s
  48   1.52810113e+00  1.53226087e+00  2.36e-02 6.77e-08  6.24e-08  7564s
  49   1.53051434e+00  1.53392086e+00  2.08e-02 5.96e-08  5.54e-08  7619s
  50   1.53248005e+00  1.53514111e+00  1.85e-02 5.43e-08  5.02e-08  7674s
  51   1.53404353e+00  1.53658582e+00  1.67e-02 4.83e-08  4.55e-08  7736s
  52   1.53580769e+00  1.53818875e+00  1.48e-02 4.19e-08  4.04e-08  7796s
  53   1.53730039e+00  1.54064205e+00  1.30e-02 3.26e-08  3.42e-08  7862s
  54   1.53956817e+00  1.54158911e+00  1.03e-02 2.90e-08  2.89e-08  7920s
  55   1.54062661e+00  1.54299971e+00  9.08e-03 2.36e-08  2.50e-08  7992s
  56   1.54094253e+00  1.54369298e+00  8.63e-03 2.06e-08  2.30e-08  8077s
  57   1.54225892e+00  1.54446425e+00  6.99e-03 1.72e-08  1.91e-08  8172s
  58   1.54331701e+00  1.54499871e+00  5.31e-03 1.45e-08  1.58e-08  8264s
  59   1.54407078e+00  1.54552381e+00  4.11e-03 1.20e-08  1.31e-08  8382s
  60   1.54463090e+00  1.54628470e+00  3.35e-03 8.07e-09  1.00e-08  8531s
  61   1.54476585e+00  1.54637859e+00  3.17e-03 7.31e-09  9.24e-09  8601s
  62   1.54504854e+00  1.54648572e+00  2.72e-03 6.21e-09  7.95e-09  8723s
  63   1.54546598e+00  1.54654099e+00  2.28e-03 5.80e-09  6.97e-09  8768s
  64   1.54568950e+00  1.54677869e+00  2.05e-03 4.81e-09  5.89e-09  8818s
  65   1.54571264e+00  1.54690049e+00  2.03e-03 4.05e-09  5.45e-09  8863s
  66   1.54589425e+00  1.54695525e+00  1.82e-03 3.70e-09  4.93e-09  8938s
  67   1.54610686e+00  1.54708294e+00  1.58e-03 2.88e-09  4.12e-09  8988s
  68   1.54627813e+00  1.54716026e+00  1.37e-03 2.41e-09  3.46e-09  9041s
  69   1.54637196e+00  1.54720248e+00  1.25e-03 2.03e-09  3.05e-09  9087s
  70   1.54642052e+00  1.54723647e+00  1.19e-03 1.72e-09  2.74e-09  9145s
  71   1.54650142e+00  1.54724930e+00  1.08e-03 1.54e-09  2.48e-09  9206s
  72   1.54659045e+00  1.54726608e+00  9.69e-04 1.28e-09  2.15e-09  9283s
  73   1.54668442e+00  1.54727186e+00  8.43e-04 1.13e-09  1.88e-09  9326s
  74   1.54672589e+00  1.54727355e+00  7.84e-04 1.05e-09  1.69e-09  9355s
  75   1.54674206e+00  1.54727172e+00  7.60e-04 8.52e-10  1.54e-09  9403s
  76   1.54679877e+00  1.54726809e+00  6.74e-04 7.41e-10  1.36e-09  9446s
  77   1.54681033e+00  1.54726601e+00  6.55e-04 6.96e-10  1.31e-09  9484s
  78   1.54685254e+00  1.54726226e+00  5.89e-04 7.16e-10  1.18e-09  9529s
  79   1.54687756e+00  1.54726077e+00  5.49e-04 6.92e-10  1.11e-09  9582s
  80   1.54690322e+00  1.54726006e+00  5.18e-04 6.76e-10  1.06e-09  9621s
  81   1.54692703e+00  1.54726218e+00  4.87e-04 6.30e-10  9.94e-10  9657s
  82   1.54694852e+00  1.54726944e+00  4.60e-04 7.70e-10  9.12e-10  9721s
  83   1.54695321e+00  1.54727282e+00  4.54e-04 1.35e-09  8.78e-10  9751s
  84   1.54697345e+00  1.54727417e+00  4.27e-04 8.53e-10  8.29e-10  9782s
  85   1.54697684e+00  1.54727541e+00  4.23e-04 8.40e-10  8.12e-10  9841s
  86   1.54697867e+00  1.54727860e+00  4.20e-04 1.12e-09  7.84e-10  9893s
  87   1.54697962e+00  1.54727962e+00  4.19e-04 2.47e-09  7.75e-10  9961s
  88   1.54699583e+00  1.54728022e+00  3.98e-04 2.36e-09  7.37e-10  9991s
  89   1.54702912e+00  1.54728274e+00  3.54e-04 2.25e-09  6.63e-10  10035s
  90   1.54704015e+00  1.54728366e+00  3.39e-04 2.08e-09  6.31e-10  10072s
  91   1.54704316e+00  1.54728555e+00  3.35e-04 1.94e-09  6.15e-10  10110s
  92   1.54705188e+00  1.54728637e+00  3.24e-04 1.73e-09  5.88e-10  10147s
  93   1.54705384e+00  1.54728763e+00  3.21e-04 1.87e-09  5.77e-10  10199s
  94   1.54707140e+00  1.54728788e+00  2.98e-04 1.77e-09  5.41e-10  10232s
  95   1.54712388e+00  1.54728938e+00  2.28e-04 1.74e-09  4.34e-10  10270s
  96   1.54712956e+00  1.54729047e+00  2.21e-04 1.64e-09  4.15e-10  10298s
  97   1.54713032e+00  1.54729124e+00  2.20e-04 1.59e-09  4.09e-10  10337s
  98   1.54713131e+00  1.54729243e+00  2.19e-04 1.48e-09  4.00e-10  10375s
  99   1.54715074e+00  1.54729336e+00  1.94e-04 1.41e-09  3.59e-10  10411s
 100   1.54715331e+00  1.54729714e+00  1.91e-04 1.15e-09  3.43e-10  10457s
 101   1.54715397e+00  1.54729720e+00  1.90e-04 1.18e-09  3.41e-10  10485s
 102   1.54715830e+00  1.54730044e+00  1.85e-04 1.10e-09  3.22e-10  10525s
 103   1.54716209e+00  1.54730120e+00  1.80e-04 1.58e-09  3.12e-10  10564s
 104   1.54716399e+00  1.54730249e+00  1.78e-04 1.37e-09  3.04e-10  10618s
 105   1.54716452e+00  1.54730324e+00  1.77e-04 1.13e-09  3.00e-10  10652s
 106   1.54716492e+00  1.54730358e+00  1.77e-04 1.18e-09  2.95e-10  10687s
 107   1.54718413e+00  1.54730393e+00  1.54e-04 1.03e-09  2.58e-10  10731s
 108   1.54719676e+00  1.54730569e+00  1.38e-04 5.85e-10  2.27e-10  10771s
 109   1.54719695e+00  1.54730688e+00  1.38e-04 4.36e-10  2.21e-10  10816s
 110   1.54719715e+00  1.54730756e+00  1.37e-04 3.82e-10  2.16e-10  10860s
 111   1.54719715e+00  1.54730755e+00  1.37e-04 8.51e-10  2.16e-10  10891s
 112   1.54719715e+00  1.54730755e+00  1.37e-04 8.28e-10  2.16e-10  10920s
 113   1.54719842e+00  1.54731059e+00  1.36e-04 5.35e-10  2.14e-10  10977s
 114   1.54719894e+00  1.54731049e+00  1.35e-04 5.12e-10  2.12e-10  11015s
 115   1.54720287e+00  1.54731025e+00  1.30e-04 4.38e-10  2.03e-10  11097s
 116   1.54720296e+00  1.54731012e+00  1.30e-04 3.44e-10  1.99e-10  11161s
 117   1.54720324e+00  1.54731002e+00  1.30e-04 7.09e-10  1.98e-10  11238s
 118   1.54720336e+00  1.54730992e+00  1.30e-04 6.14e-10  1.96e-10  11287s
 119   1.54720386e+00  1.54730993e+00  1.29e-04 5.47e-10  1.95e-10  11339s
 120   1.54720889e+00  1.54730982e+00  1.23e-04 4.89e-10  1.85e-10  11387s
 121   1.54720889e+00  1.54730981e+00  1.23e-04 4.48e-10  1.85e-10  11427s
 122   1.54720952e+00  1.54730984e+00  1.22e-04 4.57e-10  1.84e-10  11454s
 123   1.54720967e+00  1.54730978e+00  1.22e-04 4.52e-10  1.83e-10  11489s
 124   1.54721851e+00  1.54730954e+00  1.11e-04 5.01e-10  1.66e-10  11547s
 125   1.54721896e+00  1.54730948e+00  1.10e-04 5.85e-10  1.64e-10  11596s
 126   1.54721996e+00  1.54730941e+00  1.09e-04 6.04e-10  1.62e-10  11652s
 127   1.54722050e+00  1.54730944e+00  1.09e-04 1.02e-09  1.61e-10  11687s
 128   1.54722093e+00  1.54730947e+00  1.08e-04 9.56e-10  1.60e-10  11738s
 129   1.54722644e+00  1.54730945e+00  1.01e-04 8.31e-10  1.50e-10  11767s
 130   1.54722649e+00  1.54730931e+00  1.01e-04 6.24e-10  1.49e-10  11806s
 131   1.54722777e+00  1.54730923e+00  9.95e-05 8.26e-10  1.47e-10  11850s
 132   1.54723000e+00  1.54730913e+00  9.68e-05 1.10e-09  1.42e-10  11941s
 133   1.54723157e+00  1.54730902e+00  9.48e-05 8.08e-10  1.39e-10  12002s
 134   1.54723165e+00  1.54730890e+00  9.47e-05 7.83e-10  1.39e-10  12051s
 135   1.54723174e+00  1.54730896e+00  9.46e-05 6.54e-10  1.38e-10  12125s
 136   1.54723248e+00  1.54730913e+00  9.37e-05 8.74e-10  1.37e-10  12181s
 137   1.54723284e+00  1.54730910e+00  9.32e-05 9.26e-10  1.37e-10  12234s
 138   1.54723406e+00  1.54730915e+00  9.17e-05 1.00e-09  1.34e-10  12288s
 139   1.54723449e+00  1.54730897e+00  9.12e-05 8.21e-10  1.33e-10  12345s
 140   1.54723502e+00  1.54730886e+00  9.05e-05 7.75e-10  1.32e-10  12399s
 141   1.54723795e+00  1.54730881e+00  8.69e-05 7.79e-10  1.27e-10  12454s
 142   1.54723831e+00  1.54730886e+00  8.65e-05 8.99e-10  1.26e-10  12517s
 143   1.54724581e+00  1.54730877e+00  7.72e-05 8.28e-10  1.13e-10  12593s
 144   1.54724643e+00  1.54730865e+00  7.64e-05 7.63e-10  1.12e-10  12663s
 145   1.54724656e+00  1.54730867e+00  7.63e-05 1.18e-09  1.11e-10  12709s
 146   1.54725109e+00  1.54730845e+00  7.06e-05 1.08e-09  1.03e-10  12799s
 147   1.54725151e+00  1.54730834e+00  7.01e-05 6.88e-10  1.02e-10  12886s
 148   1.54725220e+00  1.54730833e+00  6.92e-05 9.72e-10  1.01e-10  12944s
 149   1.54725306e+00  1.54730823e+00  6.81e-05 8.21e-10  9.91e-11  13012s
 150   1.54725522e+00  1.54730813e+00  6.54e-05 6.01e-10  9.51e-11  13087s
 151   1.54726781e+00  1.54730805e+00  4.97e-05 4.96e-10  7.24e-11  13164s
 152   1.54727058e+00  1.54730796e+00  4.63e-05 3.32e-10  6.73e-11  13319s
 153   1.54728719e+00  1.54730787e+00  2.56e-05 2.59e-10  3.73e-11  13432s
 154   1.54728780e+00  1.54730781e+00  2.48e-05 4.06e-10  3.61e-11  13535s
 155   1.54728802e+00  1.54730778e+00  2.45e-05 3.42e-10  3.56e-11  13572s
 156   1.54728835e+00  1.54730777e+00  2.41e-05 6.71e-10  3.50e-11  13616s
 157   1.54728856e+00  1.54730774e+00  2.39e-05 4.81e-10  3.46e-11  13640s
 158   1.54728859e+00  1.54730772e+00  2.38e-05 2.82e-10  3.45e-11  13672s
 159   1.54728929e+00  1.54730770e+00  2.29e-05 2.00e-10  3.33e-11  13717s
 160   1.54728952e+00  1.54730769e+00  2.27e-05 5.04e-10  3.28e-11  13752s
 161   1.54728975e+00  1.54730768e+00  2.24e-05 3.39e-10  3.24e-11  13797s
 162   1.54728997e+00  1.54730766e+00  2.21e-05 2.60e-10  3.20e-11  13822s
 163   1.54728998e+00  1.54730766e+00  2.21e-05 3.48e-10  3.20e-11  13851s
 164   1.54729012e+00  1.54730766e+00  2.19e-05 7.85e-10  3.17e-11  13875s
 165   1.54729033e+00  1.54730765e+00  2.17e-05 5.30e-10  3.13e-11  13915s
 166   1.54729051e+00  1.54730765e+00  2.14e-05 4.26e-10  3.10e-11  13956s
 167   1.54729057e+00  1.54730770e+00  2.14e-05 3.58e-10  3.10e-11  14009s
 168   1.54729156e+00  1.54730767e+00  2.01e-05 3.14e-10  2.91e-11  14047s
 169   1.54729237e+00  1.54730765e+00  1.91e-05 3.78e-10  2.76e-11  14086s
 170   1.54729275e+00  1.54730764e+00  1.86e-05 2.19e-10  2.69e-11  14113s
 171   1.54729420e+00  1.54730763e+00  1.68e-05 2.36e-10  2.43e-11  14147s
 172   1.54729522e+00  1.54730763e+00  1.55e-05 2.19e-10  2.25e-11  14186s
 173   1.54729539e+00  1.54730763e+00  1.53e-05 1.87e-10  2.21e-11  14214s
 174   1.54729543e+00  1.54730765e+00  1.53e-05 1.05e-09  2.21e-11  14259s
 175   1.54729702e+00  1.54730765e+00  1.33e-05 1.03e-09  1.92e-11  14325s
 176   1.54729740e+00  1.54730763e+00  1.28e-05 5.96e-10  1.85e-11  14353s
 177   1.54729759e+00  1.54730762e+00  1.26e-05 3.77e-10  1.82e-11  14392s
 178   1.54729783e+00  1.54730762e+00  1.23e-05 4.62e-10  1.77e-11  14420s
 179   1.54729809e+00  1.54730763e+00  1.19e-05 4.58e-10  1.73e-11  14466s
 180   1.54729833e+00  1.54730762e+00  1.16e-05 4.49e-10  1.68e-11  14494s
 181   1.54730010e+00  1.54730762e+00  9.43e-06 4.39e-10  1.36e-11  14519s
 182   1.54730037e+00  1.54730762e+00  9.09e-06 5.35e-10  1.32e-11  14554s
 183   1.54730071e+00  1.54730762e+00  8.67e-06 6.92e-10  1.25e-11  14591s
 184   1.54730095e+00  1.54730761e+00  8.37e-06 7.35e-10  1.21e-11  14641s
 185   1.54730121e+00  1.54730761e+00  8.04e-06 4.10e-10  1.16e-11  14681s
 186   1.54730131e+00  1.54730761e+00  7.91e-06 5.83e-10  1.14e-11  14726s
 187   1.54730152e+00  1.54730761e+00  7.64e-06 5.46e-10  1.11e-11  14767s
 188   1.54730198e+00  1.54730760e+00  7.06e-06 2.97e-10  1.02e-11  14799s
 189   1.54730206e+00  1.54730760e+00  6.95e-06 3.28e-10  1.01e-11  14842s
 190   1.54730225e+00  1.54730760e+00  6.72e-06 3.97e-10  9.73e-12  14868s
 191   1.54730239e+00  1.54730760e+00  6.54e-06 3.81e-10  9.47e-12  14896s
 192   1.54730255e+00  1.54730760e+00  6.35e-06 6.36e-10  9.19e-12  14920s
 193   1.54730267e+00  1.54730760e+00  6.20e-06 4.29e-10  8.97e-12  14976s
 194   1.54730271e+00  1.54730760e+00  6.15e-06 5.53e-10  8.90e-12  15042s
 195   1.54730292e+00  1.54730760e+00  5.88e-06 3.23e-10  8.51e-12  15081s
 196   1.54730294e+00  1.54730759e+00  5.85e-06 5.41e-10  8.48e-12  15139s
 197   1.54730303e+00  1.54730759e+00  5.75e-06 3.98e-10  8.31e-12  15213s
 198   1.54730315e+00  1.54730759e+00  5.59e-06 6.72e-10  8.09e-12  15275s
 199   1.54730322e+00  1.54730759e+00  5.51e-06 1.44e-09  7.97e-12  15322s
 200   1.54730349e+00  1.54730759e+00  5.16e-06 1.21e-09  7.47e-12  15365s
 201   1.54730369e+00  1.54730758e+00  4.91e-06 6.33e-10  7.09e-12  15452s
 202   1.54730471e+00  1.54730758e+00  3.62e-06 3.61e-10  5.23e-12  15496s
 203   1.54730541e+00  1.54730758e+00  2.74e-06 4.60e-10  3.96e-12  15537s
 204   1.54730541e+00  1.54730758e+00  2.74e-06 4.63e-10  3.96e-12  15616s
 205   1.54730541e+00  1.54730759e+00  2.74e-06 4.75e-10  3.97e-12  15650s
 206   1.54730633e+00  1.54730758e+00  1.57e-06 3.79e-10  2.29e-12  15703s
 207   1.54730654e+00  1.54730758e+00  1.31e-06 4.97e-10  1.91e-12  15737s
 208   1.54730687e+00  1.54730758e+00  9.03e-07 5.12e-10  1.30e-12  15794s
 209   1.54730711e+00  1.54730759e+00  6.19e-07 8.89e-10  8.89e-13  15830s
 210   1.54730718e+00  1.54730759e+00  5.16e-06 1.69e-09  7.58e-13  15870s
 211   1.54730718e+00  1.54730759e+00  5.10e-06 1.64e-09  7.50e-13  15911s
 212   1.54730720e+00  1.54730759e+00  4.91e-06 1.61e-09  7.24e-13  15954s
 213   1.54730718e+00  1.54730753e+00  4.93e-06 1.44e-08  6.80e-13  15987s
 214   1.54730718e+00  1.54730755e+00  4.87e-06 8.18e-09  6.69e-13  16047s
 215   1.54730719e+00  1.54730755e+00  4.82e-06 7.76e-09  6.63e-13  16107s
 216   1.54730720e+00  1.54730756e+00  4.72e-06 6.78e-09  6.50e-13  16195s
 217   1.54730721e+00  1.54730756e+00  4.61e-06 5.20e-09  6.32e-13  16255s
 218   1.54730725e+00  1.54730757e+00  4.11e-06 2.66e-09  5.64e-13  16371s
 219   1.54730724e+00  1.54730757e+00  4.09e-06 2.65e-09  5.62e-13  16437s
 220   1.54730725e+00  1.54730758e+00  4.02e-06 2.29e-09  5.62e-13  16502s
 221   1.54730731e+00  1.54730758e+00  3.22e-06 1.47e-09  4.48e-13  16628s
 222   1.54730732e+00  1.54730758e+00  3.13e-06 1.11e-09  4.35e-13  16707s
 223   1.54730733e+00  1.54730758e+00  3.02e-06 1.20e-09  4.20e-13  16752s
 224   1.54730733e+00  1.54730758e+00  3.00e-06 1.67e-09  4.17e-13  16824s

Barrier solved model in 224 iterations and 16824.00 seconds (9108.77 work units)
Optimal objective 1.54730733e+00

