Set parameter Username
Academic license - for non-commercial use only - expires 2027-02-09
Set parameter Threads to value 4
Set parameter Method to value 2
Set parameter BarOrder to value 1
Set parameter BarHomogeneous to value 1
Set parameter NumericFocus to value 2
Set parameter Crossover to value 0
Gurobi Optimizer version 9.5.1 build v9.5.1rc2 (linux64)
Thread count: 32 physical cores, 64 logical processors, using up to 4 threads
Optimize a model with 5698579 rows, 4209312 columns and 38858727 nonzeros
Model fingerprint: 0x1ab34082
Coefficient statistics:
  Matrix range     [2e-04, 3e+00]
  Objective range  [1e+00, 1e+00]
  Bounds range     [0e+00, 0e+00]
  RHS range        [7e-04, 1e+00]
Presolve removed 981846 rows and 3561218 columns (presolve time = 5s) ...
Presolve removed 2523826 rows and 3561218 columns (presolve time = 12s) ...
Presolve removed 2645808 rows and 3683200 columns (presolve time = 15s) ...
Presolve removed 2645808 rows and 3683200 columns (presolve time = 23s) ...
Presolve removed 2645810 rows and 3683201 columns (presolve time = 25s) ...
Presolve removed 2883980 rows and 3683201 columns
Presolve time: 30.55s
Presolved: 2814599 rows, 526111 columns, 18771567 nonzeros
Ordering time: 2.82s

Barrier statistics:
 Dense cols : 284
 AA' NZ     : 5.716e+07
 Factor NZ  : 8.234e+07 (roughly 2.0 GB of memory)
 Factor Ops : 5.742e+09 (less than 1 second per iteration)
 Threads    : 4

                  Objective                Residual
Iter       Primal          Dual         Primal    Dual     Compl     Time
   0   9.63963570e+00  2.50000000e+02  3.10e+07 6.25e-02  1.00e+06  2329s
   1   3.89664593e+00 -5.60461589e+05  2.27e+07 3.37e+02  5.41e+05  2335s
   2   2.30102332e+01 -4.74694188e+05  1.72e+07 1.48e+02  3.25e+05  2344s
   3   7.63912464e+01  2.68755928e+06  9.80e+06 8.33e+01  1.85e+05  2354s
   4   4.46073522e+00  5.27848860e+04  2.36e+05 1.53e+00  1.05e+02  2363s
   5   2.54569395e+00  6.88786262e+03  4.49e+04 2.55e-01  3.85e+00  2370s
   6   2.23724469e+00  1.64741604e+03  8.59e+03 6.08e-02  3.51e-01  2379s
   7   2.18996952e+00  6.37474685e+02  3.02e+03 2.38e-02  9.69e-02  2392s
   8   2.17602735e+00  2.40907026e+02  1.44e+03 8.88e-03  3.81e-02  2400s
   9   2.17014680e+00  1.02848660e+02  6.74e+02 3.63e-03  1.60e-02  2407s
  10   2.17007722e+00  6.58337909e+01  4.59e+02 2.31e-03  1.05e-02  2413s
  11   2.17047317e+00  4.68695908e+01  4.10e+02 1.60e-03  8.63e-03  2421s
  12   2.17471173e+00  3.46202965e+01  2.87e+02 1.16e-03  6.13e-03  2431s
  13   2.19035571e+00  2.55066606e+01  1.85e+02 8.38e-04  4.20e-03  2442s
  14   2.20363267e+00  2.08015841e+01  1.62e+02 6.71e-04  4.08e-03  2458s
  15   2.21344245e+00  1.62077442e+01  1.60e+02 5.51e-04  5.16e-03  2472s
  16   2.21142611e+00  1.49271035e+01  1.59e+02 5.25e-04  5.52e-03  2483s
  17   2.20272546e+00  1.30523435e+01  1.56e+02 4.58e-04  5.62e-03  2494s
  18   2.13957642e+00  1.21608429e+01  1.38e+02 4.31e-04  5.22e-03  2507s
  19   2.10581120e+00  9.63662500e+00  1.28e+02 3.07e-04  4.32e-03  2517s
  20   1.98986520e+00  7.09828504e+00  9.62e+01 1.86e-04  2.74e-03  2529s
  21   1.90421275e+00  6.19609583e+00  7.27e+01 1.50e-04  1.90e-03  2542s
  22   1.80364283e+00  4.33199095e+00  4.50e+01 7.89e-05  8.54e-04  2554s
  23   1.71192464e+00  3.11064608e+00  1.83e+01 4.30e-05  2.68e-04  2567s
  24   1.69959612e+00  2.41779536e+00  1.54e+01 2.23e-05  1.53e-04  2580s
  25   1.68241361e+00  2.25227172e+00  1.23e+01 1.78e-05  1.10e-04  2593s
  26   1.62407536e+00  2.18646672e+00  5.71e+00 1.59e-05  5.66e-05  2603s
  27   1.60420085e+00  2.06043665e+00  3.67e+00 1.27e-05  3.68e-05  2617s
  28   1.58607076e+00  1.97054984e+00  2.34e+00 1.04e-05  2.53e-05  2630s
  29   1.56713603e+00  1.88151078e+00  1.56e+00 8.30e-06  1.84e-05  2643s
  30   1.55941660e+00  1.85498028e+00  1.39e+00 7.73e-06  1.70e-05  2656s
  31   1.53187246e+00  1.81307913e+00  9.79e-01 6.87e-06  1.44e-05  2670s
  32   1.51050825e+00  1.73711218e+00  6.83e-01 5.41e-06  1.09e-05  2685s
  33   1.50304735e+00  1.67876218e+00  4.86e-01 4.12e-06  7.68e-06  2700s
  34   1.49797274e+00  1.63636565e+00  3.61e-01 3.22e-06  5.57e-06  2716s
  35   1.49498111e+00  1.59769899e+00  2.65e-01 2.38e-06  3.78e-06  2732s
  36   1.49445780e+00  1.56827940e+00  2.46e-01 1.76e-06  2.78e-06  2750s
  37   1.49261202e+00  1.55266720e+00  1.57e-01 1.39e-06  1.96e-06  2767s
  38   1.49330200e+00  1.53755412e+00  1.17e-01 1.04e-06  1.38e-06  2785s
  39   1.50303154e+00  1.52281133e+00  5.78e-02 5.65e-07  6.33e-07  2804s
  40   1.51171914e+00  1.52056749e+00  2.71e-02 3.92e-07  3.72e-07  2825s
  41   1.51539721e+00  1.52207628e+00  1.74e-02 2.80e-07  2.54e-07  2844s
  42   1.51918852e+00  1.52301531e+00  1.32e-02 2.22e-07  1.93e-07  2860s
  43   1.52521868e+00  1.52552445e+00  1.01e-02 1.65e-07  1.39e-07  2877s
  44   1.52728430e+00  1.52762351e+00  9.06e-03 1.44e-07  1.23e-07  2893s
  45   1.53023619e+00  1.52964041e+00  7.92e-03 1.26e-07  1.08e-07  2917s
  46   1.53247081e+00  1.53390282e+00  7.09e-03 9.65e-08  9.00e-08  2947s
  47   1.53551290e+00  1.53622512e+00  5.76e-03 8.12e-08  7.61e-08  2975s
  48   1.53783347e+00  1.53845779e+00  4.79e-03 6.71e-08  6.45e-08  3008s
  49   1.53978118e+00  1.54048367e+00  3.91e-03 5.43e-08  5.33e-08  3045s
  50   1.54148203e+00  1.54198162e+00  3.06e-03 4.45e-08  4.38e-08  3081s
  51   1.54299956e+00  1.54360866e+00  2.20e-03 3.35e-08  3.39e-08  3123s
  52   1.54406640e+00  1.54520956e+00  1.65e-03 2.24e-08  2.50e-08  3180s
  53   1.54456483e+00  1.54585912e+00  1.37e-03 1.65e-08  1.97e-08  3249s
  54   1.54486310e+00  1.54604528e+00  1.24e-03 1.49e-08  1.79e-08  3308s
  55   1.54536409e+00  1.54660938e+00  1.07e-03 1.12e-08  1.44e-08  3339s
  56   1.54560955e+00  1.54684856e+00  9.64e-04 9.03e-09  1.22e-08  3370s
  57   1.54598043e+00  1.54696576e+00  8.09e-04 7.98e-09  1.05e-08  3403s
  58   1.54629731e+00  1.54716334e+00  6.73e-04 6.19e-09  8.42e-09  3420s
  59   1.54634334e+00  1.54718498e+00  6.52e-04 5.96e-09  8.13e-09  3441s
  60   1.54641071e+00  1.54732657e+00  6.17e-04 4.58e-09  6.97e-09  3474s
  61   1.54664320e+00  1.54744435e+00  5.05e-04 3.26e-09  5.33e-09  3503s
  62   1.54678212e+00  1.54750922e+00  4.34e-04 2.28e-09  4.19e-09  3541s
  63   1.54693544e+00  1.54753115e+00  3.50e-04 1.77e-09  3.32e-09  3566s
  64   1.54697765e+00  1.54753613e+00  3.25e-04 1.49e-09  2.96e-09  3587s
  65   1.54700257e+00  1.54753811e+00  3.10e-04 1.27e-09  2.67e-09  3604s
  66   1.54711030e+00  1.54753802e+00  2.47e-04 1.17e-09  2.28e-09  3627s
  67   1.54712804e+00  1.54755403e+00  2.39e-04 1.01e-09  2.12e-09  3646s
  68   1.54714344e+00  1.54756943e+00  2.32e-04 9.49e-10  1.93e-09  3667s
  69   1.54721364e+00  1.54757778e+00  1.94e-04 8.06e-10  1.63e-09  3690s
  70   1.54723677e+00  1.54758180e+00  1.82e-04 7.07e-10  1.50e-09  3720s
  71   1.54726238e+00  1.54758648e+00  1.69e-04 6.00e-10  1.34e-09  3738s
  72   1.54733984e+00  1.54759062e+00  1.30e-04 4.93e-10  1.06e-09  3760s
  73   1.54736452e+00  1.54759554e+00  1.18e-04 6.20e-10  9.54e-10  3781s
  74   1.54743961e+00  1.54759763e+00  8.00e-05 7.12e-10  7.33e-10  3807s
  75   1.54745310e+00  1.54760045e+00  7.37e-05 6.83e-10  6.40e-10  3827s
  76   1.54745389e+00  1.54760588e+00  7.34e-05 4.39e-10  5.80e-10  3858s
  77   1.54746403e+00  1.54760685e+00  6.87e-05 4.04e-10  5.30e-10  3879s
  78   1.54746403e+00  1.54760688e+00  6.87e-05 6.67e-10  5.30e-10  3896s
  79   1.54746426e+00  1.54760783e+00  6.86e-05 7.08e-10  5.21e-10  3914s
  80   1.54752995e+00  1.54760929e+00  3.89e-05 3.81e-09  3.31e-10  3940s
  81   1.54753069e+00  1.54760963e+00  3.85e-05 3.71e-09  3.19e-10  3959s
  82   1.54753487e+00  1.54760986e+00  3.66e-05 3.23e-09  3.01e-10  3982s
  83   1.54753684e+00  1.54761002e+00  3.56e-05 3.15e-09  2.89e-10  4000s
  84   1.54753687e+00  1.54761022e+00  3.56e-05 3.00e-09  2.84e-10  4018s
  85   1.54753749e+00  1.54761041e+00  3.53e-05 2.79e-09  2.77e-10  4041s
  86   1.54753755e+00  1.54761041e+00  3.53e-05 2.69e-09  2.77e-10  4058s
  87   1.54753756e+00  1.54761041e+00  3.53e-05 2.69e-09  2.77e-10  4080s
  88   1.54753788e+00  1.54761071e+00  3.51e-05 2.37e-09  2.69e-10  4100s
  89   1.54754299e+00  1.54761095e+00  3.27e-05 2.13e-09  2.49e-10  4130s
  90   1.54754672e+00  1.54761117e+00  3.10e-05 1.91e-09  2.33e-10  4155s
  91   1.54754794e+00  1.54761163e+00  3.04e-05 1.43e-09  2.19e-10  4188s
  92   1.54754990e+00  1.54761195e+00  2.95e-05 1.17e-09  2.06e-10  4220s
  93   1.54755138e+00  1.54761213e+00  2.88e-05 1.03e-09  1.98e-10  4243s
  94   1.54755145e+00  1.54761222e+00  2.87e-05 1.01e-09  1.95e-10  4271s
  95   1.54755230e+00  1.54761224e+00  2.83e-05 8.58e-10  1.90e-10  4297s
  96   1.54755494e+00  1.54761243e+00  2.71e-05 6.35e-10  1.78e-10  4323s
  97   1.54755520e+00  1.54761244e+00  2.70e-05 6.00e-10  1.77e-10  4341s
  98   1.54755597e+00  1.54761244e+00  2.66e-05 6.08e-10  1.75e-10  4361s
  99   1.54755605e+00  1.54761249e+00  2.66e-05 7.95e-10  1.73e-10  4381s
 100   1.54755605e+00  1.54761249e+00  2.66e-05 1.14e-09  1.73e-10  4404s
 101   1.54755719e+00  1.54761423e+00  2.61e-05 9.25e-10  1.71e-10  4430s
 102   1.54755737e+00  1.54761398e+00  2.60e-05 1.29e-09  1.68e-10  4464s
 103   1.54756123e+00  1.54761380e+00  2.41e-05 9.67e-10  1.55e-10  4493s
 104   1.54756795e+00  1.54761345e+00  2.10e-05 7.28e-10  1.34e-10  4525s
 105   1.54756824e+00  1.54761332e+00  2.08e-05 6.69e-10  1.32e-10  4550s
 106   1.54757030e+00  1.54761322e+00  1.99e-05 9.35e-10  1.25e-10  4576s
 107   1.54757069e+00  1.54761296e+00  1.97e-05 7.12e-10  1.22e-10  4593s
 108   1.54757076e+00  1.54761295e+00  1.96e-05 6.67e-10  1.21e-10  4638s
 109   1.54757078e+00  1.54761285e+00  1.96e-05 7.30e-10  1.21e-10  4660s
 110   1.54757210e+00  1.54761282e+00  1.90e-05 7.52e-10  1.17e-10  4684s
 111   1.54757216e+00  1.54761281e+00  1.90e-05 7.10e-10  1.16e-10  4708s
 112   1.54757234e+00  1.54761276e+00  1.89e-05 6.88e-10  1.16e-10  4733s
 113   1.54757278e+00  1.54761291e+00  1.87e-05 7.35e-10  1.14e-10  4759s
 114   1.54757665e+00  1.54761285e+00  1.68e-05 3.09e-09  1.03e-10  4802s
 115   1.54758037e+00  1.54761284e+00  1.51e-05 3.99e-09  9.26e-11  4844s
 116   1.54758078e+00  1.54761277e+00  1.49e-05 2.62e-09  9.11e-11  4881s
 117   1.54758092e+00  1.54761264e+00  1.48e-05 1.43e-09  9.03e-11  4912s
 118   1.54758844e+00  1.54761253e+00  1.12e-05 1.17e-09  6.87e-11  4954s
 119   1.54758847e+00  1.54761241e+00  1.12e-05 8.61e-10  6.83e-11  4977s
 120   1.54758889e+00  1.54761238e+00  1.10e-05 9.29e-10  6.69e-11  5004s
 121   1.54758949e+00  1.54761233e+00  1.07e-05 7.75e-10  6.51e-11  5033s
 122   1.54760515e+00  1.54761227e+00  3.29e-06 6.04e-10  2.04e-11  5067s
 123   1.54760610e+00  1.54761219e+00  2.84e-06 4.22e-10  1.75e-11  5116s
 124   1.54760639e+00  1.54761214e+00  2.70e-06 2.93e-10  1.65e-11  5154s
 125   1.54760736e+00  1.54761214e+00  2.24e-06 2.92e-10  1.37e-11  5172s
 126   1.54760741e+00  1.54761213e+00  2.22e-06 1.78e-09  1.35e-11  5207s
 127   1.54760771e+00  1.54761211e+00  2.07e-06 3.89e-09  1.27e-11  5235s
 128   1.54760795e+00  1.54761210e+00  1.96e-06 3.38e-09  1.19e-11  5259s
 129   1.54760807e+00  1.54761208e+00  1.90e-06 3.50e-09  1.15e-11  5300s
 130   1.54760817e+00  1.54761207e+00  1.85e-06 2.67e-09  1.12e-11  5329s
 131   1.54760836e+00  1.54761206e+00  1.76e-06 2.74e-09  1.07e-11  5369s
 132   1.54760846e+00  1.54761205e+00  1.71e-06 4.42e-09  1.04e-11  5425s
 133   1.54760883e+00  1.54761205e+00  1.54e-06 1.63e-09  9.30e-12  5479s
 134   1.54760885e+00  1.54761204e+00  1.53e-06 1.29e-09  9.22e-12  5513s
 135   1.54760907e+00  1.54761203e+00  1.43e-06 1.05e-09  8.58e-12  5536s
 136   1.54760940e+00  1.54761203e+00  1.26e-06 7.45e-10  7.59e-12  5605s
 137   1.54760942e+00  1.54761203e+00  1.25e-06 1.00e-09  7.54e-12  5633s
 138   1.54760946e+00  1.54761203e+00  1.23e-06 6.41e-10  7.41e-12  5664s
 139   1.54760950e+00  1.54761202e+00  1.22e-06 2.80e-10  7.29e-12  5705s
 140   1.54760952e+00  1.54761202e+00  1.20e-06 2.28e-10  7.24e-12  5730s
 141   1.54760952e+00  1.54761202e+00  1.20e-06 1.09e-08  7.24e-12  5756s
 142   1.54760952e+00  1.54761203e+00  1.20e-06 1.08e-08  7.24e-12  5795s
 143   1.54761049e+00  1.54761202e+00  7.39e-07 7.08e-09  4.45e-12  5841s
 144   1.54761049e+00  1.54761202e+00  7.40e-07 4.33e-09  4.42e-12  5870s
 145   1.54761054e+00  1.54761202e+00  7.17e-07 3.71e-09  4.29e-12  5887s
 146   1.54761087e+00  1.54761202e+00  5.55e-07 2.52e-09  3.32e-12  5902s
 147   1.54761100e+00  1.54761201e+00  4.95e-07 1.70e-09  2.95e-12  5928s
 148   1.54761100e+00  1.54761201e+00  4.93e-07 1.64e-09  2.94e-12  5971s
 149   1.54761102e+00  1.54761201e+00  4.84e-07 1.48e-09  2.89e-12  5983s
 150   1.54761115e+00  1.54761201e+00  4.20e-07 9.27e-10  2.49e-12  6008s
 151   1.54761116e+00  1.54761201e+00  4.20e-07 9.00e-10  2.47e-12  6024s
 152   1.54761120e+00  1.54761201e+00  3.98e-07 8.06e-10  2.35e-12  6049s
 153   1.54761121e+00  1.54761201e+00  3.94e-07 2.14e-09  2.32e-12  6086s
 154   1.54761122e+00  1.54761201e+00  3.88e-07 4.97e-10  2.29e-12  6126s
 155   1.54761139e+00  1.54761201e+00  2.99e-07 2.49e-10  1.79e-12  6166s
 156   1.54761140e+00  1.54761201e+00  3.00e-07 3.49e-10  1.78e-12  6204s
 157   1.54761140e+00  1.54761201e+00  3.04e-07 2.03e-10  1.77e-12  6227s
 158   1.54761140e+00  1.54761201e+00  3.05e-07 3.29e-10  1.76e-12  6264s
 159   1.54761152e+00  1.54761201e+00  2.54e-07 1.83e-10  1.42e-12  6290s
 160   1.54761153e+00  1.54761201e+00  2.54e-07 4.40e-10  1.38e-12  6320s
 161   1.54761154e+00  1.54761201e+00  2.44e-07 2.27e-10  1.35e-12  6340s
 162   1.54761155e+00  1.54761201e+00  2.47e-07 1.78e-10  1.34e-12  6357s
 163   1.54761156e+00  1.54761201e+00  2.40e-07 2.14e-10  1.30e-12  6380s
 164   1.54761161e+00  1.54761201e+00  2.18e-07 1.13e-10  1.15e-12  6412s
 165   1.54761161e+00  1.54761201e+00  2.19e-07 1.42e-10  1.14e-12  6435s
 166   1.54761162e+00  1.54761201e+00  2.13e-07 2.63e-10  1.14e-12  6469s
 167   1.54761162e+00  1.54761201e+00  2.14e-07 2.38e-10  1.12e-12  6503s
 168   1.54761164e+00  1.54761201e+00  2.07e-07 2.86e-10  1.07e-12  6528s
 169   1.54761173e+00  1.54761201e+00  1.64e-07 2.59e-10  8.20e-13  6553s
 170   1.54761173e+00  1.54761201e+00  1.55e-07 2.59e-10  8.01e-13  6571s
 171   1.54761174e+00  1.54761201e+00  1.57e-07 2.43e-10  7.87e-13  6592s
 172   1.54761175e+00  1.54761201e+00  1.50e-07 3.85e-10  7.44e-13  6611s
 173   1.54761177e+00  1.54761201e+00  1.44e-07 1.61e-10  6.87e-13  6624s

Barrier solved model in 173 iterations and 6623.79 seconds (3915.89 work units)
Optimal objective 1.54761177e+00

