Set parameter Username
Academic license - for non-commercial use only - expires 2027-02-09
Set parameter Threads to value 4
Set parameter Method to value 2
Set parameter BarOrder to value 1
Set parameter BarHomogeneous to value 1
Set parameter NumericFocus to value 2
Set parameter Crossover to value 0
Gurobi Optimizer version 9.5.1 build v9.5.1rc2 (linux64)
Thread count: 32 physical cores, 64 logical processors, using up to 4 threads
Optimize a model with 3043419 rows, 1445630 columns and 22518097 nonzeros
Model fingerprint: 0xd0be2344
Coefficient statistics:
  Matrix range     [2e-04, 3e+00]
  Objective range  [1e+00, 1e+00]
  Bounds range     [0e+00, 0e+00]
  RHS range        [7e-04, 1e+00]
Presolve removed 1200249 rows and 951634 columns (presolve time = 5s) ...
Presolve removed 1253768 rows and 1407827 columns (presolve time = 11s) ...
Presolve removed 1253768 rows and 1511532 columns (presolve time = 15s) ...
Presolve removed 1253768 rows and 1511532 columns
Presolve time: 16.87s
Presolved: 191862 rows, 1531887 columns, 11245788 nonzeros
Ordering time: 0.40s

Barrier statistics:
 Dense cols : 131
 AA' NZ     : 1.437e+06
 Factor NZ  : 4.998e+06 (roughly 700 MB of memory)
 Factor Ops : 3.015e+08 (less than 1 second per iteration)
 Threads    : 4

                  Objective                Residual
Iter       Primal          Dual         Primal    Dual     Compl     Time
   0   1.68762426e+07  0.00000000e+00  3.57e+08 0.00e+00  1.00e+06    22s
   1   1.57270624e+07 -1.37872866e+01  3.32e+08 8.74e+02  9.45e+05    23s
   2   1.51460853e+07 -1.37995646e+01  3.20e+08 8.58e+02  9.03e+05    25s
   3   1.42303492e+07 -1.30157834e+01  3.01e+08 8.03e+02  8.52e+05    27s
   4   1.35597286e+07 -1.15578327e+01  2.87e+08 7.52e+02  8.03e+05    30s
   5   1.31474012e+07 -7.58614682e+00  2.78e+08 7.42e+02  7.79e+05    32s
   6   1.21987148e+07  1.48242313e+01  2.58e+08 7.15e+02  7.17e+05    36s
   7   1.16647571e+07  1.87968874e+01  2.46e+08 6.79e+02  6.80e+05    39s
   8   1.13029213e+07  4.25656472e+00  2.39e+08 6.67e+02  6.61e+05    42s
   9   1.09692571e+07 -3.54286224e+00  2.32e+08 6.43e+02  6.38e+05    46s
  10   1.00519537e+07  1.44084486e+01  2.12e+08 6.00e+02  5.86e+05    49s
  11   9.72895120e+06  1.27612946e+01  2.05e+08 5.61e+02  5.60e+05    52s
  12   8.99848009e+06  1.74521761e+01  1.90e+08 5.25e+02  5.19e+05    55s
  13   8.38424430e+06  1.92958808e+00  1.77e+08 4.99e+02  4.85e+05    58s
  14   7.48638366e+06  2.73550485e+01  1.58e+08 4.44e+02  4.04e+05    63s
  15   5.71524943e+06  3.48107068e+01  1.20e+08 3.27e+02  2.46e+05    66s
  16   4.47252267e+06  1.84287137e+01  9.30e+07 2.68e+02  1.72e+05    69s
  17   3.33596580e+06  1.48130642e+01  6.90e+07 2.14e+02  1.07e+05    73s
  18   2.45818955e+06  1.05082411e+01  5.07e+07 1.71e+02  6.67e+04    76s
  19   1.85860751e+06  5.58905868e+00  3.82e+07 1.11e+02  3.52e+04    79s
  20   7.25567174e+05  2.66765201e+00  1.48e+07 6.61e+01  8.91e+03    83s
  21   3.31464594e+05  1.96650713e+00  6.76e+06 5.26e+01  3.41e+03    85s
  22   5.98009311e+04  6.22637746e-01  1.21e+06 1.97e+01  2.53e+02    88s
  23   7.40329975e+03  2.81878380e-01  1.51e+05 9.40e+00  1.60e+01    92s
  24   3.21589693e+03  9.86407297e-02  6.55e+04 5.13e+00  4.11e+00    95s
  25   1.69040865e+03  4.69499244e-02  3.43e+04 3.63e+00  1.68e+00    98s
  26   1.10882701e+03  2.25924197e-02  2.25e+04 2.53e+00  8.30e-01   102s
  27   7.24964855e+02  1.32089826e-02  1.47e+04 2.00e+00  4.65e-01   105s
  28   6.29507466e+02  1.08829296e-02  1.28e+04 1.58e+00  3.40e-01   109s
  29   4.97941181e+02  1.35050545e-02  1.01e+04 1.48e+00  2.65e-01   112s
  30   4.17998164e+02  1.57984524e-02  8.48e+03 1.31e+00  2.11e-01   115s
  31   3.34025720e+02  1.89165500e-02  6.78e+03 1.22e+00  1.67e-01   119s
  32   2.78872544e+02  2.51192720e-02  5.66e+03 1.11e+00  1.35e-01   123s
  33   2.16648107e+02  3.72324888e-02  4.39e+03 9.15e-01  9.74e-02   126s
  34   1.64684371e+02  5.52911028e-02  3.34e+03 7.21e-01  6.68e-02   129s
  35   1.05386288e+02  7.72495241e-02  2.14e+03 4.44e-01  3.33e-02   133s
  36   7.92099298e+01  8.82922511e-02  1.60e+03 3.38e-01  2.14e-02   136s
  37   6.29627579e+01  1.05558160e-01  1.27e+03 2.81e-01  1.55e-02   140s
  38   5.29993141e+01  1.36872055e-01  1.07e+03 2.23e-01  1.16e-02   144s
  39   4.58645269e+01  2.20131390e-01  9.26e+02 1.97e-01  9.89e-03   148s
  40   3.79661793e+01  2.87866879e-01  7.64e+02 1.75e-01  8.17e-03   151s
  41   2.96975967e+01  3.21558652e-01  5.89e+02 1.69e-01  7.10e-03   154s
  42   1.35768530e+01  5.90935137e-01  2.50e+02 1.23e-01  2.56e-03   158s
  43   6.65670398e+00  8.60818166e-01  1.04e+02 9.24e-02  9.28e-04   162s
  44   4.63376467e+00  1.22270278e+00  6.13e+01 5.49e-02  3.78e-04   165s
  45   3.89772579e+00  1.38583032e+00  4.57e+01 3.76e-02  2.15e-04   169s
  46   3.74191490e+00  1.41879514e+00  4.24e+01 3.41e-02  1.88e-04   173s
  47   3.80747586e+00  1.42536341e+00  4.35e+01 3.35e-02  1.95e-04   176s
  48   3.64479630e+00  1.49543063e+00  4.01e+01 2.63e-02  1.51e-04   179s
  49   3.32376369e+00  1.53599590e+00  3.33e+01 2.19e-02  8.49e-05   184s
  50   3.05466195e+00  1.57430262e+00  2.77e+01 1.76e-02  6.07e-05   189s
  51   2.85248290e+00  1.59556779e+00  2.34e+01 1.53e-02  4.79e-05   195s
  52   2.72179362e+00  1.60120426e+00  2.07e+01 1.46e-02  4.27e-05   199s
  53   2.58644622e+00  1.63435845e+00  1.79e+01 1.09e-02  3.02e-05   204s
  54   2.49882811e+00  1.63591885e+00  1.60e+01 1.07e-02  2.80e-05   207s
  55   2.36794266e+00  1.65487673e+00  1.33e+01 8.56e-03  2.12e-05   212s
  56   2.27150328e+00  1.67420799e+00  1.12e+01 6.88e-03  1.66e-05   217s
  57   2.20023494e+00  1.68736229e+00  9.62e+00 5.69e-03  1.36e-05   221s
  58   2.09838456e+00  1.70135869e+00  7.46e+00 4.35e-03  9.93e-06   226s
  59   2.02218768e+00  1.68921653e+00  6.05e+00 2.82e-03  7.11e-06   231s
  60   1.98755123e+00  1.68168733e+00  5.48e+00 2.03e-03  6.03e-06   237s
  61   1.95921825e+00  1.67457814e+00  5.04e+00 1.68e-03  5.67e-06   242s
  62   1.93792909e+00  1.66508761e+00  4.72e+00 1.37e-03  5.39e-06   247s
  63   1.92036557e+00  1.65606152e+00  4.49e+00 1.16e-03  5.19e-06   252s
  64   1.90505239e+00  1.64860549e+00  4.27e+00 9.95e-04  4.97e-06   257s
  65   1.89408933e+00  1.64331295e+00  4.12e+00 8.77e-04  4.76e-06   262s
  66   1.86344960e+00  1.64057923e+00  3.64e+00 7.06e-04  4.09e-06   268s
  67   1.83099137e+00  1.64197152e+00  3.10e+00 5.42e-04  3.26e-06   273s
  68   1.79967193e+00  1.64272678e+00  2.56e+00 3.31e-04  2.37e-06   278s
  69   1.76957826e+00  1.64505328e+00  2.05e+00 2.37e-04  1.76e-06   283s
  70   1.76131693e+00  1.64530575e+00  1.92e+00 1.94e-04  1.57e-06   287s
  71   1.75163845e+00  1.64454937e+00  1.76e+00 1.48e-04  1.38e-06   292s
  72   1.74258663e+00  1.64471304e+00  1.61e+00 1.21e-04  1.23e-06   296s
  73   1.73554387e+00  1.64481042e+00  1.50e+00 1.12e-04  1.14e-06   300s
  74   1.73042491e+00  1.64488016e+00  1.41e+00 1.05e-04  1.07e-06   305s
  75   1.72485922e+00  1.64513902e+00  1.32e+00 8.38e-05  9.58e-07   310s
  76   1.71552662e+00  1.64517686e+00  1.16e+00 8.21e-05  8.68e-07   314s
  77   1.71359357e+00  1.64535632e+00  1.12e+00 7.10e-05  8.19e-07   320s
  78   1.71037120e+00  1.64537432e+00  1.06e+00 7.04e-05  7.91e-07   324s
  79   1.70290680e+00  1.64576735e+00  9.37e-01 5.18e-05  6.66e-07   329s
  80   1.69539093e+00  1.64594809e+00  8.05e-01 4.48e-05  5.78e-07   335s
  81   1.69120592e+00  1.64632302e+00  7.34e-01 3.50e-05  5.07e-07   341s
  82   1.68876448e+00  1.64627357e+00  6.92e-01 3.46e-05  4.85e-07   347s
  83   1.68612999e+00  1.64636602e+00  6.47e-01 3.29e-05  4.55e-07   352s
  84   1.68394024e+00  1.64652098e+00  6.09e-01 2.78e-05  4.20e-07   357s
  85   1.68088111e+00  1.64658627e+00  5.56e-01 2.04e-05  3.73e-07   363s
  86   1.67714747e+00  1.64665759e+00  4.93e-01 1.71e-05  3.30e-07   369s
  87   1.67452594e+00  1.64697049e+00  4.47e-01 1.35e-05  2.90e-07   375s
  88   1.66339829e+00  1.64702448e+00  2.62e-01 9.57e-06  1.79e-07   383s
  89   1.65740193e+00  1.64702108e+00  1.62e-01 6.47e-06  1.17e-07   390s
  90   1.65414801e+00  1.64704381e+00  1.10e-01 3.62e-06  7.80e-08   396s
  91   1.65214389e+00  1.64708916e+00  7.84e-02 2.77e-06  5.61e-08   403s
  92   1.65045341e+00  1.64712456e+00  5.15e-02 2.03e-06  3.77e-08   409s
  93   1.64950793e+00  1.64713786e+00  3.65e-02 1.46e-06  2.70e-08   414s
  94   1.64912075e+00  1.64714524e+00  3.03e-02 1.24e-06  2.26e-08   419s
  95   1.64873921e+00  1.64715480e+00  2.43e-02 9.35e-07  1.80e-08   425s
  96   1.64858540e+00  1.64715665e+00  2.19e-02 7.52e-07  1.59e-08   430s
  97   1.64840177e+00  1.64715780e+00  1.91e-02 7.29e-07  1.41e-08   435s
  98   1.64819523e+00  1.64716353e+00  1.58e-02 5.03e-07  1.14e-08   441s
  99   1.64794952e+00  1.64716488e+00  1.20e-02 4.10e-07  8.76e-09   446s
 100   1.64772982e+00  1.64716673e+00  8.61e-03 2.68e-07  6.20e-09   452s
 101   1.64763707e+00  1.64716649e+00  7.18e-03 1.89e-07  5.08e-09   458s
 102   1.64744077e+00  1.64716658e+00  4.17e-03 9.92e-08  2.93e-09   463s
 103   1.64731265e+00  1.64716688e+00  2.22e-03 5.16e-08  1.56e-09   470s
 104   1.64724943e+00  1.64716718e+00  1.25e-03 2.62e-08  8.69e-10   477s
 105   1.64724794e+00  1.64716723e+00  1.23e-03 1.97e-08  8.34e-10   481s
 106   1.64724790e+00  1.64716728e+00  1.23e-03 1.41e-08  8.15e-10   484s
 107   1.64722309e+00  1.64716728e+00  8.49e-04 9.48e-09  5.67e-10   493s
 108   1.64722182e+00  1.64716729e+00  8.29e-04 7.48e-09  5.49e-10   497s
 109   1.64722175e+00  1.64716731e+00  8.28e-04 5.44e-09  5.41e-10   500s
 110   1.64722166e+00  1.64716732e+00  8.27e-04 4.62e-09  5.38e-10   504s
 111   1.64722156e+00  1.64716732e+00  8.25e-04 3.86e-09  5.34e-10   507s
 112   1.64722145e+00  1.64716732e+00  8.24e-04 2.90e-09  5.30e-10   511s
 113   1.64722135e+00  1.64716731e+00  8.22e-04 2.60e-09  5.28e-10   513s
 114   1.64722126e+00  1.64716731e+00  8.21e-04 2.39e-09  5.27e-10   516s
 115   1.64722117e+00  1.64716732e+00  8.19e-04 2.10e-09  5.25e-10   518s
 116   1.64722105e+00  1.64716732e+00  8.18e-04 2.02e-09  5.23e-10   521s
 117   1.64722093e+00  1.64716731e+00  8.16e-04 1.79e-09  5.22e-10   524s
 118   1.64722082e+00  1.64716729e+00  8.14e-04 1.45e-09  5.20e-10   527s
 119   1.64722071e+00  1.64716728e+00  8.12e-04 1.22e-09  5.18e-10   529s
 120   1.64722060e+00  1.64716728e+00  8.11e-04 9.50e-10  5.17e-10   532s
 121   1.64722049e+00  1.64716728e+00  8.09e-04 7.34e-10  5.15e-10   535s
 122   1.64722040e+00  1.64716729e+00  8.08e-04 5.85e-10  5.13e-10   538s
 123   1.64722030e+00  1.64716731e+00  8.06e-04 5.04e-10  5.12e-10   541s
 124   1.64722020e+00  1.64716732e+00  8.05e-04 4.39e-10  5.10e-10   543s
 125   1.64722010e+00  1.64716733e+00  8.03e-04 3.87e-10  5.09e-10   546s
 126   1.64721999e+00  1.64716735e+00  8.01e-04 3.22e-10  5.07e-10   549s
 127   1.64721990e+00  1.64716737e+00  8.00e-04 2.60e-10  5.06e-10   553s
 128   1.64721979e+00  1.64716738e+00  7.98e-04 2.33e-10  5.05e-10   557s
 129   1.64721962e+00  1.64716741e+00  7.96e-04 1.53e-10  5.02e-10   563s
 130   1.64721953e+00  1.64716743e+00  7.94e-04 1.36e-10  5.01e-10   569s
 131   1.64721893e+00  1.64716746e+00  7.85e-04 9.26e-11  4.95e-10   578s
 132   1.64721891e+00  1.64716747e+00  7.85e-04 7.87e-11  4.94e-10   582s
 133   1.64721879e+00  1.64716749e+00  7.83e-04 9.58e-11  4.93e-10   590s
 134   1.64721874e+00  1.64716749e+00  7.82e-04 6.48e-11  4.92e-10   595s
 135   1.64721868e+00  1.64716750e+00  7.81e-04 6.68e-11  4.91e-10   600s
 136   1.64721865e+00  1.64716751e+00  7.81e-04 6.22e-11  4.91e-10   608s
 137   1.64721833e+00  1.64716751e+00  7.76e-04 5.87e-11  4.88e-10   614s
 138   1.64721784e+00  1.64716752e+00  7.69e-04 4.99e-11  4.83e-10   621s
 139   1.64721777e+00  1.64716752e+00  7.67e-04 4.72e-11  4.82e-10   625s
 140   1.64721769e+00  1.64716752e+00  7.66e-04 8.84e-11  4.81e-10   630s
 141   1.64721766e+00  1.64716753e+00  7.66e-04 5.05e-11  4.81e-10   634s
 142   1.64721711e+00  1.64716752e+00  7.57e-04 3.36e-11  4.76e-10   640s
 143   1.64721679e+00  1.64716750e+00  7.53e-04 3.02e-11  4.73e-10   650s
 144   1.64721666e+00  1.64716752e+00  7.51e-04 3.55e-11  4.72e-10   657s
 145   1.64721647e+00  1.64716753e+00  7.48e-04 1.22e-11  4.70e-10   665s
 146   1.64721641e+00  1.64716753e+00  7.47e-04 6.56e-11  4.69e-10   671s
 147   1.64721636e+00  1.64716752e+00  7.46e-04 9.15e-11  4.69e-10   678s
 148   1.64721614e+00  1.64716751e+00  7.43e-04 1.94e-11  4.67e-10   686s
 149   1.64721605e+00  1.64716751e+00  7.41e-04 4.18e-11  4.66e-10   695s
 150   1.64721600e+00  1.64716752e+00  7.40e-04 7.81e-11  4.65e-10   701s
 151   1.64721597e+00  1.64716753e+00  7.40e-04 5.81e-11  4.65e-10   708s
 152   1.64721587e+00  1.64716756e+00  7.38e-04 2.53e-11  4.63e-10   715s
 153   1.64721573e+00  1.64716757e+00  7.36e-04 4.44e-11  4.62e-10   723s
 154   1.64721569e+00  1.64716757e+00  7.36e-04 5.36e-11  4.61e-10   728s
 155   1.64721568e+00  1.64716757e+00  7.35e-04 5.18e-11  4.61e-10   733s
 156   1.64721564e+00  1.64716758e+00  7.35e-04 5.89e-11  4.61e-10   739s
 157   1.64721554e+00  1.64716758e+00  7.33e-04 5.98e-11  4.60e-10   746s
 158   1.64721548e+00  1.64716758e+00  7.33e-04 5.24e-11  4.59e-10   752s
 159   1.64721505e+00  1.64716759e+00  7.26e-04 4.55e-12  4.55e-10   759s
 160   1.64721495e+00  1.64716759e+00  7.24e-04 5.53e-11  4.54e-10   765s
 161   1.64721484e+00  1.64716760e+00  7.23e-04 1.25e-10  4.53e-10   772s
 162   1.64721483e+00  1.64716760e+00  7.23e-04 6.61e-11  4.53e-10   781s
 163   1.64721482e+00  1.64716757e+00  7.22e-04 3.58e-12  4.53e-10   789s
 164   1.64721481e+00  1.64716753e+00  7.22e-04 2.70e-11  4.54e-10   803s
 165   1.64721480e+00  1.64716740e+00  7.22e-04 3.29e-12  4.56e-10   815s
 166   1.64721451e+00  1.64716748e+00  7.18e-04 8.59e-12  4.52e-10   828s
 167   1.64721439e+00  1.64716752e+00  7.16e-04 2.76e-11  4.50e-10   840s
 168   1.64721432e+00  1.64716755e+00  7.15e-04 9.23e-11  4.49e-10   847s
 169   1.64721426e+00  1.64716756e+00  7.14e-04 6.20e-11  4.48e-10   860s
 170   1.64721419e+00  1.64716757e+00  7.13e-04 1.43e-11  4.47e-10   869s
 171   1.64721414e+00  1.64716758e+00  7.12e-04 6.19e-11  4.46e-10   877s
 172   1.64721401e+00  1.64716759e+00  7.10e-04 5.15e-11  4.45e-10   884s
 173   1.64721401e+00  1.64716760e+00  7.10e-04 1.21e-11  4.45e-10   891s
 174   1.64721400e+00  1.64716760e+00  7.10e-04 3.26e-11  4.45e-10   900s
 175   1.64721400e+00  1.64716759e+00  7.10e-04 3.89e-12  4.45e-10   904s
 176   1.64721394e+00  1.64716744e+00  7.09e-04 4.44e-11  4.47e-10   912s
 177   1.64721385e+00  1.64716749e+00  7.08e-04 1.36e-11  4.45e-10   921s
 178   1.64721382e+00  1.64716752e+00  7.07e-04 1.48e-11  4.44e-10   928s
 179   1.64721369e+00  1.64716755e+00  7.05e-04 1.39e-11  4.43e-10   936s
 180   1.64721368e+00  1.64716757e+00  7.05e-04 6.30e-11  4.42e-10   942s
 181   1.64721345e+00  1.64716758e+00  7.01e-04 1.08e-11  4.40e-10   951s
 182   1.64721341e+00  1.64716759e+00  7.01e-04 4.49e-11  4.39e-10   958s
 183   1.64721338e+00  1.64716759e+00  7.00e-04 4.53e-11  4.39e-10   965s
 184   1.64721334e+00  1.64716759e+00  7.00e-04 4.85e-11  4.39e-10   971s
 185   1.64721333e+00  1.64716760e+00  7.00e-04 5.59e-11  4.38e-10   981s
 186   1.64721331e+00  1.64716760e+00  6.99e-04 1.97e-11  4.38e-10   988s
 187   1.64721327e+00  1.64716761e+00  6.99e-04 3.24e-11  4.37e-10   998s
 188   1.64721324e+00  1.64716761e+00  6.98e-04 7.99e-11  4.37e-10  1005s
 189   1.64721323e+00  1.64716761e+00  6.98e-04 4.98e-12  4.37e-10  1009s
 190   1.64721322e+00  1.64716742e+00  6.98e-04 5.26e-11  4.41e-10  1016s
 191   1.64721321e+00  1.64716730e+00  6.98e-04 6.29e-12  4.43e-10  1027s
 192   1.64721319e+00  1.64716736e+00  6.97e-04 1.32e-11  4.42e-10  1038s
 193   1.64721316e+00  1.64716741e+00  6.97e-04 3.76e-12  4.40e-10  1045s
 194   1.64721311e+00  1.64716746e+00  6.96e-04 1.22e-11  4.39e-10  1053s
 195   1.64721306e+00  1.64716748e+00  6.96e-04 3.44e-11  4.38e-10  1064s
 196   1.64721300e+00  1.64716751e+00  6.95e-04 9.99e-11  4.37e-10  1068s
 197   1.64721295e+00  1.64716754e+00  6.94e-04 4.62e-11  4.36e-10  1074s
 198   1.64721285e+00  1.64716755e+00  6.92e-04 6.42e-11  4.35e-10  1080s
 199   1.64721269e+00  1.64716759e+00  6.90e-04 2.19e-11  4.33e-10  1090s
 200   1.64721263e+00  1.64716759e+00  6.89e-04 6.61e-11  4.32e-10  1099s
 201   1.64721258e+00  1.64716759e+00  6.88e-04 5.83e-11  4.31e-10  1106s
 202   1.64721255e+00  1.64716761e+00  6.88e-04 4.47e-11  4.31e-10  1115s
 203   1.64721240e+00  1.64716762e+00  6.85e-04 6.57e-11  4.29e-10  1124s
 204   1.64721231e+00  1.64716762e+00  6.84e-04 7.60e-11  4.28e-10  1129s
 205   1.64721218e+00  1.64716762e+00  6.82e-04 7.64e-11  4.27e-10  1137s
 206   1.64721213e+00  1.64716762e+00  6.81e-04 6.72e-11  4.27e-10  1145s
 207   1.64721209e+00  1.64716762e+00  6.81e-04 6.82e-11  4.26e-10  1153s
 208   1.64721203e+00  1.64716762e+00  6.80e-04 1.13e-10  4.26e-10  1161s
 209   1.64721201e+00  1.64716762e+00  6.79e-04 6.49e-11  4.25e-10  1167s
 210   1.64721200e+00  1.64716762e+00  6.79e-04 4.35e-12  4.25e-10  1171s
 211   1.64721199e+00  1.64716757e+00  6.79e-04 3.65e-12  4.26e-10  1176s
 212   1.64721199e+00  1.64716742e+00  6.79e-04 3.13e-11  4.29e-10  1186s
 213   1.64721197e+00  1.64716731e+00  6.79e-04 1.11e-11  4.31e-10  1193s
 214   1.64721194e+00  1.64716736e+00  6.78e-04 5.18e-12  4.30e-10  1203s
 215   1.64721190e+00  1.64716740e+00  6.78e-04 2.58e-11  4.28e-10  1210s
 216   1.64721189e+00  1.64716743e+00  6.78e-04 1.36e-11  4.28e-10  1217s
 217   1.64721184e+00  1.64716746e+00  6.77e-04 5.54e-11  4.27e-10  1225s
 218   1.64721179e+00  1.64716752e+00  6.76e-04 4.87e-11  4.25e-10  1236s
 219   1.64721173e+00  1.64716754e+00  6.75e-04 6.49e-11  4.24e-10  1242s
 220   1.64721169e+00  1.64716755e+00  6.74e-04 6.55e-11  4.24e-10  1250s
 221   1.64721164e+00  1.64716755e+00  6.74e-04 6.47e-11  4.23e-10  1255s
 222   1.64721153e+00  1.64716757e+00  6.72e-04 6.60e-11  4.22e-10  1264s
 223   1.64721137e+00  1.64716759e+00  6.70e-04 4.01e-12  4.20e-10  1273s
 224   1.64721130e+00  1.64716759e+00  6.69e-04 6.48e-11  4.19e-10  1281s
 225   1.64721126e+00  1.64716759e+00  6.68e-04 5.80e-11  4.19e-10  1288s
 226   1.64721119e+00  1.64716760e+00  6.67e-04 7.31e-11  4.18e-10  1294s
 227   1.64721114e+00  1.64716760e+00  6.66e-04 1.17e-11  4.17e-10  1301s
 228   1.64721107e+00  1.64716760e+00  6.65e-04 6.23e-11  4.17e-10  1309s
 229   1.64721104e+00  1.64716760e+00  6.65e-04 8.29e-11  4.16e-10  1313s
 230   1.64721102e+00  1.64716760e+00  6.64e-04 6.17e-11  4.16e-10  1319s
 231   1.64721093e+00  1.64716761e+00  6.63e-04 4.96e-11  4.15e-10  1326s
 232   1.64721088e+00  1.64716761e+00  6.62e-04 9.96e-11  4.15e-10  1331s
 233   1.64721079e+00  1.64716761e+00  6.61e-04 1.01e-10  4.14e-10  1338s
 234   1.64721077e+00  1.64716761e+00  6.60e-04 6.90e-11  4.14e-10  1346s
 235   1.64721075e+00  1.64716761e+00  6.60e-04 6.48e-11  4.14e-10  1353s
 236   1.64721072e+00  1.64716761e+00  6.60e-04 1.04e-10  4.13e-10  1360s
 237   1.64721069e+00  1.64716761e+00  6.59e-04 6.44e-11  4.13e-10  1367s
 238   1.64721069e+00  1.64716761e+00  6.59e-04 3.33e-11  4.13e-10  1377s
 239   1.64721064e+00  1.64716761e+00  6.59e-04 8.08e-11  4.13e-10  1384s
 240   1.64721059e+00  1.64716761e+00  6.58e-04 5.24e-11  4.12e-10  1391s
 241   1.64721055e+00  1.64716761e+00  6.57e-04 2.73e-11  4.12e-10  1397s
 242   1.64721052e+00  1.64716761e+00  6.57e-04 9.57e-11  4.11e-10  1402s
 243   1.64721047e+00  1.64716761e+00  6.56e-04 1.17e-10  4.11e-10  1409s
 244   1.64721045e+00  1.64716761e+00  6.56e-04 1.67e-10  4.11e-10  1415s
 245   1.64721042e+00  1.64716761e+00  6.55e-04 2.13e-10  4.10e-10  1420s
 246   1.64721040e+00  1.64716761e+00  6.55e-04 2.60e-10  4.10e-10  1425s
 247   1.64721032e+00  1.64716761e+00  6.54e-04 1.34e-10  4.09e-10  1433s
 248   1.64721002e+00  1.64716761e+00  6.49e-04 7.75e-11  4.07e-10  1439s
 249   1.64720998e+00  1.64716761e+00  6.48e-04 1.07e-10  4.06e-10  1445s
 250   1.64720994e+00  1.64716761e+00  6.48e-04 7.30e-11  4.06e-10  1451s
 251   1.64720991e+00  1.64716761e+00  6.47e-04 1.28e-10  4.05e-10  1459s
 252   1.64720986e+00  1.64716761e+00  6.47e-04 8.89e-11  4.05e-10  1465s
 253   1.64720983e+00  1.64716761e+00  6.46e-04 7.92e-11  4.05e-10  1473s
 254   1.64720982e+00  1.64716761e+00  6.46e-04 8.59e-11  4.05e-10  1478s
 255   1.64720981e+00  1.64716761e+00  6.46e-04 6.31e-11  4.05e-10  1482s
 256   1.64720981e+00  1.64716761e+00  6.46e-04 6.28e-11  4.05e-10  1487s
 257   1.64720980e+00  1.64716758e+00  6.46e-04 5.65e-11  4.05e-10  1492s
 258   1.64720979e+00  1.64716745e+00  6.45e-04 3.78e-11  4.07e-10  1501s
 259   1.64720978e+00  1.64716736e+00  6.45e-04 2.86e-11  4.09e-10  1507s
 260   1.64720976e+00  1.64716742e+00  6.45e-04 4.25e-11  4.08e-10  1515s
 261   1.64720970e+00  1.64716749e+00  6.44e-04 4.65e-11  4.06e-10  1520s
 262   1.64720961e+00  1.64716754e+00  6.43e-04 9.48e-12  4.04e-10  1528s
 263   1.64720957e+00  1.64716755e+00  6.42e-04 3.98e-11  4.03e-10  1535s
 264   1.64720956e+00  1.64716755e+00  6.42e-04 6.56e-11  4.03e-10  1541s
 265   1.64720945e+00  1.64716757e+00  6.40e-04 6.55e-11  4.02e-10  1549s
 266   1.64720942e+00  1.64716758e+00  6.40e-04 4.87e-11  4.01e-10  1555s
 267   1.64720933e+00  1.64716758e+00  6.38e-04 6.19e-11  4.01e-10  1564s
 268   1.64720931e+00  1.64716758e+00  6.38e-04 6.38e-11  4.00e-10  1570s
 269   1.64720926e+00  1.64716759e+00  6.37e-04 6.35e-11  4.00e-10  1578s
 270   1.64720922e+00  1.64716759e+00  6.37e-04 6.03e-11  3.99e-10  1585s
 271   1.64720916e+00  1.64716759e+00  6.36e-04 4.70e-11  3.99e-10  1590s
 272   1.64720915e+00  1.64716759e+00  6.36e-04 5.16e-11  3.99e-10  1594s
 273   1.64720914e+00  1.64716750e+00  6.36e-04 5.98e-12  4.00e-10  1600s
 274   1.64720913e+00  1.64716726e+00  6.35e-04 1.06e-11  4.05e-10  1609s
 275   1.64720910e+00  1.64716732e+00  6.35e-04 1.31e-11  4.03e-10  1614s
 276   1.64720908e+00  1.64716739e+00  6.35e-04 1.51e-11  4.02e-10  1624s
 277   1.64720903e+00  1.64716748e+00  6.34e-04 2.02e-12  4.00e-10  1629s
 278   1.64720895e+00  1.64716754e+00  6.33e-04 9.36e-13  3.98e-10  1637s
 279   1.64720891e+00  1.64716755e+00  6.32e-04 1.16e-11  3.97e-10  1644s
 280   1.64720889e+00  1.64716755e+00  6.32e-04 6.34e-11  3.97e-10  1651s
 281   1.64720885e+00  1.64716756e+00  6.31e-04 6.52e-11  3.96e-10  1657s
 282   1.64720882e+00  1.64716756e+00  6.31e-04 6.69e-11  3.96e-10  1661s
 283   1.64720871e+00  1.64716758e+00  6.29e-04 6.64e-11  3.95e-10  1668s
 284   1.64720868e+00  1.64716758e+00  6.28e-04 6.67e-11  3.94e-10  1675s
 285   1.64720863e+00  1.64716759e+00  6.28e-04 6.71e-11  3.94e-10  1681s
 286   1.64720858e+00  1.64716759e+00  6.27e-04 6.65e-11  3.93e-10  1687s
 287   1.64720855e+00  1.64716759e+00  6.26e-04 6.60e-11  3.93e-10  1691s
 288   1.64720852e+00  1.64716759e+00  6.26e-04 6.51e-11  3.93e-10  1697s
 289   1.64720848e+00  1.64716760e+00  6.25e-04 6.55e-11  3.92e-10  1704s
 290   1.64720842e+00  1.64716760e+00  6.24e-04 6.31e-11  3.91e-10  1711s
 291   1.64720839e+00  1.64716760e+00  6.24e-04 6.06e-11  3.91e-10  1720s
 292   1.64720837e+00  1.64716760e+00  6.24e-04 6.25e-11  3.91e-10  1726s
 293   1.64720833e+00  1.64716761e+00  6.23e-04 4.49e-11  3.91e-10  1733s
 294   1.64720833e+00  1.64716761e+00  6.23e-04 7.53e-11  3.90e-10  1740s
 295   1.64720829e+00  1.64716761e+00  6.23e-04 7.60e-11  3.90e-10  1747s
 296   1.64720827e+00  1.64716761e+00  6.22e-04 8.57e-11  3.90e-10  1751s
 297   1.64720826e+00  1.64716761e+00  6.22e-04 9.79e-11  3.90e-10  1757s
 298   1.64720823e+00  1.64716761e+00  6.22e-04 1.14e-10  3.89e-10  1763s
 299   1.64720821e+00  1.64716761e+00  6.21e-04 6.33e-11  3.89e-10  1769s
 300   1.64720806e+00  1.64716761e+00  6.19e-04 7.14e-12  3.88e-10  1776s
 301   1.64720798e+00  1.64716761e+00  6.18e-04 3.37e-12  3.87e-10  1782s
 302   1.64720795e+00  1.64716761e+00  6.17e-04 5.57e-11  3.87e-10  1788s
 303   1.64720788e+00  1.64716761e+00  6.16e-04 3.39e-12  3.86e-10  1793s
 304   1.64720786e+00  1.64716761e+00  6.16e-04 1.01e-11  3.86e-10  1799s
 305   1.64720782e+00  1.64716761e+00  6.15e-04 4.06e-11  3.85e-10  1805s
 306   1.64720777e+00  1.64716761e+00  6.15e-04 2.18e-11  3.85e-10  1811s
 307   1.64720773e+00  1.64716762e+00  6.14e-04 2.53e-11  3.85e-10  1819s
 308   1.64720771e+00  1.64716762e+00  6.14e-04 5.13e-11  3.84e-10  1823s
 309   1.64720770e+00  1.64716762e+00  6.13e-04 6.23e-11  3.84e-10  1828s
 310   1.64720767e+00  1.64716762e+00  6.13e-04 7.44e-11  3.84e-10  1834s
 311   1.64720765e+00  1.64716762e+00  6.13e-04 1.26e-10  3.84e-10  1840s
 312   1.64720764e+00  1.64716762e+00  6.13e-04 1.69e-10  3.84e-10  1846s
 313   1.64720762e+00  1.64716762e+00  6.12e-04 1.92e-10  3.84e-10  1852s
 314   1.64720758e+00  1.64716762e+00  6.12e-04 1.81e-10  3.83e-10  1860s
 315   1.64720755e+00  1.64716762e+00  6.11e-04 1.21e-10  3.83e-10  1864s
 316   1.64720749e+00  1.64716762e+00  6.10e-04 1.18e-10  3.82e-10  1869s
 317   1.64720746e+00  1.64716762e+00  6.10e-04 1.35e-10  3.82e-10  1875s
 318   1.64720743e+00  1.64716762e+00  6.09e-04 1.78e-10  3.82e-10  1880s
 319   1.64720739e+00  1.64716762e+00  6.09e-04 2.09e-10  3.81e-10  1884s
 320   1.64720735e+00  1.64716762e+00  6.08e-04 1.59e-10  3.81e-10  1890s
 321   1.64720734e+00  1.64716762e+00  6.08e-04 1.87e-10  3.81e-10  1894s
 322   1.64720732e+00  1.64716762e+00  6.08e-04 2.17e-10  3.81e-10  1900s
 323   1.64720730e+00  1.64716762e+00  6.07e-04 2.35e-10  3.81e-10  1905s
 324   1.64720722e+00  1.64716762e+00  6.06e-04 1.21e-10  3.80e-10  1911s
 325   1.64720720e+00  1.64716762e+00  6.06e-04 1.36e-10  3.79e-10  1917s
 326   1.64720712e+00  1.64716762e+00  6.05e-04 6.89e-11  3.79e-10  1923s
 327   1.64720711e+00  1.64716762e+00  6.04e-04 7.09e-11  3.79e-10  1927s
 328   1.64720709e+00  1.64716762e+00  6.04e-04 7.63e-11  3.78e-10  1932s
 329   1.64720707e+00  1.64716762e+00  6.04e-04 8.17e-11  3.78e-10  1936s
 330   1.64720705e+00  1.64716762e+00  6.04e-04 7.30e-11  3.78e-10  1940s
 331   1.64720699e+00  1.64716762e+00  6.03e-04 2.63e-11  3.78e-10  1945s
 332   1.64720693e+00  1.64716762e+00  6.02e-04 4.17e-11  3.77e-10  1950s
 333   1.64720689e+00  1.64716762e+00  6.01e-04 8.53e-11  3.77e-10  1955s
 334   1.64720684e+00  1.64716762e+00  6.00e-04 7.78e-11  3.76e-10  1960s
 335   1.64720677e+00  1.64716762e+00  5.99e-04 1.06e-10  3.75e-10  1965s
 336   1.64720674e+00  1.64716762e+00  5.99e-04 7.89e-11  3.75e-10  1970s
 337   1.64720669e+00  1.64716762e+00  5.98e-04 1.18e-10  3.75e-10  1975s
 338   1.64720667e+00  1.64716762e+00  5.98e-04 9.97e-11  3.74e-10  1979s
 339   1.64720665e+00  1.64716762e+00  5.97e-04 8.96e-11  3.74e-10  1983s
 340   1.64720660e+00  1.64716762e+00  5.97e-04 4.39e-11  3.74e-10  1990s
 341   1.64720656e+00  1.64716762e+00  5.96e-04 9.50e-11  3.73e-10  1995s
 342   1.64720652e+00  1.64716762e+00  5.95e-04 8.74e-11  3.73e-10  2000s
 343   1.64720646e+00  1.64716762e+00  5.95e-04 7.58e-11  3.72e-10  2004s
 344   1.64720644e+00  1.64716762e+00  5.94e-04 1.19e-10  3.72e-10  2007s
 345   1.64720637e+00  1.64716762e+00  5.93e-04 6.05e-11  3.72e-10  2013s
 346   1.64720635e+00  1.64716762e+00  5.93e-04 5.96e-11  3.71e-10  2017s
 347   1.64720628e+00  1.64716762e+00  5.92e-04 1.17e-10  3.71e-10  2023s
 348   1.64720628e+00  1.64716762e+00  5.92e-04 1.60e-10  3.71e-10  2028s
 349   1.64720627e+00  1.64716762e+00  5.92e-04 1.60e-10  3.71e-10  2033s
 350   1.64720626e+00  1.64716761e+00  5.91e-04 1.58e-10  3.71e-10  2038s
 351   1.64720626e+00  1.64716752e+00  5.91e-04 1.23e-10  3.72e-10  2044s
 352   1.64720624e+00  1.64716738e+00  5.91e-04 7.38e-11  3.75e-10  2053s
 353   1.64720622e+00  1.64716742e+00  5.91e-04 6.63e-11  3.74e-10  2061s
 354   1.64720621e+00  1.64716745e+00  5.91e-04 5.95e-11  3.73e-10  2070s
 355   1.64720618e+00  1.64716748e+00  5.90e-04 5.35e-11  3.72e-10  2077s
 356   1.64720613e+00  1.64716751e+00  5.89e-04 5.42e-11  3.71e-10  2086s
 357   1.64720608e+00  1.64716753e+00  5.89e-04 6.04e-11  3.71e-10  2091s
 358   1.64720603e+00  1.64716754e+00  5.88e-04 6.67e-11  3.70e-10  2098s
 359   1.64720599e+00  1.64716755e+00  5.87e-04 6.33e-11  3.69e-10  2104s
 360   1.64720599e+00  1.64716755e+00  5.87e-04 6.72e-11  3.69e-10  2110s
 361   1.64720597e+00  1.64716738e+00  5.87e-04 8.46e-12  3.72e-10  2117s
 362   1.64720594e+00  1.64716742e+00  5.87e-04 1.80e-11  3.71e-10  2123s
 363   1.64720591e+00  1.64716746e+00  5.86e-04 3.42e-11  3.70e-10  2131s
 364   1.64720589e+00  1.64716749e+00  5.86e-04 9.39e-12  3.69e-10  2141s
 365   1.64720585e+00  1.64716753e+00  5.85e-04 5.46e-12  3.68e-10  2147s
 366   1.64720581e+00  1.64716754e+00  5.85e-04 6.64e-11  3.68e-10  2153s
 367   1.64720576e+00  1.64716754e+00  5.84e-04 6.36e-11  3.67e-10  2159s
 368   1.64720572e+00  1.64716755e+00  5.83e-04 6.59e-11  3.67e-10  2164s
 369   1.64720566e+00  1.64716758e+00  5.82e-04 2.11e-11  3.66e-10  2171s
 370   1.64720562e+00  1.64716759e+00  5.82e-04 6.66e-11  3.65e-10  2179s
 371   1.64720558e+00  1.64716759e+00  5.81e-04 6.70e-11  3.65e-10  2186s
 372   1.64720551e+00  1.64716759e+00  5.80e-04 6.64e-11  3.64e-10  2194s
 373   1.64720546e+00  1.64716759e+00  5.79e-04 6.67e-11  3.63e-10  2200s
 374   1.64720541e+00  1.64716760e+00  5.78e-04 6.62e-11  3.63e-10  2206s
 375   1.64720537e+00  1.64716760e+00  5.78e-04 6.48e-11  3.62e-10  2211s
 376   1.64720531e+00  1.64716761e+00  5.77e-04 5.77e-11  3.62e-10  2219s
 377   1.64720528e+00  1.64716761e+00  5.76e-04 5.51e-11  3.61e-10  2227s
 378   1.64720520e+00  1.64716762e+00  5.75e-04 4.57e-11  3.61e-10  2234s
 379   1.64720513e+00  1.64716762e+00  5.74e-04 4.01e-11  3.60e-10  2239s
 380   1.64720508e+00  1.64716762e+00  5.73e-04 6.62e-11  3.59e-10  2244s
 381   1.64720504e+00  1.64716762e+00  5.73e-04 6.55e-11  3.59e-10  2248s
 382   1.64720498e+00  1.64716762e+00  5.72e-04 9.61e-11  3.58e-10  2253s
 383   1.64720493e+00  1.64716761e+00  5.71e-04 9.44e-11  3.58e-10  2257s
 384   1.64720490e+00  1.64716761e+00  5.71e-04 5.53e-11  3.58e-10  2263s
 385   1.64720483e+00  1.64716761e+00  5.70e-04 6.10e-11  3.57e-10  2267s
 386   1.64720476e+00  1.64716761e+00  5.69e-04 2.08e-12  3.56e-10  2273s
 387   1.64720470e+00  1.64716761e+00  5.68e-04 4.59e-11  3.56e-10  2277s
 388   1.64720460e+00  1.64716761e+00  5.66e-04 6.27e-11  3.55e-10  2282s
 389   1.64720454e+00  1.64716761e+00  5.65e-04 6.10e-11  3.54e-10  2285s
 390   1.64720438e+00  1.64716761e+00  5.63e-04 2.51e-11  3.53e-10  2290s
 391   1.64720432e+00  1.64716761e+00  5.62e-04 1.22e-11  3.52e-10  2293s
 392   1.64720425e+00  1.64716761e+00  5.61e-04 5.71e-11  3.52e-10  2299s
 393   1.64720412e+00  1.64716760e+00  5.59e-04 1.64e-12  3.50e-10  2304s
 394   1.64720406e+00  1.64716760e+00  5.58e-04 5.55e-11  3.50e-10  2308s
 395   1.64720399e+00  1.64716760e+00  5.57e-04 5.96e-11  3.49e-10  2312s
 396   1.64720383e+00  1.64716760e+00  5.54e-04 4.78e-11  3.48e-10  2317s
 397   1.64720378e+00  1.64716760e+00  5.53e-04 6.65e-11  3.47e-10  2320s
 398   1.64720366e+00  1.64716760e+00  5.52e-04 2.05e-11  3.46e-10  2324s
 399   1.64720350e+00  1.64716760e+00  5.49e-04 2.11e-12  3.45e-10  2331s
 400   1.64720350e+00  1.64716760e+00  5.49e-04 6.46e-12  3.44e-10  2335s
 401   1.64720349e+00  1.64716748e+00  5.49e-04 1.73e-11  3.47e-10  2340s
 402   1.64720341e+00  1.64716754e+00  5.48e-04 5.52e-12  3.45e-10  2346s
 403   1.64720337e+00  1.64716755e+00  5.47e-04 6.69e-11  3.44e-10  2353s
 404   1.64720323e+00  1.64716758e+00  5.45e-04 4.76e-11  3.42e-10  2361s
 405   1.64720316e+00  1.64716759e+00  5.44e-04 6.73e-11  3.41e-10  2365s
 406   1.64720307e+00  1.64716759e+00  5.43e-04 6.70e-11  3.41e-10  2372s
 407   1.64720300e+00  1.64716759e+00  5.42e-04 6.67e-11  3.40e-10  2377s
 408   1.64720294e+00  1.64716760e+00  5.41e-04 6.68e-11  3.39e-10  2383s
 409   1.64720288e+00  1.64716760e+00  5.40e-04 6.63e-11  3.39e-10  2390s
 410   1.64720282e+00  1.64716760e+00  5.39e-04 6.65e-11  3.38e-10  2397s
 411   1.64720277e+00  1.64716760e+00  5.38e-04 6.61e-11  3.37e-10  2403s
 412   1.64720270e+00  1.64716760e+00  5.37e-04 6.61e-11  3.37e-10  2408s
 413   1.64720268e+00  1.64716761e+00  5.37e-04 6.68e-11  3.37e-10  2418s
 414   1.64720254e+00  1.64716761e+00  5.35e-04 5.57e-12  3.35e-10  2425s
 415   1.64720250e+00  1.64716762e+00  5.34e-04 6.37e-11  3.35e-10  2432s
 416   1.64720241e+00  1.64716762e+00  5.33e-04 4.72e-11  3.34e-10  2439s
 417   1.64720233e+00  1.64716762e+00  5.31e-04 3.67e-11  3.33e-10  2443s
 418   1.64720229e+00  1.64716762e+00  5.31e-04 6.22e-11  3.33e-10  2448s
 419   1.64720221e+00  1.64716762e+00  5.29e-04 6.15e-11  3.32e-10  2453s
 420   1.64720214e+00  1.64716762e+00  5.28e-04 4.07e-11  3.31e-10  2457s
 421   1.64720208e+00  1.64716762e+00  5.27e-04 6.29e-11  3.30e-10  2462s
 422   1.64720204e+00  1.64716762e+00  5.27e-04 6.14e-11  3.30e-10  2466s
 423   1.64720198e+00  1.64716762e+00  5.26e-04 6.01e-11  3.30e-10  2470s
 424   1.64720191e+00  1.64716762e+00  5.25e-04 5.28e-11  3.29e-10  2475s
 425   1.64720182e+00  1.64716762e+00  5.23e-04 5.71e-11  3.28e-10  2481s
 426   1.64720180e+00  1.64716762e+00  5.23e-04 3.68e-11  3.28e-10  2486s
 427   1.64720176e+00  1.64716762e+00  5.22e-04 6.43e-11  3.28e-10  2491s
 428   1.64720162e+00  1.64716762e+00  5.20e-04 5.62e-11  3.26e-10  2496s
 429   1.64720155e+00  1.64716762e+00  5.19e-04 6.58e-11  3.26e-10  2502s
 430   1.64720152e+00  1.64716762e+00  5.19e-04 5.58e-11  3.25e-10  2507s
 431   1.64720148e+00  1.64716762e+00  5.18e-04 6.56e-11  3.25e-10  2512s
 432   1.64720144e+00  1.64716762e+00  5.18e-04 6.49e-11  3.25e-10  2517s
 433   1.64720139e+00  1.64716762e+00  5.17e-04 5.53e-11  3.24e-10  2522s
 434   1.64720139e+00  1.64716762e+00  5.17e-04 6.54e-11  3.24e-10  2526s
 435   1.64720130e+00  1.64716762e+00  5.16e-04 3.89e-11  3.23e-10  2532s
 436   1.64720120e+00  1.64716762e+00  5.14e-04 5.46e-11  3.22e-10  2539s
 437   1.64720114e+00  1.64716762e+00  5.13e-04 4.81e-11  3.22e-10  2545s
 438   1.64720105e+00  1.64716762e+00  5.12e-04 5.12e-11  3.21e-10  2551s
 439   1.64720091e+00  1.64716762e+00  5.10e-04 5.89e-11  3.19e-10  2557s
 440   1.64720086e+00  1.64716762e+00  5.09e-04 6.67e-11  3.19e-10  2564s
 441   1.64720070e+00  1.64716762e+00  5.06e-04 4.83e-11  3.17e-10  2570s
 442   1.64720063e+00  1.64716762e+00  5.05e-04 3.12e-11  3.17e-10  2576s
 443   1.64720046e+00  1.64716761e+00  5.03e-04 6.13e-11  3.15e-10  2580s
 444   1.64720027e+00  1.64716762e+00  5.00e-04 6.49e-11  3.13e-10  2587s
 445   1.64720025e+00  1.64716762e+00  4.99e-04 6.57e-11  3.13e-10  2592s
 446   1.64720020e+00  1.64716762e+00  4.99e-04 6.47e-11  3.13e-10  2598s
 447   1.64720013e+00  1.64716762e+00  4.98e-04 6.52e-11  3.12e-10  2603s
 448   1.64720003e+00  1.64716762e+00  4.96e-04 6.53e-11  3.11e-10  2609s
 449   1.64719996e+00  1.64716762e+00  4.95e-04 6.17e-11  3.10e-10  2615s
 450   1.64719991e+00  1.64716762e+00  4.94e-04 6.49e-11  3.10e-10  2618s
 451   1.64719987e+00  1.64716762e+00  4.94e-04 6.06e-11  3.09e-10  2623s
 452   1.64719978e+00  1.64716762e+00  4.92e-04 6.62e-11  3.08e-10  2627s
 453   1.64719960e+00  1.64716762e+00  4.89e-04 2.06e-11  3.07e-10  2636s
 454   1.64719946e+00  1.64716762e+00  4.87e-04 1.85e-11  3.05e-10  2642s
 455   1.64719940e+00  1.64716762e+00  4.87e-04 2.70e-11  3.05e-10  2647s
 456   1.64719924e+00  1.64716762e+00  4.84e-04 2.02e-11  3.03e-10  2653s
 457   1.64719915e+00  1.64716762e+00  4.83e-04 6.51e-11  3.03e-10  2658s
 458   1.64719914e+00  1.64716762e+00  4.82e-04 4.96e-11  3.02e-10  2663s
 459   1.64719894e+00  1.64716762e+00  4.79e-04 6.48e-11  3.00e-10  2670s
 460   1.64719883e+00  1.64716762e+00  4.78e-04 6.53e-11  2.99e-10  2676s
 461   1.64719875e+00  1.64716762e+00  4.77e-04 6.47e-11  2.99e-10  2680s
 462   1.64719867e+00  1.64716762e+00  4.75e-04 6.39e-11  2.98e-10  2685s
 463   1.64719861e+00  1.64716762e+00  4.74e-04 6.51e-11  2.97e-10  2690s
 464   1.64719853e+00  1.64716762e+00  4.73e-04 6.42e-11  2.97e-10  2694s
 465   1.64719849e+00  1.64716762e+00  4.72e-04 6.42e-11  2.96e-10  2700s
 466   1.64719841e+00  1.64716762e+00  4.71e-04 5.22e-11  2.95e-10  2705s
 467   1.64719832e+00  1.64716762e+00  4.70e-04 2.88e-11  2.95e-10  2710s
 468   1.64719825e+00  1.64716762e+00  4.69e-04 3.44e-11  2.94e-10  2716s
 469   1.64719818e+00  1.64716762e+00  4.68e-04 6.27e-11  2.93e-10  2721s
 470   1.64719811e+00  1.64716762e+00  4.67e-04 6.25e-11  2.92e-10  2727s
 471   1.64719800e+00  1.64716762e+00  4.65e-04 4.21e-11  2.91e-10  2732s
 472   1.64719793e+00  1.64716762e+00  4.64e-04 4.59e-11  2.91e-10  2735s
 473   1.64719786e+00  1.64716762e+00  4.63e-04 6.28e-11  2.90e-10  2743s
 474   1.64719779e+00  1.64716762e+00  4.62e-04 6.02e-11  2.89e-10  2747s
 475   1.64719772e+00  1.64716762e+00  4.61e-04 6.33e-11  2.89e-10  2752s
 476   1.64719764e+00  1.64716762e+00  4.60e-04 6.67e-11  2.88e-10  2757s
 477   1.64719758e+00  1.64716762e+00  4.59e-04 7.05e-11  2.87e-10  2762s
 478   1.64719752e+00  1.64716762e+00  4.58e-04 7.23e-11  2.87e-10  2767s
 479   1.64719750e+00  1.64716762e+00  4.57e-04 6.53e-11  2.87e-10  2772s
 480   1.64719743e+00  1.64716762e+00  4.56e-04 6.54e-11  2.86e-10  2775s
 481   1.64719742e+00  1.64716762e+00  4.56e-04 6.50e-11  2.86e-10  2780s
 482   1.64719733e+00  1.64716762e+00  4.55e-04 6.09e-11  2.85e-10  2786s
 483   1.64719726e+00  1.64716762e+00  4.54e-04 8.04e-11  2.84e-10  2791s
 484   1.64719720e+00  1.64716763e+00  4.53e-04 9.84e-11  2.84e-10  2798s
 485   1.64719711e+00  1.64716763e+00  4.51e-04 9.37e-11  2.83e-10  2803s
 486   1.64719703e+00  1.64716763e+00  4.50e-04 7.28e-11  2.82e-10  2808s
 487   1.64719682e+00  1.64716763e+00  4.47e-04 3.63e-11  2.80e-10  2814s
 488   1.64719671e+00  1.64716763e+00  4.45e-04 3.36e-11  2.79e-10  2820s
 489   1.64719661e+00  1.64716763e+00  4.44e-04 3.48e-11  2.78e-10  2824s
 490   1.64719656e+00  1.64716763e+00  4.43e-04 2.85e-11  2.78e-10  2830s
 491   1.64719642e+00  1.64716763e+00  4.41e-04 2.26e-11  2.76e-10  2834s
 492   1.64719613e+00  1.64716762e+00  4.36e-04 6.35e-12  2.74e-10  2839s
 493   1.64719606e+00  1.64716762e+00  4.35e-04 6.28e-11  2.73e-10  2845s
 494   1.64719603e+00  1.64716762e+00  4.35e-04 5.14e-11  2.73e-10  2851s
 495   1.64719593e+00  1.64716762e+00  4.33e-04 6.39e-11  2.72e-10  2856s
 496   1.64719583e+00  1.64716762e+00  4.32e-04 6.29e-11  2.71e-10  2862s
 497   1.64719583e+00  1.64716762e+00  4.32e-04 5.35e-11  2.71e-10  2871s
 498   1.64719583e+00  1.64716758e+00  4.32e-04 5.07e-11  2.71e-10  2876s
 499   1.64719582e+00  1.64716751e+00  4.32e-04 3.38e-11  2.73e-10  2885s
 500   1.64719582e+00  1.64716746e+00  4.32e-04 3.01e-11  2.74e-10  2891s
 501   1.64719582e+00  1.64716739e+00  4.32e-04 3.09e-11  2.75e-10  2899s
 502   1.64719582e+00  1.64716727e+00  4.32e-04 4.92e-11  2.77e-10  2907s
 503   1.64719580e+00  1.64716719e+00  4.31e-04 3.25e-11  2.78e-10  2913s
 504   1.64719579e+00  1.64716725e+00  4.31e-04 5.92e-11  2.77e-10  2917s
 505   1.64719578e+00  1.64716731e+00  4.31e-04 3.54e-11  2.76e-10  2922s
 506   1.64719573e+00  1.64716746e+00  4.30e-04 5.07e-11  2.73e-10  2928s
 507   1.64719572e+00  1.64716747e+00  4.30e-04 6.42e-11  2.72e-10  2934s
 508   1.64719571e+00  1.64716739e+00  4.30e-04 8.76e-11  2.74e-10  2940s
 509   1.64719570e+00  1.64716742e+00  4.30e-04 6.47e-11  2.73e-10  2945s
 510   1.64719569e+00  1.64716744e+00  4.30e-04 6.42e-11  2.73e-10  2948s
 511   1.64719568e+00  1.64716735e+00  4.30e-04 2.85e-11  2.74e-10  2954s
 512   1.64719565e+00  1.64716743e+00  4.29e-04 6.18e-11  2.73e-10  2959s
 513   1.64719564e+00  1.64716745e+00  4.29e-04 6.60e-11  2.72e-10  2963s
 514   1.64719561e+00  1.64716746e+00  4.28e-04 6.61e-11  2.72e-10  2967s
 515   1.64719558e+00  1.64716748e+00  4.28e-04 6.55e-11  2.71e-10  2972s
 516   1.64719552e+00  1.64716754e+00  4.27e-04 6.57e-11  2.69e-10  2977s
 517   1.64719549e+00  1.64716758e+00  4.27e-04 1.77e-12  2.68e-10  2982s
 518   1.64719543e+00  1.64716759e+00  4.26e-04 5.62e-11  2.68e-10  2988s
 519   1.64719534e+00  1.64716759e+00  4.24e-04 6.73e-11  2.67e-10  2994s
 520   1.64719531e+00  1.64716759e+00  4.24e-04 6.74e-11  2.66e-10  2999s
 521   1.64719524e+00  1.64716760e+00  4.23e-04 6.73e-11  2.66e-10  3004s
 522   1.64719521e+00  1.64716760e+00  4.22e-04 6.45e-11  2.65e-10  3013s
 523   1.64719519e+00  1.64716760e+00  4.22e-04 6.68e-11  2.65e-10  3019s
 524   1.64719506e+00  1.64716760e+00  4.20e-04 6.52e-11  2.64e-10  3024s
 525   1.64719505e+00  1.64716761e+00  4.20e-04 6.72e-11  2.64e-10  3028s
 526   1.64719496e+00  1.64716761e+00  4.19e-04 6.69e-11  2.63e-10  3035s
 527   1.64719487e+00  1.64716761e+00  4.17e-04 6.53e-11  2.62e-10  3040s
 528   1.64719484e+00  1.64716761e+00  4.17e-04 6.49e-11  2.61e-10  3047s
 529   1.64719478e+00  1.64716761e+00  4.16e-04 6.67e-11  2.61e-10  3053s
 530   1.64719467e+00  1.64716762e+00  4.14e-04 6.72e-11  2.60e-10  3060s
 531   1.64719457e+00  1.64716762e+00  4.12e-04 6.71e-11  2.59e-10  3066s
 532   1.64719429e+00  1.64716762e+00  4.08e-04 6.70e-11  2.56e-10  3072s
 533   1.64719416e+00  1.64716762e+00  4.06e-04 6.57e-11  2.55e-10  3079s
 534   1.64719410e+00  1.64716762e+00  4.05e-04 1.25e-10  2.54e-10  3087s
 535   1.64719396e+00  1.64716762e+00  4.03e-04 6.51e-11  2.53e-10  3094s
 536   1.64719384e+00  1.64716763e+00  4.01e-04 6.27e-11  2.52e-10  3100s
 537   1.64719377e+00  1.64716763e+00  4.00e-04 3.36e-11  2.51e-10  3105s
 538   1.64719377e+00  1.64716763e+00  4.00e-04 8.29e-11  2.51e-10  3110s
 539   1.64719377e+00  1.64716762e+00  4.00e-04 8.13e-11  2.51e-10  3114s
 540   1.64719376e+00  1.64716750e+00  4.00e-04 5.27e-11  2.53e-10  3123s
 541   1.64719376e+00  1.64716744e+00  4.00e-04 3.05e-11  2.54e-10  3144s
 542   1.64719375e+00  1.64716729e+00  4.00e-04 9.52e-12  2.57e-10  3151s
 543   1.64719373e+00  1.64716733e+00  4.00e-04 1.83e-11  2.56e-10  3158s
 544   1.64719370e+00  1.64716746e+00  3.99e-04 2.16e-11  2.53e-10  3163s
 545   1.64719370e+00  1.64716750e+00  3.99e-04 2.76e-11  2.53e-10  3171s
 546   1.64719369e+00  1.64716740e+00  3.99e-04 3.80e-12  2.54e-10  3179s
 547   1.64719367e+00  1.64716747e+00  3.99e-04 4.69e-11  2.53e-10  3183s
 548   1.64719365e+00  1.64716749e+00  3.98e-04 6.63e-11  2.52e-10  3188s
 549   1.64719361e+00  1.64716750e+00  3.98e-04 6.67e-11  2.52e-10  3194s
 550   1.64719358e+00  1.64716751e+00  3.97e-04 6.72e-11  2.51e-10  3198s
 551   1.64719354e+00  1.64716751e+00  3.97e-04 6.75e-11  2.51e-10  3203s
 552   1.64719351e+00  1.64716752e+00  3.96e-04 6.75e-11  2.50e-10  3210s
 553   1.64719347e+00  1.64716753e+00  3.96e-04 6.76e-11  2.50e-10  3215s
 554   1.64719335e+00  1.64716757e+00  3.94e-04 2.00e-12  2.48e-10  3223s
 555   1.64719332e+00  1.64716757e+00  3.93e-04 3.01e-12  2.48e-10  3227s
 556   1.64719320e+00  1.64716758e+00  3.92e-04 1.69e-12  2.46e-10  3232s
 557   1.64719319e+00  1.64716758e+00  3.91e-04 3.85e-12  2.46e-10  3239s
 558   1.64719312e+00  1.64716758e+00  3.90e-04 6.74e-11  2.46e-10  3245s
 559   1.64719305e+00  1.64716759e+00  3.89e-04 6.74e-11  2.45e-10  3251s
 560   1.64719304e+00  1.64716759e+00  3.89e-04 6.73e-11  2.45e-10  3255s
 561   1.64719296e+00  1.64716760e+00  3.88e-04 6.58e-11  2.44e-10  3262s
 562   1.64719289e+00  1.64716760e+00  3.87e-04 6.70e-11  2.43e-10  3268s
 563   1.64719280e+00  1.64716760e+00  3.85e-04 6.65e-11  2.42e-10  3274s
 564   1.64719269e+00  1.64716761e+00  3.84e-04 6.60e-11  2.41e-10  3280s
 565   1.64719261e+00  1.64716761e+00  3.83e-04 6.64e-11  2.40e-10  3286s
 566   1.64719258e+00  1.64716761e+00  3.82e-04 6.58e-11  2.40e-10  3292s
 567   1.64719247e+00  1.64716761e+00  3.80e-04 6.60e-11  2.39e-10  3298s
 568   1.64719237e+00  1.64716761e+00  3.79e-04 6.71e-11  2.38e-10  3304s
 569   1.64719226e+00  1.64716762e+00  3.77e-04 6.58e-11  2.37e-10  3311s
 570   1.64719224e+00  1.64716762e+00  3.77e-04 6.73e-11  2.36e-10  3317s
 571   1.64719219e+00  1.64716762e+00  3.76e-04 6.73e-11  2.36e-10  3322s
 572   1.64719216e+00  1.64716762e+00  3.76e-04 6.73e-11  2.36e-10  3327s
 573   1.64719201e+00  1.64716762e+00  3.73e-04 6.70e-11  2.34e-10  3334s
 574   1.64719186e+00  1.64716762e+00  3.71e-04 6.57e-11  2.33e-10  3340s
 575   1.64719185e+00  1.64716762e+00  3.71e-04 6.60e-11  2.33e-10  3345s
 576   1.64719185e+00  1.64716760e+00  3.71e-04 1.41e-11  2.33e-10  3350s
 577   1.64719183e+00  1.64716749e+00  3.71e-04 4.49e-11  2.35e-10  3359s
 578   1.64719179e+00  1.64716750e+00  3.70e-04 4.80e-11  2.34e-10  3363s
 579   1.64719177e+00  1.64716751e+00  3.70e-04 6.72e-11  2.34e-10  3367s
 580   1.64719172e+00  1.64716753e+00  3.69e-04 6.69e-11  2.33e-10  3372s
 581   1.64719168e+00  1.64716754e+00  3.68e-04 6.76e-11  2.33e-10  3377s
 582   1.64719162e+00  1.64716758e+00  3.67e-04 7.86e-12  2.31e-10  3384s
 583   1.64719158e+00  1.64716758e+00  3.67e-04 1.42e-11  2.31e-10  3391s
 584   1.64719154e+00  1.64716759e+00  3.66e-04 6.72e-11  2.30e-10  3397s
 585   1.64719153e+00  1.64716759e+00  3.66e-04 6.75e-11  2.30e-10  3405s
 586   1.64719147e+00  1.64716760e+00  3.65e-04 6.54e-11  2.30e-10  3411s
 587   1.64719139e+00  1.64716760e+00  3.64e-04 6.70e-11  2.29e-10  3416s
 588   1.64719138e+00  1.64716760e+00  3.64e-04 6.57e-11  2.29e-10  3421s
 589   1.64719131e+00  1.64716761e+00  3.63e-04 6.19e-11  2.28e-10  3427s
 590   1.64719124e+00  1.64716761e+00  3.62e-04 6.58e-11  2.27e-10  3433s
 591   1.64719118e+00  1.64716761e+00  3.61e-04 6.48e-11  2.27e-10  3439s
 592   1.64719112e+00  1.64716761e+00  3.60e-04 6.72e-11  2.26e-10  3445s
 593   1.64719106e+00  1.64716761e+00  3.59e-04 6.34e-11  2.25e-10  3450s
 594   1.64719105e+00  1.64716762e+00  3.59e-04 6.70e-11  2.25e-10  3457s
 595   1.64719091e+00  1.64716762e+00  3.57e-04 6.72e-11  2.24e-10  3464s
 596   1.64719081e+00  1.64716762e+00  3.55e-04 6.63e-11  2.23e-10  3469s
 597   1.64719080e+00  1.64716762e+00  3.55e-04 6.69e-11  2.23e-10  3475s
 598   1.64719073e+00  1.64716762e+00  3.54e-04 6.69e-11  2.22e-10  3481s
 599   1.64719064e+00  1.64716762e+00  3.52e-04 6.38e-11  2.21e-10  3487s
 600   1.64719064e+00  1.64716763e+00  3.52e-04 1.88e-11  2.21e-10  3493s
 601   1.64719039e+00  1.64716763e+00  3.49e-04 4.52e-11  2.19e-10  3499s
 602   1.64719002e+00  1.64716763e+00  3.43e-04 1.73e-11  2.15e-10  3505s
 603   1.64719001e+00  1.64716763e+00  3.43e-04 1.82e-11  2.15e-10  3511s
 604   1.64719001e+00  1.64716763e+00  3.43e-04 1.75e-11  2.15e-10  3515s
 605   1.64719001e+00  1.64716757e+00  3.43e-04 2.52e-11  2.16e-10  3523s
 606   1.64719000e+00  1.64716752e+00  3.43e-04 3.96e-12  2.17e-10  3529s
 607   1.64718997e+00  1.64716752e+00  3.42e-04 5.82e-11  2.17e-10  3535s
 608   1.64718994e+00  1.64716753e+00  3.42e-04 3.14e-12  2.16e-10  3543s
 609   1.64718991e+00  1.64716753e+00  3.41e-04 2.95e-12  2.16e-10  3548s
 610   1.64718988e+00  1.64716754e+00  3.41e-04 6.64e-11  2.15e-10  3554s
 611   1.64718975e+00  1.64716757e+00  3.39e-04 2.28e-11  2.14e-10  3560s
 612   1.64718971e+00  1.64716758e+00  3.38e-04 6.75e-11  2.13e-10  3564s
 613   1.64718967e+00  1.64716758e+00  3.37e-04 6.75e-11  2.13e-10  3572s
 614   1.64718960e+00  1.64716758e+00  3.36e-04 6.75e-11  2.12e-10  3577s
 615   1.64718955e+00  1.64716759e+00  3.36e-04 6.71e-11  2.11e-10  3583s
 616   1.64718948e+00  1.64716759e+00  3.35e-04 6.75e-11  2.11e-10  3588s
 617   1.64718944e+00  1.64716759e+00  3.34e-04 6.75e-11  2.10e-10  3594s
 618   1.64718939e+00  1.64716760e+00  3.33e-04 6.66e-11  2.10e-10  3600s
 619   1.64718933e+00  1.64716760e+00  3.32e-04 6.72e-11  2.09e-10  3606s
 620   1.64718927e+00  1.64716761e+00  3.31e-04 6.66e-11  2.08e-10  3610s
 621   1.64718922e+00  1.64716761e+00  3.31e-04 6.22e-11  2.08e-10  3616s
 622   1.64718922e+00  1.64716761e+00  3.31e-04 6.07e-11  2.08e-10  3620s
 623   1.64718922e+00  1.64716750e+00  3.31e-04 3.79e-11  2.10e-10  3625s
 624   1.64718921e+00  1.64716744e+00  3.31e-04 3.43e-11  2.11e-10  3638s
 625   1.64718921e+00  1.64716737e+00  3.30e-04 3.01e-11  2.12e-10  3646s
 626   1.64718919e+00  1.64716741e+00  3.30e-04 6.41e-11  2.11e-10  3652s
 627   1.64718918e+00  1.64716743e+00  3.30e-04 6.64e-11  2.11e-10  3657s
 628   1.64718915e+00  1.64716746e+00  3.30e-04 6.71e-11  2.10e-10  3668s
 629   1.64718913e+00  1.64716747e+00  3.29e-04 6.71e-11  2.10e-10  3673s
 630   1.64718911e+00  1.64716748e+00  3.29e-04 6.67e-11  2.09e-10  3677s
 631   1.64718910e+00  1.64716749e+00  3.29e-04 6.65e-11  2.09e-10  3683s
 632   1.64718907e+00  1.64716751e+00  3.28e-04 6.69e-11  2.08e-10  3689s
 633   1.64718903e+00  1.64716752e+00  3.28e-04 6.73e-11  2.08e-10  3695s
 634   1.64718903e+00  1.64716752e+00  3.28e-04 6.73e-11  2.08e-10  3702s
 635   1.64718898e+00  1.64716753e+00  3.27e-04 6.69e-11  2.07e-10  3707s
 636   1.64718892e+00  1.64716754e+00  3.26e-04 6.61e-11  2.06e-10  3712s
 637   1.64718885e+00  1.64716755e+00  3.25e-04 6.70e-11  2.05e-10  3721s
 638   1.64718880e+00  1.64716755e+00  3.24e-04 6.77e-11  2.05e-10  3726s
 639   1.64718879e+00  1.64716756e+00  3.24e-04 6.71e-11  2.05e-10  3732s
 640   1.64718875e+00  1.64716756e+00  3.23e-04 6.76e-11  2.04e-10  3738s
 641   1.64718871e+00  1.64716756e+00  3.23e-04 6.65e-11  2.04e-10  3742s
 642   1.64718869e+00  1.64716757e+00  3.22e-04 6.76e-11  2.04e-10  3746s
 643   1.64718864e+00  1.64716757e+00  3.22e-04 6.74e-11  2.03e-10  3752s
 644   1.64718859e+00  1.64716758e+00  3.21e-04 6.76e-11  2.02e-10  3758s
 645   1.64718854e+00  1.64716758e+00  3.20e-04 6.76e-11  2.02e-10  3764s
 646   1.64718849e+00  1.64716758e+00  3.19e-04 6.76e-11  2.01e-10  3770s
 647   1.64718846e+00  1.64716760e+00  3.19e-04 5.96e-12  2.01e-10  3777s
 648   1.64718839e+00  1.64716761e+00  3.18e-04 6.79e-12  2.00e-10  3782s
 649   1.64718833e+00  1.64716761e+00  3.17e-04 6.45e-11  1.99e-10  3787s
 650   1.64718830e+00  1.64716761e+00  3.17e-04 6.63e-11  1.99e-10  3793s
 651   1.64718830e+00  1.64716761e+00  3.17e-04 6.66e-11  1.99e-10  3799s
 652   1.64718830e+00  1.64716750e+00  3.17e-04 8.94e-12  2.01e-10  3804s
 653   1.64718829e+00  1.64716743e+00  3.16e-04 1.33e-11  2.02e-10  3816s
 654   1.64718828e+00  1.64716745e+00  3.16e-04 6.62e-11  2.02e-10  3821s
 655   1.64718824e+00  1.64716748e+00  3.16e-04 6.65e-11  2.01e-10  3826s
 656   1.64718822e+00  1.64716750e+00  3.15e-04 6.73e-11  2.00e-10  3831s
 657   1.64718818e+00  1.64716751e+00  3.15e-04 6.73e-11  2.00e-10  3838s
 658   1.64718815e+00  1.64716752e+00  3.14e-04 6.76e-11  1.99e-10  3843s
 659   1.64718805e+00  1.64716757e+00  3.13e-04 9.70e-13  1.97e-10  3850s
 660   1.64718804e+00  1.64716757e+00  3.13e-04 4.86e-11  1.97e-10  3855s
 661   1.64718801e+00  1.64716758e+00  3.12e-04 6.76e-11  1.97e-10  3862s
 662   1.64718795e+00  1.64716758e+00  3.11e-04 6.77e-11  1.96e-10  3867s
 663   1.64718794e+00  1.64716759e+00  3.11e-04 6.76e-11  1.96e-10  3872s
 664   1.64718789e+00  1.64716759e+00  3.10e-04 6.73e-11  1.95e-10  3878s
 665   1.64718788e+00  1.64716759e+00  3.10e-04 6.71e-11  1.95e-10  3885s
 666   1.64718786e+00  1.64716760e+00  3.10e-04 6.73e-11  1.95e-10  3893s
 667   1.64718780e+00  1.64716760e+00  3.09e-04 6.71e-11  1.94e-10  3899s
 668   1.64718766e+00  1.64716761e+00  3.07e-04 6.69e-11  1.93e-10  3905s
 669   1.64718759e+00  1.64716761e+00  3.06e-04 6.73e-11  1.92e-10  3912s
 670   1.64718755e+00  1.64716762e+00  3.05e-04 6.74e-11  1.92e-10  3918s
 671   1.64718751e+00  1.64716762e+00  3.04e-04 6.72e-11  1.91e-10  3925s
 672   1.64718749e+00  1.64716762e+00  3.04e-04 2.09e-12  1.91e-10  3932s
 673   1.64718747e+00  1.64716762e+00  3.04e-04 6.83e-12  1.91e-10  3938s
 674   1.64718745e+00  1.64716762e+00  3.04e-04 5.29e-11  1.91e-10  3945s
 675   1.64718732e+00  1.64716763e+00  3.02e-04 6.44e-11  1.89e-10  3950s
 676   1.64718730e+00  1.64716763e+00  3.01e-04 6.41e-11  1.89e-10  3956s
 677   1.64718711e+00  1.64716763e+00  2.98e-04 4.29e-11  1.87e-10  3962s
 678   1.64718700e+00  1.64716763e+00  2.97e-04 4.62e-11  1.86e-10  3968s
 679   1.64718553e+00  1.64716763e+00  2.74e-04 2.18e-11  1.72e-10  3974s
 680   1.64718503e+00  1.64716763e+00  2.66e-04 3.89e-11  1.67e-10  3981s
 681   1.64718454e+00  1.64716763e+00  2.59e-04 6.98e-11  1.62e-10  3988s
 682   1.64718293e+00  1.64716763e+00  2.34e-04 2.06e-11  1.47e-10  3993s
 683   1.64718291e+00  1.64716763e+00  2.34e-04 2.35e-11  1.47e-10  4000s
 684   1.64718289e+00  1.64716763e+00  2.34e-04 5.29e-11  1.47e-10  4006s
 685   1.64717974e+00  1.64716763e+00  1.85e-04 4.45e-11  1.16e-10  4010s
 686   1.64717972e+00  1.64716763e+00  1.85e-04 8.02e-11  1.16e-10  4017s
 687   1.64717968e+00  1.64716763e+00  1.84e-04 6.31e-11  1.16e-10  4022s
 688   1.64717886e+00  1.64716763e+00  1.72e-04 2.07e-11  1.08e-10  4027s
 689   1.64717866e+00  1.64716763e+00  1.69e-04 4.18e-11  1.06e-10  4030s
 690   1.64717678e+00  1.64716763e+00  1.40e-04 2.55e-11  8.79e-11  4034s
 691   1.64717670e+00  1.64716763e+00  1.39e-04 1.52e-11  8.71e-11  4037s
 692   1.64717669e+00  1.64716763e+00  1.39e-04 1.53e-11  8.71e-11  4040s
 693   1.64717669e+00  1.64716763e+00  1.39e-04 1.14e-11  8.71e-11  4044s
 694   1.64717669e+00  1.64716763e+00  1.39e-04 8.70e-12  8.71e-11  4047s
 695   1.64717669e+00  1.64716763e+00  1.39e-04 8.67e-12  8.71e-11  4052s
 696   1.64717669e+00  1.64716763e+00  1.39e-04 8.52e-12  8.71e-11  4056s
 697   1.64717669e+00  1.64716763e+00  1.39e-04 2.33e-11  8.71e-11  4061s
 698   1.64717669e+00  1.64716763e+00  1.39e-04 8.39e-12  8.71e-11  4066s
 699   1.64717669e+00  1.64716763e+00  1.39e-04 5.37e-12  8.72e-11  4070s
 700   1.64717669e+00  1.64716763e+00  1.39e-04 1.49e-12  8.72e-11  4075s
 701   1.64717669e+00  1.64716763e+00  1.39e-04 1.60e-12  8.72e-11  4079s
 702   1.64717667e+00  1.64716762e+00  1.38e-04 1.64e-12  8.70e-11  4083s
 703   1.64717666e+00  1.64716762e+00  1.38e-04 1.37e-11  8.71e-11  4095s
 704   1.64717666e+00  1.64716762e+00  1.38e-04 6.98e-12  8.70e-11  4103s
 705   1.64717663e+00  1.64716762e+00  1.38e-04 2.53e-11  8.67e-11  4114s
 706   1.64717660e+00  1.64716763e+00  1.37e-04 2.25e-11  8.64e-11  4118s
 707   1.64717656e+00  1.64716763e+00  1.37e-04 2.42e-11  8.60e-11  4123s
 708   1.64717652e+00  1.64716763e+00  1.36e-04 3.76e-11  8.56e-11  4127s
 709   1.64717649e+00  1.64716763e+00  1.36e-04 1.98e-11  8.53e-11  4131s
 710   1.64717645e+00  1.64716763e+00  1.35e-04 9.26e-12  8.49e-11  4137s
 711   1.64717643e+00  1.64716763e+00  1.35e-04 3.84e-11  8.48e-11  4141s
 712   1.64717641e+00  1.64716763e+00  1.34e-04 2.84e-11  8.45e-11  4146s
 713   1.64717638e+00  1.64716763e+00  1.34e-04 9.05e-12  8.43e-11  4150s
 714   1.64717636e+00  1.64716763e+00  1.34e-04 1.82e-11  8.40e-11  4157s
 715   1.64717630e+00  1.64716763e+00  1.33e-04 7.92e-12  8.35e-11  4164s
 716   1.64717627e+00  1.64716763e+00  1.32e-04 3.75e-11  8.32e-11  4169s
 717   1.64717624e+00  1.64716763e+00  1.32e-04 3.24e-11  8.29e-11  4173s
 718   1.64717620e+00  1.64716763e+00  1.31e-04 2.71e-11  8.26e-11  4179s
 719   1.64717617e+00  1.64716763e+00  1.31e-04 5.01e-11  8.23e-11  4183s
 720   1.64717616e+00  1.64716763e+00  1.31e-04 1.02e-11  8.21e-11  4189s
 721   1.64717612e+00  1.64716763e+00  1.30e-04 1.76e-11  8.18e-11  4194s
 722   1.64717609e+00  1.64716763e+00  1.29e-04 9.97e-12  8.15e-11  4201s
 723   1.64717604e+00  1.64716763e+00  1.29e-04 3.88e-11  8.11e-11  4206s
 724   1.64717601e+00  1.64716763e+00  1.28e-04 2.30e-11  8.07e-11  4211s
 725   1.64717598e+00  1.64716763e+00  1.28e-04 3.15e-11  8.05e-11  4215s
 726   1.64717595e+00  1.64716763e+00  1.27e-04 2.37e-11  8.02e-11  4222s
 727   1.64717593e+00  1.64716763e+00  1.27e-04 2.76e-11  8.00e-11  4226s
 728   1.64717590e+00  1.64716763e+00  1.27e-04 2.78e-11  7.97e-11  4230s
 729   1.64717587e+00  1.64716763e+00  1.26e-04 4.24e-11  7.94e-11  4234s
 730   1.64717583e+00  1.64716763e+00  1.26e-04 3.18e-11  7.90e-11  4238s
 731   1.64717580e+00  1.64716763e+00  1.25e-04 4.92e-11  7.87e-11  4243s
 732   1.64717576e+00  1.64716763e+00  1.24e-04 1.86e-11  7.83e-11  4248s
 733   1.64717572e+00  1.64716763e+00  1.24e-04 1.95e-11  7.80e-11  4253s
 734   1.64717570e+00  1.64716763e+00  1.24e-04 2.03e-11  7.78e-11  4258s
 735   1.64717568e+00  1.64716763e+00  1.23e-04 1.48e-11  7.76e-11  4262s
 736   1.64717566e+00  1.64716763e+00  1.23e-04 2.43e-11  7.74e-11  4267s
 737   1.64717561e+00  1.64716763e+00  1.22e-04 9.28e-12  7.69e-11  4273s
 738   1.64717558e+00  1.64716763e+00  1.22e-04 1.59e-11  7.67e-11  4278s
 739   1.64717556e+00  1.64716763e+00  1.21e-04 1.74e-11  7.64e-11  4283s
 740   1.64717552e+00  1.64716763e+00  1.21e-04 4.13e-11  7.61e-11  4287s
 741   1.64717549e+00  1.64716763e+00  1.20e-04 5.33e-11  7.58e-11  4291s
 742   1.64717546e+00  1.64716763e+00  1.20e-04 3.83e-11  7.54e-11  4297s
 743   1.64717543e+00  1.64716763e+00  1.19e-04 3.03e-11  7.52e-11  4301s
 744   1.64717539e+00  1.64716763e+00  1.19e-04 1.05e-11  7.48e-11  4306s
 745   1.64717537e+00  1.64716763e+00  1.19e-04 1.87e-11  7.46e-11  4310s
 746   1.64717534e+00  1.64716763e+00  1.18e-04 8.89e-12  7.44e-11  4315s
 747   1.64717530e+00  1.64716763e+00  1.18e-04 4.83e-12  7.40e-11  4321s
 748   1.64717528e+00  1.64716763e+00  1.17e-04 8.61e-12  7.37e-11  4326s
 749   1.64717526e+00  1.64716763e+00  1.17e-04 1.40e-11  7.35e-11  4330s
 750   1.64717522e+00  1.64716763e+00  1.16e-04 5.35e-12  7.32e-11  4334s
 751   1.64717518e+00  1.64716763e+00  1.16e-04 1.59e-12  7.28e-11  4339s
 752   1.64717516e+00  1.64716763e+00  1.15e-04 1.90e-11  7.26e-11  4342s
 753   1.64717513e+00  1.64716763e+00  1.15e-04 2.56e-11  7.23e-11  4346s
 754   1.64717511e+00  1.64716763e+00  1.15e-04 1.53e-11  7.21e-11  4352s
 755   1.64717508e+00  1.64716763e+00  1.14e-04 4.26e-12  7.18e-11  4357s
 756   1.64717505e+00  1.64716763e+00  1.14e-04 1.37e-11  7.16e-11  4362s
 757   1.64717503e+00  1.64716763e+00  1.13e-04 1.62e-11  7.13e-11  4367s
 758   1.64717500e+00  1.64716763e+00  1.13e-04 1.99e-11  7.11e-11  4371s
 759   1.64717499e+00  1.64716763e+00  1.13e-04 4.19e-11  7.09e-11  4375s
 760   1.64717497e+00  1.64716763e+00  1.12e-04 3.31e-11  7.08e-11  4380s
 761   1.64717495e+00  1.64716763e+00  1.12e-04 2.28e-11  7.06e-11  4385s
 762   1.64717494e+00  1.64716763e+00  1.12e-04 3.00e-11  7.05e-11  4389s
 763   1.64717492e+00  1.64716763e+00  1.12e-04 5.45e-12  7.03e-11  4393s
 764   1.64717490e+00  1.64716763e+00  1.11e-04 9.67e-12  7.01e-11  4398s
 765   1.64717488e+00  1.64716763e+00  1.11e-04 1.33e-11  6.99e-11  4403s
 766   1.64717485e+00  1.64716763e+00  1.11e-04 6.38e-12  6.97e-11  4408s
 767   1.64717484e+00  1.64716763e+00  1.10e-04 1.83e-11  6.95e-11  4411s
 768   1.64717481e+00  1.64716763e+00  1.10e-04 1.98e-11  6.93e-11  4416s
 769   1.64717477e+00  1.64716763e+00  1.09e-04 2.27e-11  6.89e-11  4422s
 770   1.64717475e+00  1.64716763e+00  1.09e-04 5.07e-11  6.87e-11  4426s
 771   1.64717473e+00  1.64716763e+00  1.09e-04 7.45e-11  6.85e-11  4430s
 772   1.64717471e+00  1.64716763e+00  1.08e-04 9.04e-11  6.83e-11  4435s
 773   1.64717469e+00  1.64716763e+00  1.08e-04 9.90e-11  6.81e-11  4439s
 774   1.64717465e+00  1.64716763e+00  1.08e-04 2.73e-11  6.78e-11  4444s
 775   1.64717465e+00  1.64716763e+00  1.07e-04 4.80e-11  6.77e-11  4451s
 776   1.64717464e+00  1.64716763e+00  1.07e-04 6.74e-11  6.76e-11  4456s
 777   1.64717463e+00  1.64716763e+00  1.07e-04 8.04e-11  6.76e-11  4460s
 778   1.64717462e+00  1.64716763e+00  1.07e-04 9.48e-11  6.74e-11  4465s
 779   1.64717460e+00  1.64716763e+00  1.07e-04 1.03e-10  6.72e-11  4470s
 780   1.64717458e+00  1.64716763e+00  1.06e-04 1.13e-10  6.71e-11  4476s
 781   1.64717456e+00  1.64716763e+00  1.06e-04 1.19e-10  6.69e-11  4480s
 782   1.64717455e+00  1.64716763e+00  1.06e-04 1.25e-10  6.68e-11  4485s
 783   1.64717453e+00  1.64716763e+00  1.06e-04 1.30e-10  6.66e-11  4490s
 784   1.64717452e+00  1.64716763e+00  1.05e-04 1.33e-10  6.64e-11  4494s
 785   1.64717449e+00  1.64716763e+00  1.05e-04 1.21e-11  6.62e-11  4499s
 786   1.64717447e+00  1.64716763e+00  1.05e-04 3.25e-11  6.60e-11  4503s
 787   1.64717445e+00  1.64716763e+00  1.04e-04 5.28e-11  6.58e-11  4508s
 788   1.64717443e+00  1.64716763e+00  1.04e-04 7.38e-11  6.56e-11  4513s
 789   1.64717442e+00  1.64716763e+00  1.04e-04 8.90e-11  6.55e-11  4517s
 790   1.64717440e+00  1.64716763e+00  1.04e-04 1.00e-10  6.53e-11  4521s
 791   1.64717438e+00  1.64716763e+00  1.03e-04 1.12e-10  6.52e-11  4525s
 792   1.64717437e+00  1.64716763e+00  1.03e-04 1.23e-10  6.50e-11  4531s
 793   1.64717436e+00  1.64716763e+00  1.03e-04 1.26e-10  6.49e-11  4536s
 794   1.64717434e+00  1.64716763e+00  1.03e-04 1.31e-10  6.48e-11  4540s
 795   1.64717431e+00  1.64716763e+00  1.02e-04 2.15e-12  6.44e-11  4546s
 796   1.64717429e+00  1.64716763e+00  1.02e-04 2.28e-11  6.43e-11  4549s
 797   1.64717427e+00  1.64716763e+00  1.02e-04 2.09e-11  6.41e-11  4554s
 798   1.64717425e+00  1.64716763e+00  1.01e-04 3.58e-11  6.39e-11  4558s
 799   1.64717423e+00  1.64716763e+00  1.01e-04 4.89e-11  6.37e-11  4563s
 800   1.64717421e+00  1.64716763e+00  1.01e-04 5.86e-11  6.35e-11  4567s
 801   1.64717420e+00  1.64716763e+00  1.01e-04 7.49e-11  6.34e-11  4573s
 802   1.64717417e+00  1.64716763e+00  1.00e-04 8.14e-12  6.31e-11  4577s
 803   1.64717416e+00  1.64716763e+00  9.99e-05 6.00e-12  6.30e-11  4582s
 804   1.64717413e+00  1.64716763e+00  9.96e-05 8.92e-12  6.28e-11  4589s
 805   1.64717410e+00  1.64716763e+00  9.91e-05 2.46e-12  6.25e-11  4595s
 806   1.64717407e+00  1.64716763e+00  9.86e-05 1.51e-12  6.22e-11  4600s
 807   1.64717405e+00  1.64716763e+00  9.83e-05 9.08e-12  6.20e-11  4604s
 808   1.64717403e+00  1.64716763e+00  9.80e-05 2.21e-11  6.18e-11  4608s
 809   1.64717403e+00  1.64716763e+00  9.79e-05 2.98e-11  6.17e-11  4612s
 810   1.64717401e+00  1.64716763e+00  9.76e-05 2.40e-11  6.15e-11  4616s
 811   1.64717398e+00  1.64716763e+00  9.73e-05 2.67e-11  6.13e-11  4620s
 812   1.64717395e+00  1.64716763e+00  9.68e-05 3.22e-11  6.10e-11  4624s
 813   1.64717392e+00  1.64716763e+00  9.63e-05 2.45e-11  6.07e-11  4629s
 814   1.64717389e+00  1.64716763e+00  9.58e-05 3.59e-11  6.04e-11  4634s
 815   1.64717386e+00  1.64716763e+00  9.55e-05 4.42e-11  6.02e-11  4639s
 816   1.64717384e+00  1.64716763e+00  9.51e-05 4.85e-11  6.00e-11  4644s
 817   1.64717381e+00  1.64716763e+00  9.46e-05 5.23e-11  5.96e-11  4650s
 818   1.64717378e+00  1.64716763e+00  9.42e-05 5.97e-11  5.94e-11  4654s
 819   1.64717378e+00  1.64716763e+00  9.42e-05 6.56e-11  5.94e-11  4659s
 820   1.64717376e+00  1.64716763e+00  9.38e-05 6.45e-11  5.92e-11  4665s
 821   1.64717374e+00  1.64716763e+00  9.36e-05 6.11e-11  5.90e-11  4670s
 822   1.64717371e+00  1.64716763e+00  9.32e-05 5.56e-11  5.88e-11  4674s
 823   1.64717370e+00  1.64716763e+00  9.30e-05 4.98e-11  5.86e-11  4679s
 824   1.64717369e+00  1.64716763e+00  9.27e-05 4.72e-11  5.85e-11  4685s
 825   1.64717367e+00  1.64716763e+00  9.25e-05 4.99e-11  5.84e-11  4690s
 826   1.64717366e+00  1.64716763e+00  9.23e-05 5.04e-11  5.82e-11  4695s
 827   1.64717365e+00  1.64716763e+00  9.21e-05 5.18e-11  5.81e-11  4699s
 828   1.64717363e+00  1.64716763e+00  9.18e-05 5.28e-11  5.79e-11  4704s
 829   1.64717361e+00  1.64716763e+00  9.16e-05 5.47e-11  5.78e-11  4710s
 830   1.64717360e+00  1.64716763e+00  9.14e-05 4.91e-11  5.76e-11  4715s
 831   1.64717356e+00  1.64716763e+00  9.09e-05 5.30e-11  5.73e-11  4721s
 832   1.64717355e+00  1.64716763e+00  9.06e-05 6.24e-11  5.72e-11  4725s
 833   1.64717352e+00  1.64716763e+00  9.02e-05 6.14e-11  5.69e-11  4731s
 834   1.64717350e+00  1.64716763e+00  8.99e-05 6.63e-11  5.67e-11  4736s
 835   1.64717348e+00  1.64716763e+00  8.95e-05 7.32e-11  5.65e-11  4741s
 836   1.64717348e+00  1.64716763e+00  8.95e-05 7.47e-11  5.65e-11  4748s
 837   1.64717348e+00  1.64716762e+00  8.95e-05 1.42e-11  5.65e-11  4753s
 838   1.64717347e+00  1.64716762e+00  8.94e-05 1.21e-11  5.65e-11  4756s
 839   1.64717345e+00  1.64716762e+00  8.92e-05 1.76e-11  5.63e-11  4762s
 840   1.64717344e+00  1.64716762e+00  8.90e-05 3.29e-11  5.62e-11  4766s
 841   1.64717343e+00  1.64716762e+00  8.89e-05 1.31e-11  5.61e-11  4772s
 842   1.64717340e+00  1.64716762e+00  8.83e-05 2.88e-12  5.58e-11  4777s
 843   1.64717339e+00  1.64716762e+00  8.82e-05 4.16e-12  5.58e-11  4784s
 844   1.64717338e+00  1.64716762e+00  8.81e-05 6.95e-12  5.57e-11  4789s
 845   1.64717337e+00  1.64716762e+00  8.79e-05 4.16e-12  5.56e-11  4794s
 846   1.64717336e+00  1.64716762e+00  8.78e-05 1.36e-11  5.56e-11  4798s
 847   1.64717336e+00  1.64716762e+00  8.78e-05 2.18e-11  5.56e-11  4803s
 848   1.64717335e+00  1.64716762e+00  8.76e-05 4.01e-11  5.54e-11  4807s
 849   1.64717333e+00  1.64716762e+00  8.74e-05 5.01e-12  5.53e-11  4814s
 850   1.64717333e+00  1.64716762e+00  8.72e-05 1.40e-11  5.52e-11  4819s
 851   1.64717332e+00  1.64716762e+00  8.71e-05 3.08e-11  5.51e-11  4823s
 852   1.64717331e+00  1.64716762e+00  8.70e-05 3.30e-11  5.50e-11  4829s
 853   1.64717330e+00  1.64716762e+00  8.68e-05 3.40e-11  5.49e-11  4834s
 854   1.64717329e+00  1.64716762e+00  8.67e-05 3.92e-11  5.48e-11  4837s
 855   1.64717327e+00  1.64716762e+00  8.63e-05 2.10e-11  5.46e-11  4842s
 856   1.64717325e+00  1.64716762e+00  8.60e-05 1.32e-11  5.44e-11  4846s
 857   1.64717323e+00  1.64716762e+00  8.58e-05 7.08e-12  5.43e-11  4851s
 858   1.64717322e+00  1.64716762e+00  8.55e-05 7.29e-12  5.41e-11  4857s
 859   1.64717320e+00  1.64716762e+00  8.53e-05 1.50e-11  5.40e-11  4860s
 860   1.64717320e+00  1.64716762e+00  8.52e-05 1.95e-11  5.39e-11  4866s
 861   1.64717319e+00  1.64716762e+00  8.52e-05 1.31e-11  5.39e-11  4871s
 862   1.64717318e+00  1.64716762e+00  8.49e-05 8.30e-12  5.38e-11  4875s
 863   1.64717316e+00  1.64716762e+00  8.47e-05 7.89e-12  5.36e-11  4880s
 864   1.64717314e+00  1.64716762e+00  8.44e-05 1.23e-11  5.34e-11  4884s
 865   1.64717313e+00  1.64716762e+00  8.42e-05 5.50e-12  5.33e-11  4889s
 866   1.64717313e+00  1.64716762e+00  8.42e-05 1.89e-11  5.33e-11  4894s
 867   1.64717311e+00  1.64716762e+00  8.39e-05 2.38e-11  5.31e-11  4899s
 868   1.64717311e+00  1.64716762e+00  8.39e-05 2.42e-11  5.31e-11  4903s
 869   1.64717310e+00  1.64716762e+00  8.37e-05 3.86e-11  5.30e-11  4907s
 870   1.64717308e+00  1.64716762e+00  8.35e-05 4.59e-12  5.29e-11  4914s
 871   1.64717307e+00  1.64716762e+00  8.34e-05 1.68e-11  5.28e-11  4918s
 872   1.64717306e+00  1.64716762e+00  8.31e-05 1.43e-11  5.26e-11  4922s
 873   1.64717305e+00  1.64716762e+00  8.30e-05 2.57e-11  5.25e-11  4927s
 874   1.64717303e+00  1.64716762e+00  8.27e-05 2.40e-11  5.24e-11  4931s
 875   1.64717301e+00  1.64716762e+00  8.24e-05 2.25e-11  5.22e-11  4936s
 876   1.64717300e+00  1.64716762e+00  8.22e-05 7.81e-12  5.21e-11  4942s
 877   1.64717299e+00  1.64716762e+00  8.21e-05 1.47e-11  5.20e-11  4946s
 878   1.64717298e+00  1.64716762e+00  8.20e-05 2.95e-11  5.19e-11  4951s
 879   1.64717297e+00  1.64716762e+00  8.18e-05 2.77e-11  5.18e-11  4955s
 880   1.64717296e+00  1.64716762e+00  8.16e-05 1.02e-11  5.17e-11  4959s
 881   1.64717295e+00  1.64716762e+00  8.15e-05 2.87e-11  5.16e-11  4965s
 882   1.64717293e+00  1.64716762e+00  8.12e-05 3.77e-11  5.14e-11  4970s
 883   1.64717292e+00  1.64716762e+00  8.11e-05 4.27e-11  5.13e-11  4974s
 884   1.64717291e+00  1.64716762e+00  8.09e-05 4.62e-11  5.12e-11  4979s
 885   1.64717290e+00  1.64716762e+00  8.08e-05 4.91e-11  5.11e-11  4983s
 886   1.64717289e+00  1.64716762e+00  8.06e-05 4.94e-11  5.10e-11  4988s
 887   1.64717288e+00  1.64716762e+00  8.04e-05 1.95e-11  5.09e-11  4992s
 888   1.64717287e+00  1.64716762e+00  8.03e-05 1.10e-11  5.08e-11  4996s
 889   1.64717286e+00  1.64716762e+00  8.01e-05 1.87e-11  5.07e-11  5001s
 890   1.64717285e+00  1.64716762e+00  7.99e-05 1.51e-11  5.06e-11  5005s
 891   1.64717284e+00  1.64716762e+00  7.97e-05 1.22e-11  5.05e-11  5009s
 892   1.64717282e+00  1.64716762e+00  7.96e-05 1.66e-11  5.04e-11  5014s
 893   1.64717281e+00  1.64716762e+00  7.94e-05 5.64e-12  5.03e-11  5018s
 894   1.64717280e+00  1.64716762e+00  7.92e-05 1.83e-11  5.02e-11  5022s
 895   1.64717279e+00  1.64716762e+00  7.91e-05 2.43e-11  5.01e-11  5026s
 896   1.64717278e+00  1.64716762e+00  7.88e-05 2.38e-11  4.99e-11  5031s
 897   1.64717277e+00  1.64716762e+00  7.87e-05 2.62e-11  4.98e-11  5037s
 898   1.64717275e+00  1.64716762e+00  7.85e-05 3.60e-12  4.97e-11  5042s
 899   1.64717274e+00  1.64716762e+00  7.83e-05 1.78e-11  4.96e-11  5046s
 900   1.64717273e+00  1.64716762e+00  7.82e-05 1.93e-11  4.95e-11  5051s
 901   1.64717272e+00  1.64716762e+00  7.79e-05 2.29e-11  4.94e-11  5057s
 902   1.64717271e+00  1.64716762e+00  7.78e-05 2.53e-11  4.92e-11  5061s
 903   1.64717269e+00  1.64716762e+00  7.75e-05 1.03e-11  4.91e-11  5066s
 904   1.64717269e+00  1.64716762e+00  7.74e-05 2.23e-11  4.91e-11  5071s
 905   1.64717268e+00  1.64716762e+00  7.74e-05 2.15e-11  4.90e-11  5075s
 906   1.64717268e+00  1.64716763e+00  7.73e-05 2.74e-11  4.89e-11  5079s
 907   1.64717266e+00  1.64716762e+00  7.71e-05 2.77e-11  4.88e-11  5083s
 908   1.64717265e+00  1.64716762e+00  7.69e-05 2.71e-11  4.87e-11  5088s
 909   1.64717265e+00  1.64716762e+00  7.69e-05 2.71e-11  4.87e-11  5094s
 910   1.64717264e+00  1.64716762e+00  7.67e-05 1.67e-11  4.86e-11  5099s
 911   1.64717263e+00  1.64716762e+00  7.66e-05 2.06e-11  4.86e-11  5104s
 912   1.64717262e+00  1.64716762e+00  7.64e-05 2.83e-11  4.85e-11  5109s
 913   1.64717261e+00  1.64716762e+00  7.63e-05 3.58e-11  4.84e-11  5113s
 914   1.64717260e+00  1.64716762e+00  7.62e-05 3.76e-11  4.83e-11  5118s
 915   1.64717259e+00  1.64716762e+00  7.60e-05 1.33e-11  4.83e-11  5123s
 916   1.64717259e+00  1.64716762e+00  7.60e-05 1.95e-11  4.82e-11  5126s
 917   1.64717258e+00  1.64716762e+00  7.58e-05 2.74e-11  4.82e-11  5131s
 918   1.64717257e+00  1.64716762e+00  7.57e-05 1.64e-11  4.81e-11  5137s
 919   1.64717257e+00  1.64716761e+00  7.57e-05 1.38e-11  4.82e-11  5140s
 920   1.64717256e+00  1.64716761e+00  7.56e-05 3.11e-11  4.81e-11  5144s
 921   1.64717256e+00  1.64716761e+00  7.55e-05 4.76e-11  4.80e-11  5148s
 922   1.64717255e+00  1.64716761e+00  7.54e-05 5.74e-11  4.80e-11  5151s
 923   1.64717255e+00  1.64716761e+00  7.53e-05 2.13e-11  4.79e-11  5155s
 924   1.64717254e+00  1.64716761e+00  7.52e-05 4.14e-11  4.79e-11  5159s
 925   1.64717253e+00  1.64716761e+00  7.51e-05 5.99e-12  4.78e-11  5166s
 926   1.64717253e+00  1.64716761e+00  7.50e-05 1.02e-11  4.78e-11  5169s
 927   1.64717253e+00  1.64716762e+00  7.50e-05 1.48e-11  4.77e-11  5175s
 928   1.64717253e+00  1.64716758e+00  7.50e-05 1.52e-11  4.84e-11  5180s
 929   1.64717252e+00  1.64716759e+00  7.49e-05 5.06e-11  4.82e-11  5186s
 930   1.64717252e+00  1.64716760e+00  7.49e-05 6.31e-11  4.80e-11  5191s
 931   1.64717251e+00  1.64716760e+00  7.48e-05 6.60e-11  4.78e-11  5195s
 932   1.64717251e+00  1.64716762e+00  7.47e-05 4.77e-11  4.75e-11  5199s
 933   1.64717250e+00  1.64716762e+00  7.46e-05 1.32e-11  4.72e-11  5205s
 934   1.64717249e+00  1.64716763e+00  7.44e-05 1.33e-11  4.71e-11  5211s
 935   1.64717249e+00  1.64716763e+00  7.44e-05 1.61e-11  4.70e-11  5217s
 936   1.64717245e+00  1.64716763e+00  7.39e-05 2.76e-11  4.67e-11  5222s
 937   1.64717243e+00  1.64716763e+00  7.35e-05 7.21e-11  4.64e-11  5227s
 938   1.64717235e+00  1.64716763e+00  7.23e-05 1.15e-10  4.56e-11  5234s
 939   1.64717214e+00  1.64716763e+00  6.91e-05 4.62e-11  4.36e-11  5240s
 940   1.64717207e+00  1.64716763e+00  6.80e-05 6.30e-11  4.29e-11  5244s
 941   1.64717195e+00  1.64716763e+00  6.62e-05 1.11e-10  4.18e-11  5248s
 942   1.64717195e+00  1.64716763e+00  6.61e-05 1.09e-10  4.17e-11  5252s
 943   1.64717195e+00  1.64716763e+00  6.61e-05 1.09e-10  4.17e-11  5257s
 944   1.64717195e+00  1.64716763e+00  6.61e-05 1.08e-10  4.18e-11  5262s
 945   1.64717195e+00  1.64716761e+00  6.61e-05 8.86e-11  4.22e-11  5273s
 946   1.64717194e+00  1.64716761e+00  6.60e-05 4.60e-11  4.20e-11  5278s
 947   1.64717193e+00  1.64716762e+00  6.59e-05 1.30e-11  4.19e-11  5282s
 948   1.64717193e+00  1.64716762e+00  6.59e-05 1.08e-11  4.18e-11  5287s
 949   1.64717192e+00  1.64716763e+00  6.57e-05 2.20e-11  4.17e-11  5291s
 950   1.64717191e+00  1.64716763e+00  6.56e-05 3.29e-11  4.15e-11  5296s
 951   1.64717190e+00  1.64716763e+00  6.55e-05 3.86e-11  4.14e-11  5301s
 952   1.64717189e+00  1.64716763e+00  6.53e-05 3.14e-11  4.13e-11  5305s
 953   1.64717185e+00  1.64716763e+00  6.46e-05 1.34e-11  4.08e-11  5310s
 954   1.64717182e+00  1.64716763e+00  6.42e-05 3.45e-11  4.05e-11  5314s
 955   1.64717180e+00  1.64716763e+00  6.38e-05 4.32e-11  4.03e-11  5320s
 956   1.64717179e+00  1.64716763e+00  6.37e-05 8.38e-11  4.02e-11  5326s
 957   1.64717168e+00  1.64716763e+00  6.20e-05 1.02e-10  3.91e-11  5331s
 958   1.64717149e+00  1.64716763e+00  5.92e-05 6.11e-11  3.74e-11  5338s
 959   1.64717149e+00  1.64716763e+00  5.91e-05 7.51e-11  3.73e-11  5343s
 960   1.64717083e+00  1.64716763e+00  4.89e-05 8.51e-11  3.09e-11  5349s
 961   1.64717081e+00  1.64716763e+00  4.87e-05 4.58e-11  3.07e-11  5354s
 962   1.64717078e+00  1.64716763e+00  4.82e-05 4.53e-11  3.05e-11  5358s
 963   1.64717067e+00  1.64716763e+00  4.66e-05 2.77e-11  2.94e-11  5364s
 964   1.64717049e+00  1.64716764e+00  4.38e-05 1.67e-11  2.77e-11  5370s
 965   1.64717049e+00  1.64716764e+00  4.38e-05 8.95e-12  2.76e-11  5375s
 966   1.64717036e+00  1.64716764e+00  4.18e-05 4.05e-12  2.64e-11  5380s
 967   1.64717023e+00  1.64716764e+00  3.98e-05 7.96e-12  2.51e-11  5385s
 968   1.64717012e+00  1.64716764e+00  3.82e-05 6.33e-12  2.41e-11  5389s
 969   1.64716986e+00  1.64716764e+00  3.41e-05 7.91e-12  2.16e-11  5395s
 970   1.64716979e+00  1.64716764e+00  3.30e-05 8.16e-12  2.09e-11  5399s
 971   1.64716974e+00  1.64716764e+00  3.23e-05 1.09e-11  2.04e-11  5403s
 972   1.64716974e+00  1.64716764e+00  3.23e-05 7.54e-12  2.04e-11  5406s
 973   1.64716974e+00  1.64716764e+00  3.23e-05 5.75e-11  2.04e-11  5410s
 974   1.64716974e+00  1.64716763e+00  3.23e-05 5.22e-11  2.04e-11  5415s
 975   1.64716974e+00  1.64716763e+00  3.23e-05 4.29e-11  2.05e-11  5418s
 976   1.64716974e+00  1.64716763e+00  3.22e-05 2.46e-11  2.05e-11  5422s
 977   1.64716974e+00  1.64716763e+00  3.22e-05 1.21e-11  2.05e-11  5425s
 978   1.64716973e+00  1.64716763e+00  3.22e-05 1.15e-11  2.05e-11  5429s
 979   1.64716973e+00  1.64716763e+00  3.22e-05 1.00e-11  2.05e-11  5434s
 980   1.64716973e+00  1.64716762e+00  3.21e-05 1.46e-11  2.05e-11  5437s
 981   1.64716973e+00  1.64716762e+00  3.21e-05 1.64e-11  2.05e-11  5443s
 982   1.64716973e+00  1.64716762e+00  3.21e-05 1.43e-11  2.05e-11  5448s
 983   1.64716972e+00  1.64716762e+00  3.20e-05 4.60e-12  2.05e-11  5451s
 984   1.64716972e+00  1.64716762e+00  3.20e-05 9.67e-12  2.05e-11  5456s
 985   1.64716972e+00  1.64716762e+00  3.19e-05 3.56e-12  2.04e-11  5460s
 986   1.64716971e+00  1.64716762e+00  3.19e-05 9.49e-12  2.05e-11  5464s
 987   1.64716971e+00  1.64716762e+00  3.19e-05 7.86e-12  2.05e-11  5469s
 988   1.64716971e+00  1.64716762e+00  3.19e-05 7.87e-12  2.04e-11  5473s
 989   1.64716971e+00  1.64716762e+00  3.18e-05 6.95e-12  2.04e-11  5480s
 990   1.64716971e+00  1.64716762e+00  3.18e-05 9.76e-12  2.04e-11  5484s
 991   1.64716971e+00  1.64716762e+00  3.18e-05 8.88e-12  2.05e-11  5489s
 992   1.64716971e+00  1.64716762e+00  3.18e-05 4.72e-12  2.04e-11  5493s
 993   1.64716971e+00  1.64716762e+00  3.18e-05 3.09e-12  2.03e-11  5496s
 994   1.64716971e+00  1.64716763e+00  3.18e-05 1.51e-12  2.02e-11  5500s
 995   1.64716970e+00  1.64716763e+00  3.17e-05 9.11e-13  2.02e-11  5505s
 996   1.64716970e+00  1.64716763e+00  3.16e-05 3.63e-12  2.01e-11  5509s
 997   1.64716969e+00  1.64716763e+00  3.15e-05 4.10e-12  2.00e-11  5513s
 998   1.64716969e+00  1.64716763e+00  3.15e-05 7.13e-12  2.00e-11  5516s
 999   1.64716968e+00  1.64716763e+00  3.13e-05 3.50e-11  1.99e-11  5520s
 1000   1.64716967e+00  1.64716763e+00  3.12e-05 6.55e-11  1.98e-11  5524s

Barrier performed 1000 iterations in 5523.62 seconds (3926.86 work units)
Iteration limit reached

