Set parameter Username
Academic license - for non-commercial use only - expires 2027-02-09
Set parameter Threads to value 4
Set parameter Method to value 2
Set parameter BarOrder to value 1
Set parameter BarHomogeneous to value 1
Set parameter NumericFocus to value 2
Set parameter Crossover to value 0
Gurobi Optimizer version 9.5.1 build v9.5.1rc2 (linux64)
Thread count: 32 physical cores, 64 logical processors, using up to 4 threads
Optimize a model with 918359 rows, 451472 columns and 5584655 nonzeros
Model fingerprint: 0xb2c2170f
Coefficient statistics:
  Matrix range     [2e-04, 3e+00]
  Objective range  [1e+00, 1e+00]
  Bounds range     [0e+00, 0e+00]
  RHS range        [7e-04, 1e+00]
Presolve removed 341948 rows and 244501 columns
Presolve time: 3.50s
Presolved: 109524 rows, 673858 columns, 4604477 nonzeros
Ordering time: 0.11s

Barrier statistics:
 Dense cols : 82
 AA' NZ     : 4.610e+05
 Factor NZ  : 1.358e+06 (roughly 260 MB of memory)
 Factor Ops : 5.558e+07 (less than 1 second per iteration)
 Threads    : 4

                  Objective                Residual
Iter       Primal          Dual         Primal    Dual     Compl     Time
   0   7.54590916e+06  0.00000000e+00  1.35e+08 0.00e+00  1.00e+06     8s
   1   6.70598903e+06  7.30885856e+01  1.20e+08 7.91e+02  8.95e+05     9s
   2   6.07179335e+06  7.15632574e+01  1.08e+08 8.19e+02  8.11e+05    10s
   3   5.52277389e+06  7.57948955e+01  9.86e+07 7.54e+02  7.47e+05    10s
   4   5.06392289e+06  5.19734603e+01  9.04e+07 6.96e+02  6.88e+05    11s
   5   4.36785310e+06  5.60875684e+01  7.79e+07 6.66e+02  5.98e+05    12s
   6   4.18048886e+06  4.15066550e+01  7.46e+07 6.12e+02  5.64e+05    13s
   7   3.59611106e+06  3.41398331e+01  6.41e+07 5.57e+02  4.91e+05    14s
   8   3.00438300e+06  5.40672584e+01  5.35e+07 5.18e+02  4.27e+05    15s
   9   2.40738096e+06  4.19192081e+01  4.28e+07 4.76e+02  3.57e+05    17s
  10   2.13177908e+06  9.84242749e+00  3.78e+07 4.26e+02  3.02e+05    18s
  11   1.88582665e+06  1.41622285e+01  3.33e+07 3.88e+02  2.54e+05    19s
  12   1.54581440e+06  8.12944171e+00  2.71e+07 3.43e+02  1.97e+05    20s
  13   1.36485807e+06  3.54765905e+00  2.39e+07 2.85e+02  1.54e+05    21s
  14   1.06064384e+06  2.15605195e+00  1.84e+07 2.55e+02  1.14e+05    22s
  15   9.53059404e+05  7.70399315e-01  1.65e+07 1.99e+02  8.52e+04    23s
  16   7.01964081e+05  2.86070158e-01  1.21e+07 1.62e+02  5.54e+04    24s
  17   5.33875125e+05 -1.05535147e-01  9.13e+06 1.27e+02  3.54e+04    25s
  18   4.18856432e+05 -3.88961017e-01  7.14e+06 1.02e+02  2.36e+04    26s
  19   3.09546234e+05 -7.02563541e-01  5.25e+06 7.68e+01  1.39e+04    27s
  20   1.38043276e+05 -7.93584409e-01  2.32e+06 5.44e+01  4.86e+03    28s
  21   7.64389966e+04 -5.16566578e-01  1.28e+06 2.65e+01  1.41e+03    29s
  22   3.21111279e+04 -2.14081809e-01  5.38e+05 8.48e+00  2.05e+02    30s
  23   1.48154508e+04 -1.46726163e-01  2.48e+05 5.60e+00  6.70e+01    31s
  24   1.00311499e+04 -7.44049315e-02  1.68e+05 2.67e+00  2.34e+01    32s
  25   7.02942931e+03 -5.49912175e-02  1.18e+05 1.85e+00  1.24e+01    33s
  26   5.70167177e+03 -4.67070999e-02  9.55e+04 1.64e+00  9.18e+00    34s
  27   2.76881066e+03 -2.73554154e-02  4.64e+04 1.09e+00  3.34e+00    35s
  28   1.59089907e+03 -9.45477209e-03  2.67e+04 5.90e-01  1.23e+00    36s
  29   1.14504204e+03 -2.92538185e-03  1.92e+04 3.95e-01  6.84e-01    37s
  30   9.65591617e+02 -1.19986417e-03  1.62e+04 3.14e-01  5.10e-01    38s
  31   5.51178981e+02 -1.24162750e-04  9.24e+03 2.38e-01  2.83e-01    39s
  32   2.72666478e+02  5.45864995e-03  4.57e+03 1.30e-01  1.15e-01    41s
  33   1.55448308e+02  8.58230006e-03  2.60e+03 9.81e-02  6.40e-02    42s
  34   1.22583906e+02  1.03826011e-02  2.05e+03 7.39e-02  4.48e-02    43s
  35   8.57751758e+01  3.43033044e-02  1.44e+03 5.22e-02  2.79e-02    44s
  36   6.43111495e+01  1.30911416e-01  1.08e+03 3.58e-02  1.76e-02    46s
  37   4.90262130e+01  6.97347475e-01  8.15e+02 1.88e-02  8.01e-03    47s
  38   3.47481008e+01  9.50175618e-01  5.71e+02 8.25e-03  3.47e-03    48s
  39   1.45405562e+01  1.16036328e+00  2.26e+02 2.42e-03  8.05e-04    49s
  40   9.09818504e+00  1.22635342e+00  1.33e+02 1.14e-03  3.73e-04    50s
  41   6.47621149e+00  1.27907405e+00  8.77e+01 7.93e-04  2.11e-04    51s
  42   4.82874658e+00  1.37272790e+00  5.90e+01 3.34e-04  1.01e-04    52s
  43   4.30947944e+00  1.42173319e+00  4.99e+01 1.76e-04  6.92e-05    53s
  44   3.89408664e+00  1.44633105e+00  4.26e+01 1.18e-04  5.30e-05    54s
  45   3.64388726e+00  1.45138698e+00  3.81e+01 1.08e-04  4.69e-05    54s
  46   3.46448475e+00  1.46127599e+00  3.49e+01 1.01e-04  4.27e-05    55s
  47   3.35193613e+00  1.46816414e+00  3.28e+01 9.61e-05  4.01e-05    56s
  48   3.11866626e+00  1.48269651e+00  2.85e+01 8.66e-05  3.49e-05    57s
  49   2.79642914e+00  1.51172497e+00  2.24e+01 6.77e-05  2.74e-05    57s
  50   2.64557707e+00  1.52851775e+00  1.95e+01 6.00e-05  2.38e-05    58s
  51   2.57375103e+00  1.55896388e+00  1.81e+01 4.49e-05  2.10e-05    59s
  52   2.49093564e+00  1.58337625e+00  1.65e+01 3.21e-05  1.80e-05    60s
  53   2.23985837e+00  1.59397002e+00  1.16e+01 2.62e-05  1.32e-05    61s
  54   2.11259149e+00  1.60536890e+00  9.12e+00 1.94e-05  1.04e-05    62s
  55   1.99170431e+00  1.61126901e+00  6.77e+00 1.62e-05  8.02e-06    63s
  56   1.91860840e+00  1.61675743e+00  5.34e+00 1.34e-05  6.44e-06    65s
  57   1.88833717e+00  1.62568614e+00  4.74e+00 9.38e-06  5.39e-06    66s
  58   1.85214815e+00  1.62913265e+00  4.04e+00 7.87e-06  4.55e-06    67s
  59   1.80566183e+00  1.63317456e+00  3.08e+00 6.25e-06  3.53e-06    68s
  60   1.75148870e+00  1.63807114e+00  2.01e+00 4.09e-06  2.21e-06    70s
  61   1.71482611e+00  1.64069510e+00  1.28e+00 3.10e-06  1.47e-06    71s
  62   1.68892434e+00  1.64325313e+00  7.65e-01 2.25e-06  9.26e-07    72s
  63   1.66940837e+00  1.64605830e+00  3.83e-01 1.25e-06  4.73e-07    73s
  64   1.66272458e+00  1.64733196e+00  2.55e-01 7.22e-07  3.02e-07    74s
  65   1.65835843e+00  1.64774410e+00  1.74e-01 4.93e-07  2.11e-07    75s
  66   1.65615451e+00  1.64810218e+00  1.33e-01 3.38e-07  1.57e-07    76s
  67   1.65483581e+00  1.64832392e+00  1.09e-01 2.23e-07  1.24e-07    77s
  68   1.65297139e+00  1.64853255e+00  7.43e-02 1.35e-07  8.38e-08    78s
  69   1.65183450e+00  1.64869974e+00  5.34e-02 6.60e-08  5.71e-08    80s
  70   1.65020432e+00  1.64880285e+00  2.37e-02 2.65e-08  2.58e-08    81s
  71   1.64955925e+00  1.64884469e+00  1.21e-02 1.19e-08  1.31e-08    83s
  72   1.64908627e+00  1.64885369e+00  3.64e-03 8.88e-09  4.86e-09    86s
  73   1.64899741e+00  1.64886313e+00  2.07e-03 5.12e-09  2.88e-09    87s
  74   1.64898371e+00  1.64887013e+00  1.83e-03 2.28e-09  2.27e-09    88s
  75   1.64897111e+00  1.64887146e+00  1.61e-03 1.74e-09  1.98e-09    89s
  76   1.64891382e+00  1.64887368e+00  6.19e-04 8.97e-10  8.58e-10    91s
  77   1.64890408e+00  1.64887491e+00  4.56e-04 5.68e-10  6.20e-10    91s
  78   1.64889558e+00  1.64887584e+00  3.13e-04 3.17e-10  4.15e-10    92s
  79   1.64889004e+00  1.64887638e+00  2.19e-04 1.76e-10  2.83e-10    93s
  80   1.64888895e+00  1.64887678e+00  2.01e-04 7.39e-11  2.43e-10    94s
  81   1.64888802e+00  1.64887693e+00  1.85e-04 4.30e-11  2.18e-10    96s
  82   1.64888785e+00  1.64887704e+00  1.82e-04 2.34e-10  2.09e-10    97s
  83   1.64888708e+00  1.64887712e+00  1.69e-04 9.63e-11  1.91e-10    98s
  84   1.64888260e+00  1.64887718e+00  9.18e-05 2.68e-11  1.05e-10    99s
  85   1.64887892e+00  1.64887724e+00  2.84e-05 1.70e-11  3.34e-11   101s
  86   1.64887794e+00  1.64887726e+00  1.14e-05 6.11e-11  1.35e-11   103s
  87   1.64887748e+00  1.64887728e+00  3.46e-06 2.19e-11  4.12e-12   104s
  88   1.64887742e+00  1.64887728e+00  2.41e-06 1.25e-11  2.83e-12   105s
  89   1.64887738e+00  1.64887728e+00  1.70e-06 6.54e-12  1.97e-12   106s
  90   1.64887738e+00  1.64887728e+00  1.65e-06 3.25e-12  1.88e-12   107s
  91   1.64887737e+00  1.64887728e+00  1.50e-06 4.90e-11  1.69e-12   108s
  92   1.64887735e+00  1.64887728e+00  1.24e-06 2.61e-11  1.39e-12   109s
  93   1.64887734e+00  1.64887728e+00  1.05e-06 2.29e-11  1.17e-12   110s
  94   1.64887731e+00  1.64887728e+00  5.24e-07 1.93e-11  5.85e-13   111s
  95   1.64887730e+00  1.64887728e+00  2.88e-07 1.53e-11  3.21e-13   112s

Barrier solved model in 95 iterations and 111.69 seconds (87.90 work units)
Optimal objective 1.64887730e+00

