Set parameter Username
Academic license - for non-commercial use only - expires 2027-02-09
Set parameter Threads to value 4
Set parameter Method to value 2
Set parameter BarOrder to value 1
Set parameter BarHomogeneous to value 1
Set parameter NumericFocus to value 2
Set parameter Crossover to value 0
Gurobi Optimizer version 9.5.1 build v9.5.1rc2 (linux64)
Thread count: 32 physical cores, 64 logical processors, using up to 4 threads
Optimize a model with 10142354 rows, 9771935 columns and 74994937 nonzeros
Model fingerprint: 0x01cf9171
Coefficient statistics:
  Matrix range     [2e-04, 3e+00]
  Objective range  [1e+00, 1e+00]
  Bounds range     [0e+00, 0e+00]
  RHS range        [7e-04, 1e+00]
Presolve removed 158115 rows and 0 columns (presolve time = 8s) ...
Presolve removed 1870248 rows and 8366354 columns (presolve time = 10s) ...
Presolve removed 1870248 rows and 8366354 columns (presolve time = 15s) ...
Presolve removed 4373904 rows and 8366354 columns (presolve time = 23s) ...
Presolve removed 4377550 rows and 8370000 columns (presolve time = 28s) ...
Presolve removed 4606538 rows and 8598988 columns (presolve time = 44s) ...
Presolve removed 4606540 rows and 8598989 columns (presolve time = 47s) ...
Presolve removed 5062879 rows and 8598989 columns (presolve time = 52s) ...
Presolve removed 5062879 rows and 8598989 columns (presolve time = 57s) ...
Presolve removed 5062879 rows and 8598989 columns
Presolve time: 58.51s
Presolved: 5079475 rows, 1172946 columns, 36548083 nonzeros
Elapsed ordering time = 6s
Ordering time: 6.60s

Barrier statistics:
 Dense cols : 355
 AA' NZ     : 1.414e+08
 Factor NZ  : 2.071e+08 (roughly 4.0 GB of memory)
 Factor Ops : 1.843e+10 (roughly 1 second per iteration)
 Threads    : 4

                  Objective                Residual
Iter       Primal          Dual         Primal    Dual     Compl     Time
   0   3.34396464e+00  6.25000000e+01  5.89e+07 6.25e-02  1.00e+06  5305s
   1   3.67922191e+00  4.71173029e+05  5.44e+07 8.12e+02  9.28e+05  5317s
   2   6.70166017e+00  9.26912700e+05  5.04e+07 8.11e+02  8.75e+05  5334s
   3   3.47854864e+01  8.94010037e+06  3.48e+07 2.43e+02  4.60e+05  5356s
   4   5.37786049e+00  1.76164906e+05  1.80e+06 5.72e+00  1.10e+03  5380s
   5   4.79187018e+00  4.49931521e+04  5.87e+05 1.21e+00  1.76e+02  5410s
   6   4.71515431e+00  2.56922888e+04  3.91e+05 6.81e-01  9.65e+01  5429s
   7   4.66031369e+00  1.79292213e+04  2.71e+05 5.84e-01  6.16e+01  5444s
   8   4.67253460e+00  1.38800969e+04  2.20e+05 4.64e-01  4.75e+01  5460s
   9   4.70135773e+00  1.03877971e+04  1.82e+05 3.49e-01  3.74e+01  5475s
  10   4.75756172e+00  6.52003853e+03  1.71e+05 2.25e-01  3.46e+01  5493s
  11   4.61813791e+00  5.27444816e+03  1.60e+05 1.92e-01  3.61e+01  5514s
  12   4.16013068e+00  4.25221747e+03  1.27e+05 1.55e-01  2.98e+01  5538s
  13   4.05717400e+00  2.71141162e+03  1.03e+05 9.79e-02  2.29e+01  5569s
  14   4.10698049e+00  1.46816748e+03  7.09e+04 5.27e-02  1.54e+01  5593s
  15   4.17437007e+00  5.76829106e+02  4.24e+04 2.00e-02  9.09e+00  5616s
  16   4.47258404e+00  3.03124104e+02  2.51e+04 1.07e-02  5.53e+00  5636s
  17   4.73262107e+00  1.97312384e+02  1.95e+04 6.90e-03  4.18e+00  5652s
  18   5.22631864e+00  1.60117775e+02  1.40e+04 5.29e-03  2.90e+00  5668s
  19   5.78301814e+00  1.32696178e+02  9.26e+03 4.08e-03  1.84e+00  5683s
  20   5.87371460e+00  1.08360047e+02  7.02e+03 3.03e-03  1.28e+00  5701s
  21   5.85466642e+00  7.60635616e+01  4.06e+03 1.82e-03  5.99e-01  5721s
  22   5.47988771e+00  4.42663403e+01  1.73e+03 8.74e-04  1.75e-01  5748s
  23   4.93908505e+00  3.09880136e+01  1.13e+03 5.65e-04  8.70e-02  5781s
  24   4.62784917e+00  2.84641983e+01  9.96e+02 5.10e-04  7.51e-02  5824s
  25   4.18000558e+00  2.28330383e+01  8.47e+02 3.87e-04  5.75e-02  5858s
  26   3.68576619e+00  1.88999850e+01  6.79e+02 3.09e-04  4.20e-02  5888s
  27   3.45084209e+00  1.33811084e+01  5.99e+02 2.05e-04  2.80e-02  5920s
  28   2.63556350e+00  8.22254543e+00  3.34e+02 1.13e-04  9.74e-03  5955s
  29   1.74429026e+00  4.02082472e+00  4.51e+01 4.10e-05  6.72e-04  5995s
  30   1.62180468e+00  2.91650987e+00  1.20e+01 2.28e-05  1.56e-04  6029s
  31   1.59775453e+00  2.50398358e+00  7.08e+00 1.60e-05  8.64e-05  6063s
  32   1.57487370e+00  2.31661586e+00  3.63e+00 1.28e-05  5.16e-05  6091s
  33   1.55941941e+00  2.17049596e+00  2.22e+00 1.05e-05  3.66e-05  6116s
  34   1.54251923e+00  2.05473758e+00  1.61e+00 8.61e-06  2.96e-05  6135s
  35   1.52699376e+00  1.98847981e+00  1.23e+00 7.64e-06  2.60e-05  6161s
  36   1.51451054e+00  1.91279647e+00  1.06e+00 6.55e-06  2.29e-05  6192s
  37   1.48617077e+00  1.85779859e+00  7.05e-01 5.78e-06  2.01e-05  6223s
  38   1.47330010e+00  1.78755854e+00  4.57e-01 4.79e-06  1.62e-05  6262s
  39   1.47855653e+00  1.72846229e+00  3.25e-01 3.87e-06  1.25e-05  6290s
  40   1.48618837e+00  1.68546327e+00  2.26e-01 3.09e-06  9.47e-06  6334s
  41   1.49213244e+00  1.65315540e+00  1.94e-01 2.47e-06  7.44e-06  6385s
  42   1.50005755e+00  1.62805337e+00  1.52e-01 1.91e-06  5.59e-06  6441s
  43   1.51170486e+00  1.61460494e+00  1.30e-01 1.53e-06  4.38e-06  6500s
  44   1.51794071e+00  1.61281234e+00  1.18e-01 1.40e-06  3.93e-06  6561s
  45   1.52231894e+00  1.61025682e+00  1.10e-01 1.27e-06  3.54e-06  6622s
  46   1.52531773e+00  1.60976837e+00  1.05e-01 1.23e-06  3.39e-06  6685s
  47   1.53342780e+00  1.60886860e+00  9.40e-02 1.14e-06  3.07e-06  6745s
  48   1.53718969e+00  1.60906637e+00  8.94e-02 1.02e-06  2.74e-06  6805s
  49   1.54001465e+00  1.61089246e+00  8.64e-02 8.43e-07  2.33e-06  6872s
  50   1.55663188e+00  1.61260459e+00  6.71e-02 7.76e-07  2.01e-06  6948s
  51   1.57345966e+00  1.61404231e+00  5.50e-02 7.24e-07  1.74e-06  7026s
  52   1.58303569e+00  1.61670165e+00  4.50e-02 6.44e-07  1.48e-06  7096s
  53   1.58453328e+00  1.61786863e+00  3.61e-02 6.03e-07  1.39e-06  7196s
  54   1.59284721e+00  1.61933706e+00  3.07e-02 5.71e-07  1.26e-06  7319s
  55   1.59723194e+00  1.62091226e+00  2.80e-02 5.34e-07  1.15e-06  7460s
  56   1.60138200e+00  1.62257975e+00  2.52e-02 4.77e-07  1.02e-06  7629s
  57   1.60378594e+00  1.62190073e+00  2.07e-02 4.27e-07  9.11e-07  7836s
  58   1.60626379e+00  1.62377979e+00  1.91e-02 3.92e-07  7.95e-07  7968s
  59   1.60893562e+00  1.62518564e+00  1.76e-02 3.66e-07  7.20e-07  8035s
  60   1.61377372e+00  1.62735160e+00  1.48e-02 3.39e-07  6.16e-07  8094s
  61   1.61558541e+00  1.62946836e+00  1.39e-02 2.83e-07  5.34e-07  8193s
  62   1.61570201e+00  1.62960941e+00  1.38e-02 2.79e-07  5.29e-07  8229s
  63   1.61707834e+00  1.63037775e+00  1.31e-02 2.66e-07  4.98e-07  8283s
  64   1.61764017e+00  1.63064547e+00  1.28e-02 2.60e-07  4.58e-07  8323s
  65   1.61811595e+00  1.63092511e+00  1.25e-02 2.54e-07  4.48e-07  8365s
  66   1.61819156e+00  1.63124432e+00  1.25e-02 2.47e-07  4.39e-07  8419s
  67   1.61842569e+00  1.63188054e+00  1.24e-02 2.38e-07  4.20e-07  8490s
  68   1.61842678e+00  1.63187971e+00  1.24e-02 2.38e-07  4.20e-07  8531s
  69   1.61874858e+00  1.63251627e+00  1.22e-02 2.24e-07  4.02e-07  8604s
  70   1.61946591e+00  1.63283727e+00  1.18e-02 2.19e-07  3.89e-07  8671s
  71   1.62024747e+00  1.63312649e+00  1.14e-02 2.13e-07  3.78e-07  8720s
  72   1.62466749e+00  1.63426942e+00  9.27e-03 1.90e-07  3.28e-07  8786s
  73   1.62587744e+00  1.63478307e+00  8.70e-03 1.81e-07  3.12e-07  8850s
  74   1.62675681e+00  1.63537669e+00  8.30e-03 1.69e-07  2.94e-07  8907s
  75   1.62731993e+00  1.63613028e+00  8.05e-03 1.58e-07  2.75e-07  8960s
  76   1.62796185e+00  1.63650143e+00  7.77e-03 1.52e-07  2.65e-07  9001s
  77   1.62957473e+00  1.63878536e+00  7.08e-03 1.33e-07  2.16e-07  9051s
  78   1.63066714e+00  1.64131941e+00  6.60e-03 8.59e-08  1.68e-07  9111s
  79   1.63092983e+00  1.64184713e+00  6.49e-03 7.43e-08  1.58e-07  9183s
  80   1.63122934e+00  1.64192896e+00  6.36e-03 7.52e-08  1.56e-07  9243s
  81   1.63128605e+00  1.64193727e+00  6.34e-03 7.51e-08  1.55e-07  9278s
  82   1.63148561e+00  1.64241125e+00  6.26e-03 7.09e-08  1.48e-07  9352s
  83   1.63191743e+00  1.64267599e+00  6.07e-03 6.91e-08  1.43e-07  9392s
  84   1.63196539e+00  1.64275242e+00  6.05e-03 6.64e-08  1.42e-07  9425s
  85   1.63223052e+00  1.64299254e+00  5.95e-03 6.33e-08  1.37e-07  9484s
  86   1.63225307e+00  1.64300362e+00  5.94e-03 6.21e-08  1.37e-07  9529s
  87   1.63226929e+00  1.64302068e+00  5.94e-03 6.22e-08  1.37e-07  9593s
  88   1.63235342e+00  1.64335529e+00  5.91e-03 5.80e-08  1.33e-07  9664s
  89   1.63239964e+00  1.64348021e+00  5.89e-03 5.63e-08  1.31e-07  9786s
  90   1.63244134e+00  1.64358913e+00  5.87e-03 5.52e-08  1.30e-07  9847s
  91   1.63254186e+00  1.64376029e+00  5.84e-03 5.23e-08  1.28e-07  9885s
  92   1.63260311e+00  1.64377904e+00  5.81e-03 5.19e-08  1.28e-07  9912s
  93   1.63281739e+00  1.64417482e+00  5.73e-03 4.77e-08  1.22e-07  9976s
  94   1.63292643e+00  1.64488470e+00  5.69e-03 5.31e-08  1.16e-07  10045s
  95   1.63347919e+00  1.64508217e+00  5.49e-03 4.96e-08  1.11e-07  10101s
  96   1.63350114e+00  1.64520415e+00  5.48e-03 4.86e-08  1.10e-07  10154s
  97   1.63361441e+00  1.64569234e+00  5.44e-03 3.33e-08  1.05e-07  10208s
  98   1.63367107e+00  1.64572977e+00  5.41e-03 3.21e-08  1.03e-07  10249s
  99   1.63369042e+00  1.64576464e+00  5.41e-03 3.18e-08  1.03e-07  10300s
 100   1.63371071e+00  1.64581125e+00  5.40e-03 2.99e-08  1.02e-07  10337s
 101   1.63372937e+00  1.64590775e+00  5.39e-03 2.70e-08  1.01e-07  10390s
 102   1.63383736e+00  1.64614415e+00  5.35e-03 2.80e-08  9.88e-08  10431s
 103   1.63383794e+00  1.64619672e+00  5.35e-03 2.57e-08  9.73e-08  10471s
 104   1.63394972e+00  1.64620832e+00  5.31e-03 2.87e-08  9.65e-08  10529s
 105   1.63394283e+00  1.64620959e+00  5.31e-03 2.87e-08  9.67e-08  10571s
 106   1.63411521e+00  1.64623662e+00  5.24e-03 2.78e-08  9.50e-08  10620s
 107   1.63421800e+00  1.64631522e+00  5.20e-03 2.71e-08  9.37e-08  10681s
 108   1.63467797e+00  1.64636779e+00  5.02e-03 2.65e-08  9.00e-08  10754s
 109   1.63467526e+00  1.64636892e+00  5.02e-03 2.73e-08  9.01e-08  10790s
 110   1.63468928e+00  1.64642534e+00  5.01e-03 2.57e-08  8.90e-08  10837s
 111   1.63470528e+00  1.64646530e+00  5.01e-03 2.26e-08  8.85e-08  10898s
 112   1.63482644e+00  1.64659006e+00  4.96e-03 2.01e-08  8.59e-08  10986s
 113   1.63513132e+00  1.64666159e+00  4.84e-03 1.89e-08  8.33e-08  11038s
 114   1.63518657e+00  1.64667792e+00  4.82e-03 1.73e-08  8.27e-08  11081s
 115   1.63522610e+00  1.64671487e+00  4.80e-03 1.70e-08  8.17e-08  11155s
 116   1.63527407e+00  1.64680796e+00  4.78e-03 1.54e-08  8.02e-08  11225s
 117   1.63527800e+00  1.64684265e+00  4.78e-03 1.46e-08  7.95e-08  11299s
 118   1.63531315e+00  1.64686353e+00  4.77e-03 1.46e-08  7.90e-08  11337s
 119   1.63535229e+00  1.64688330e+00  4.75e-03 1.51e-08  7.83e-08  11387s
 120   1.63535471e+00  1.64688338e+00  4.75e-03 1.51e-08  7.83e-08  11424s
 121   1.63535616e+00  1.64688365e+00  4.75e-03 1.55e-08  7.82e-08  11472s
 122   1.63545745e+00  1.64692018e+00  4.71e-03 1.46e-08  7.70e-08  11562s
 123   1.63547535e+00  1.64693915e+00  4.70e-03 1.39e-08  7.64e-08  11625s
 124   1.63553684e+00  1.64695254e+00  4.68e-03 1.35e-08  7.58e-08  11716s
 125   1.63553811e+00  1.64695176e+00  4.68e-03 1.37e-08  7.57e-08  11755s
 126   1.63568525e+00  1.64698119e+00  4.62e-03 1.23e-08  7.43e-08  11819s
 127   1.63572721e+00  1.64698383e+00  4.60e-03 1.29e-08  7.40e-08  11863s
 128   1.63574332e+00  1.64698910e+00  4.60e-03 1.33e-08  7.38e-08  11908s
 129   1.63575831e+00  1.64712707e+00  4.59e-03 1.21e-08  7.36e-08  11967s
 130   1.63576749e+00  1.64712950e+00  4.59e-03 1.21e-08  7.34e-08  12004s
 131   1.63592574e+00  1.64718329e+00  4.53e-03 1.05e-08  7.17e-08  12087s
 132   1.63594428e+00  1.64718373e+00  4.52e-03 9.45e-09  7.15e-08  12122s
 133   1.63600130e+00  1.64718694e+00  4.50e-03 8.98e-09  7.10e-08  12183s
 134   1.63602485e+00  1.64718612e+00  4.49e-03 9.25e-09  7.07e-08  12232s
 135   1.63803117e+00  1.64719711e+00  3.69e-03 7.84e-09  5.90e-08  12302s
 136   1.63803136e+00  1.64719646e+00  3.69e-03 1.06e-08  5.90e-08  12356s
 137   1.63804240e+00  1.64719697e+00  3.69e-03 1.15e-08  5.89e-08  12409s
 138   1.63806169e+00  1.64720273e+00  3.68e-03 1.11e-08  5.87e-08  12514s
 139   1.63807117e+00  1.64722075e+00  3.68e-03 1.06e-08  5.81e-08  12578s
 140   1.63807502e+00  1.64721968e+00  3.68e-03 1.03e-08  5.79e-08  12656s
 141   1.63807919e+00  1.64721986e+00  3.67e-03 1.06e-08  5.78e-08  12698s
 142   1.63814101e+00  1.64723389e+00  3.65e-03 9.64e-09  5.73e-08  12778s
 143   1.63815156e+00  1.64723120e+00  3.64e-03 8.19e-09  5.70e-08  12829s
 144   1.63816480e+00  1.64722827e+00  3.64e-03 8.43e-09  5.68e-08  12869s
 145   1.63818416e+00  1.64722142e+00  3.63e-03 7.98e-09  5.63e-08  12958s
 146   1.63821439e+00  1.64722024e+00  3.62e-03 7.51e-09  5.61e-08  13021s
 147   1.63822275e+00  1.64722004e+00  3.62e-03 7.35e-09  5.59e-08  13079s
 148   1.63822588e+00  1.64721854e+00  3.61e-03 7.85e-09  5.58e-08  13139s
 149   1.63845233e+00  1.64721584e+00  3.52e-03 8.37e-09  5.43e-08  13189s
 150   1.64094866e+00  1.64720783e+00  2.51e-03 7.64e-09  4.04e-08  13233s
 151   1.64094905e+00  1.64720699e+00  2.51e-03 7.98e-09  4.03e-08  13290s
 152   1.64100244e+00  1.64720392e+00  2.49e-03 8.00e-09  3.99e-08  13351s
 153   1.64100247e+00  1.64720394e+00  2.49e-03 8.01e-09  3.99e-08  13445s
 154   1.64100298e+00  1.64720313e+00  2.49e-03 8.36e-09  3.99e-08  13485s
 155   1.64100412e+00  1.64720281e+00  2.49e-03 8.93e-09  3.98e-08  13541s
 156   1.64106242e+00  1.64720323e+00  2.47e-03 9.94e-09  3.95e-08  13646s
 157   1.64106186e+00  1.64720278e+00  2.47e-03 9.94e-09  3.95e-08  13694s
 158   1.64106316e+00  1.64720394e+00  2.47e-03 1.01e-08  3.95e-08  13743s
 159   1.64110200e+00  1.64720128e+00  2.45e-03 9.10e-09  3.90e-08  13797s
 160   1.64110339e+00  1.64719831e+00  2.45e-03 9.41e-09  3.89e-08  13893s
 161   1.64110340e+00  1.64719771e+00  2.45e-03 9.32e-09  3.89e-08  13950s
 162   1.64111440e+00  1.64719263e+00  2.45e-03 8.34e-09  3.87e-08  14027s
 163   1.64111518e+00  1.64719060e+00  2.45e-03 8.51e-09  3.87e-08  14077s
 164   1.64111959e+00  1.64719041e+00  2.45e-03 8.62e-09  3.86e-08  14139s
 165   1.64111980e+00  1.64718920e+00  2.45e-03 8.25e-09  3.86e-08  14191s
 166   1.64113057e+00  1.64719261e+00  2.44e-03 6.89e-09  3.84e-08  14262s
 167   1.64113615e+00  1.64718479e+00  2.44e-03 7.53e-09  3.83e-08  14331s
 168   1.64117263e+00  1.64718417e+00  2.42e-03 6.89e-09  3.80e-08  14372s
 169   1.64117510e+00  1.64718141e+00  2.42e-03 6.56e-09  3.80e-08  14490s
 170   1.64117512e+00  1.64718089e+00  2.42e-03 6.45e-09  3.80e-08  14560s
 171   1.64117682e+00  1.64718963e+00  2.42e-03 1.79e-08  3.80e-08  14627s
 172   1.64118405e+00  1.64718722e+00  2.42e-03 1.70e-08  3.79e-08  14697s
 173   1.64118574e+00  1.64717917e+00  2.42e-03 1.54e-08  3.77e-08  14777s
 174   1.64118949e+00  1.64718473e+00  2.42e-03 1.42e-08  3.77e-08  14841s
 175   1.64121204e+00  1.64718302e+00  2.41e-03 1.49e-08  3.75e-08  14887s
 176   1.64121344e+00  1.64718167e+00  2.41e-03 1.36e-08  3.75e-08  15033s
 177   1.64121826e+00  1.64718241e+00  2.41e-03 1.41e-08  3.75e-08  15093s
 178   1.64121851e+00  1.64718197e+00  2.41e-03 1.29e-08  3.75e-08  15172s
 179   1.64121959e+00  1.64718259e+00  2.41e-03 1.51e-08  3.74e-08  15212s
 180   1.64122277e+00  1.64718259e+00  2.41e-03 1.45e-08  3.74e-08  15266s
 181   1.64123531e+00  1.64718023e+00  2.40e-03 1.49e-08  3.73e-08  15343s
 182   1.64123975e+00  1.64717530e+00  2.40e-03 1.53e-08  3.72e-08  15414s
 183   1.64125055e+00  1.64717506e+00  2.39e-03 1.46e-08  3.71e-08  15463s
 184   1.64126484e+00  1.64716210e+00  2.39e-03 1.48e-08  3.68e-08  15503s
 185   1.64140521e+00  1.64715913e+00  2.33e-03 1.58e-08  3.59e-08  15546s
 186   1.64142398e+00  1.64715279e+00  2.32e-03 1.44e-08  3.57e-08  15668s
 187   1.64143727e+00  1.64713997e+00  2.32e-03 1.37e-08  3.55e-08  15762s
 188   1.64143820e+00  1.64713351e+00  2.32e-03 1.30e-08  3.54e-08  15823s
 189   1.64146004e+00  1.64712782e+00  2.31e-03 1.31e-08  3.52e-08  15878s
 190   1.64146787e+00  1.64712273e+00  2.30e-03 1.26e-08  3.51e-08  15937s
 191   1.64147108e+00  1.64711382e+00  2.30e-03 1.24e-08  3.49e-08  15989s
 192   1.64147202e+00  1.64710177e+00  2.30e-03 1.22e-08  3.47e-08  16037s
 193   1.64147600e+00  1.64710420e+00  2.30e-03 1.20e-08  3.47e-08  16124s
 194   1.64148298e+00  1.64711006e+00  2.30e-03 1.09e-08  3.45e-08  16269s
 195   1.64148498e+00  1.64709427e+00  2.30e-03 1.03e-08  3.43e-08  16317s
 196   1.64149474e+00  1.64710678e+00  2.29e-03 8.27e-09  3.41e-08  16381s
 197   1.64151450e+00  1.64704995e+00  2.28e-03 6.16e-09  3.34e-08  16442s
 198   1.64153244e+00  1.64704912e+00  2.28e-03 6.61e-09  3.33e-08  16518s
 199   1.64153427e+00  1.64703721e+00  2.27e-03 5.93e-09  3.32e-08  16587s
 200   1.64154414e+00  1.64702414e+00  2.27e-03 5.41e-09  3.30e-08  16651s
 201   1.64154574e+00  1.64702223e+00  2.27e-03 5.58e-09  3.30e-08  16714s
 202   1.64154774e+00  1.64701355e+00  2.27e-03 5.31e-09  3.29e-08  16799s
 203   1.64156038e+00  1.64700673e+00  2.26e-03 5.17e-09  3.27e-08  16857s
 204   1.64156180e+00  1.64700359e+00  2.26e-03 5.03e-09  3.27e-08  16950s
 205   1.64159079e+00  1.64700625e+00  2.25e-03 5.03e-09  3.26e-08  17034s
 206   1.64161846e+00  1.64700547e+00  2.24e-03 5.58e-09  3.24e-08  17074s
 207   1.64162517e+00  1.64700509e+00  2.24e-03 5.55e-09  3.23e-08  17115s
 208   1.64164811e+00  1.64699878e+00  2.23e-03 5.36e-09  3.21e-08  17174s
 209   1.64164920e+00  1.64699711e+00  2.23e-03 5.03e-09  3.21e-08  17226s
 210   1.64167806e+00  1.64699579e+00  2.21e-03 4.95e-09  3.20e-08  17282s
 211   1.64167878e+00  1.64699468e+00  2.21e-03 4.91e-09  3.19e-08  17316s
 212   1.64168386e+00  1.64699313e+00  2.21e-03 5.38e-09  3.19e-08  17364s
 213   1.64168479e+00  1.64699771e+00  2.21e-03 5.13e-09  3.19e-08  17441s
 214   1.64172545e+00  1.64699703e+00  2.19e-03 4.84e-09  3.16e-08  17520s
 215   1.64173521e+00  1.64699512e+00  2.19e-03 4.75e-09  3.16e-08  17583s
 216   1.64174199e+00  1.64699507e+00  2.19e-03 5.18e-09  3.15e-08  17620s
 217   1.64176435e+00  1.64699182e+00  2.18e-03 4.90e-09  3.14e-08  17665s
 218   1.64176461e+00  1.64699115e+00  2.18e-03 4.77e-09  3.14e-08  17711s
 219   1.64176609e+00  1.64698504e+00  2.18e-03 4.25e-09  3.13e-08  17770s
 220   1.64184380e+00  1.64698661e+00  2.14e-03 4.18e-09  3.08e-08  17860s
 221   1.64189536e+00  1.64698100e+00  2.12e-03 4.87e-09  3.05e-08  17989s
 222   1.64211549e+00  1.64697565e+00  2.02e-03 4.63e-09  2.92e-08  18036s
 223   1.64213217e+00  1.64696267e+00  2.02e-03 4.38e-09  2.90e-08  18118s
 224   1.64213301e+00  1.64696204e+00  2.02e-03 4.36e-09  2.90e-08  18157s
 225   1.64213344e+00  1.64696053e+00  2.02e-03 4.14e-09  2.90e-08  18201s
 226   1.64213486e+00  1.64694672e+00  2.02e-03 3.64e-09  2.89e-08  18254s
 227   1.64220870e+00  1.64693579e+00  1.98e-03 3.66e-09  2.84e-08  18376s
 228   1.64223037e+00  1.64692686e+00  1.97e-03 3.93e-09  2.82e-08  18455s
 229   1.64236274e+00  1.64692469e+00  1.92e-03 3.77e-09  2.74e-08  18486s
 230   1.64262403e+00  1.64690828e+00  1.80e-03 4.24e-09  2.57e-08  18537s
 231   1.64285940e+00  1.64688052e+00  1.70e-03 3.32e-09  2.41e-08  18594s
 232   1.64286227e+00  1.64687073e+00  1.70e-03 2.88e-09  2.40e-08  18658s
 233   1.64288171e+00  1.64683196e+00  1.69e-03 1.96e-09  2.36e-08  18733s
 234   1.64289685e+00  1.64679929e+00  1.68e-03 1.58e-09  2.33e-08  18807s
 235   1.64290363e+00  1.64677184e+00  1.68e-03 2.37e-09  2.31e-08  18891s
 236   1.64290435e+00  1.64677154e+00  1.68e-03 2.37e-09  2.31e-08  18928s
 237   1.64351691e+00  1.64678039e+00  1.43e-03 2.23e-09  1.99e-08  18978s
 238   1.64360339e+00  1.64675496e+00  1.39e-03 1.72e-09  1.93e-08  19051s
 239   1.64361154e+00  1.64674923e+00  1.38e-03 2.50e-09  1.92e-08  19087s
 240   1.64361239e+00  1.64674500e+00  1.38e-03 4.28e-09  1.92e-08  19141s
 241   1.64361919e+00  1.64681652e+00  1.38e-03 3.30e-09  1.95e-08  19182s
 242   1.64382398e+00  1.64676703e+00  1.29e-03 2.17e-09  1.80e-08  19259s
 243   1.64397320e+00  1.64674489e+00  1.22e-03 1.71e-09  1.70e-08  19315s
 244   1.64397721e+00  1.64671766e+00  1.22e-03 1.21e-09  1.68e-08  19378s
 245   1.64397728e+00  1.64671616e+00  1.22e-03 1.11e-09  1.68e-08  19419s
 246   1.64397903e+00  1.64674084e+00  1.22e-03 1.79e-09  1.69e-08  19489s
 247   1.64401568e+00  1.64673032e+00  1.20e-03 1.87e-09  1.66e-08  19527s
 248   1.64401592e+00  1.64672478e+00  1.20e-03 3.17e-09  1.66e-08  19572s
 249   1.64401774e+00  1.64672928e+00  1.20e-03 2.87e-09  1.66e-08  19633s
 250   1.64402098e+00  1.64671503e+00  1.20e-03 2.52e-09  1.65e-08  19707s
 251   1.64420440e+00  1.64669772e+00  1.11e-03 2.29e-09  1.53e-08  19760s
 252   1.64420799e+00  1.64668482e+00  1.11e-03 1.43e-09  1.52e-08  19826s
 253   1.64421189e+00  1.64666289e+00  1.11e-03 1.00e-09  1.51e-08  19904s
 254   1.64421969e+00  1.64665916e+00  1.11e-03 1.31e-09  1.50e-08  19957s
 255   1.64422380e+00  1.64665536e+00  1.10e-03 9.99e-10  1.49e-08  20002s
 256   1.64423985e+00  1.64664917e+00  1.10e-03 7.89e-10  1.48e-08  20091s
 257   1.64430051e+00  1.64664549e+00  1.07e-03 1.37e-09  1.44e-08  20174s
 258   1.64431711e+00  1.64664069e+00  1.06e-03 2.10e-09  1.43e-08  20253s
 259   1.64431725e+00  1.64664060e+00  1.06e-03 2.29e-09  1.43e-08  20293s
 260   1.64436305e+00  1.64664194e+00  1.04e-03 2.93e-09  1.40e-08  20332s
 261   1.64436813e+00  1.64664412e+00  1.04e-03 3.88e-09  1.40e-08  20388s
 262   1.64441696e+00  1.64664163e+00  1.02e-03 3.80e-09  1.37e-08  20429s
 263   1.64447289e+00  1.64662994e+00  9.89e-04 2.74e-09  1.33e-08  20480s
 264   1.64517175e+00  1.64662271e+00  6.65e-04 2.10e-09  9.01e-09  20558s
 265   1.64522771e+00  1.64661792e+00  6.39e-04 3.44e-09  8.64e-09  20617s
 266   1.64522839e+00  1.64661753e+00  6.39e-04 3.42e-09  8.64e-09  20668s
 267   1.64522878e+00  1.64663227e+00  6.38e-04 3.46e-09  8.71e-09  20741s
 268   1.64523049e+00  1.64663271e+00  6.38e-04 5.80e-09  8.70e-09  20813s
 269   1.64523218e+00  1.64663208e+00  6.37e-04 5.85e-09  8.69e-09  20857s
 270   1.64523310e+00  1.64663646e+00  6.36e-04 5.31e-09  8.71e-09  21001s
 271   1.64526839e+00  1.64664143e+00  6.20e-04 5.54e-09  8.52e-09  21042s
 272   1.64527104e+00  1.64663556e+00  6.19e-04 5.04e-09  8.47e-09  21097s
 273   1.64527371e+00  1.64663180e+00  6.18e-04 5.18e-09  8.43e-09  21152s
 274   1.64527671e+00  1.64663125e+00  6.16e-04 7.02e-09  8.41e-09  21221s
 275   1.64528299e+00  1.64662876e+00  6.13e-04 7.77e-09  8.36e-09  21280s
 276   1.64528330e+00  1.64662590e+00  6.13e-04 7.18e-09  8.34e-09  21351s
 277   1.64530413e+00  1.64662540e+00  6.03e-04 7.06e-09  8.21e-09  21398s
 278   1.64531357e+00  1.64662529e+00  5.99e-04 7.03e-09  8.16e-09  21436s
 279   1.64548071e+00  1.64662164e+00  5.21e-04 5.28e-09  7.10e-09  21488s
 280   1.64548379e+00  1.64661936e+00  5.19e-04 4.87e-09  7.06e-09  21521s
 281   1.64549105e+00  1.64661580e+00  5.16e-04 4.29e-09  7.00e-09  21581s
 282   1.64549225e+00  1.64661393e+00  5.16e-04 4.03e-09  6.98e-09  21632s
 283   1.64549874e+00  1.64661176e+00  5.13e-04 4.31e-09  6.93e-09  21692s
 284   1.64550733e+00  1.64661136e+00  5.08e-04 4.25e-09  6.88e-09  21727s
 285   1.64550856e+00  1.64661114e+00  5.08e-04 4.42e-09  6.87e-09  21762s
 286   1.64550930e+00  1.64661110e+00  5.08e-04 5.78e-09  6.87e-09  21802s
 287   1.64552759e+00  1.64662077e+00  4.99e-04 4.90e-09  6.81e-09  21882s
 288   1.64552953e+00  1.64662020e+00  4.98e-04 6.68e-09  6.80e-09  21948s
 289   1.64553937e+00  1.64661760e+00  4.94e-04 7.00e-09  6.72e-09  22003s
 290   1.64554543e+00  1.64661692e+00  4.91e-04 8.65e-09  6.68e-09  22034s
 291   1.64555324e+00  1.64661524e+00  4.87e-04 8.55e-09  6.62e-09  22079s
 292   1.64555518e+00  1.64661469e+00  4.86e-04 8.38e-09  6.61e-09  22108s
 293   1.64555564e+00  1.64661298e+00  4.86e-04 7.57e-09  6.60e-09  22167s
 294   1.64555975e+00  1.64661138e+00  4.84e-04 8.50e-09  6.56e-09  22226s
 295   1.64556072e+00  1.64660988e+00  4.84e-04 7.98e-09  6.55e-09  22273s
 296   1.64556205e+00  1.64660892e+00  4.83e-04 7.65e-09  6.54e-09  22309s
 297   1.64556211e+00  1.64660868e+00  4.83e-04 7.60e-09  6.54e-09  22357s
 298   1.64556386e+00  1.64660927e+00  4.82e-04 7.21e-09  6.53e-09  22388s
 299   1.64557122e+00  1.64660726e+00  4.79e-04 6.58e-09  6.47e-09  22434s
 300   1.64557452e+00  1.64660613e+00  4.77e-04 6.23e-09  6.45e-09  22475s
 301   1.64557571e+00  1.64660602e+00  4.77e-04 6.93e-09  6.44e-09  22548s
 302   1.64557573e+00  1.64660597e+00  4.77e-04 6.92e-09  6.44e-09  22601s
 303   1.64557601e+00  1.64660597e+00  4.77e-04 6.92e-09  6.44e-09  22634s
 304   1.64557839e+00  1.64661153e+00  4.76e-04 4.29e-09  6.45e-09  22686s
 305   1.64557854e+00  1.64661119e+00  4.75e-04 4.24e-09  6.45e-09  22713s
 306   1.64557855e+00  1.64661118e+00  4.75e-04 4.24e-09  6.45e-09  22752s
 307   1.64559073e+00  1.64665590e+00  4.70e-04 2.60e-09  6.60e-09  22813s
 308   1.64559714e+00  1.64664999e+00  4.67e-04 3.05e-09  6.53e-09  22861s
 309   1.64560170e+00  1.64664820e+00  4.65e-04 3.15e-09  6.50e-09  22901s
 310   1.64574767e+00  1.64664165e+00  3.96e-04 3.59e-09  5.55e-09  22972s
 311   1.64574767e+00  1.64664164e+00  3.96e-04 3.59e-09  5.55e-09  23026s
 312   1.64575502e+00  1.64664746e+00  3.92e-04 3.65e-09  5.53e-09  23080s
 313   1.64575508e+00  1.64664744e+00  3.92e-04 3.63e-09  5.53e-09  23134s
 314   1.64576439e+00  1.64664550e+00  3.88e-04 3.53e-09  5.46e-09  23200s
 315   1.64576456e+00  1.64664545e+00  3.88e-04 3.53e-09  5.46e-09  23257s
 316   1.64576530e+00  1.64664183e+00  3.87e-04 3.20e-09  5.44e-09  23313s
 317   1.64576636e+00  1.64663935e+00  3.87e-04 3.42e-09  5.42e-09  23357s
 318   1.64577296e+00  1.64663554e+00  3.84e-04 3.10e-09  5.36e-09  23422s
 319   1.64577703e+00  1.64663380e+00  3.82e-04 2.99e-09  5.32e-09  23477s
 320   1.64577703e+00  1.64663374e+00  3.82e-04 2.99e-09  5.32e-09  23584s
 321   1.64577767e+00  1.64663339e+00  3.82e-04 2.98e-09  5.32e-09  23618s
 322   1.64582618e+00  1.64663212e+00  3.59e-04 2.96e-09  5.01e-09  23679s
 323   1.64582618e+00  1.64663212e+00  3.59e-04 2.96e-09  5.01e-09  23729s
 324   1.64582815e+00  1.64663037e+00  3.58e-04 2.99e-09  4.99e-09  23793s
 325   1.64582881e+00  1.64662990e+00  3.57e-04 2.99e-09  4.98e-09  23872s
 326   1.64583075e+00  1.64662945e+00  3.57e-04 3.09e-09  4.97e-09  23905s
 327   1.64583076e+00  1.64662942e+00  3.57e-04 3.09e-09  4.97e-09  23955s
 328   1.64583647e+00  1.64662544e+00  3.54e-04 2.74e-09  4.91e-09  24028s
 329   1.64583647e+00  1.64662540e+00  3.54e-04 2.74e-09  4.91e-09  24087s
 330   1.64612369e+00  1.64662844e+00  3.69e-04 2.27e-09  3.56e-09  24168s
 331   1.64612421e+00  1.64662597e+00  3.69e-04 2.71e-09  3.55e-09  24222s
 332   1.64612421e+00  1.64662586e+00  3.69e-04 2.55e-09  3.55e-09  24285s
 333   1.64612598e+00  1.64662291e+00  3.67e-04 2.57e-09  3.52e-09  24332s
 334   1.64612602e+00  1.64662291e+00  3.67e-04 2.57e-09  3.52e-09  24387s
 335   1.64612684e+00  1.64662218e+00  3.67e-04 2.53e-09  3.51e-09  24424s
 336   1.64612703e+00  1.64662216e+00  3.67e-04 2.51e-09  3.51e-09  24475s
 337   1.64612917e+00  1.64662162e+00  3.65e-04 2.81e-09  3.49e-09  24521s
 338   1.64613474e+00  1.64661564e+00  3.60e-04 2.94e-09  3.42e-09  24591s
 339   1.64613474e+00  1.64661564e+00  3.60e-04 2.90e-09  3.42e-09  24630s
 340   1.64613572e+00  1.64661502e+00  3.60e-04 2.41e-09  3.41e-09  24664s
 341   1.64613572e+00  1.64661502e+00  3.60e-04 2.41e-09  3.41e-09  24736s
 342   1.64613603e+00  1.64661435e+00  3.59e-04 2.33e-09  3.40e-09  24767s
 343   1.64613604e+00  1.64661438e+00  3.59e-04 2.34e-09  3.40e-09  24813s
 344   1.64613617e+00  1.64661391e+00  3.59e-04 2.45e-09  3.40e-09  24846s
 345   1.64615259e+00  1.64661365e+00  3.46e-04 2.46e-09  3.28e-09  24892s
 346   1.64615454e+00  1.64661228e+00  3.45e-04 2.37e-09  3.26e-09  24946s
 347   1.64615589e+00  1.64660987e+00  3.44e-04 2.17e-09  3.24e-09  25012s
 348   1.64615589e+00  1.64660990e+00  3.44e-04 2.16e-09  3.24e-09  25070s

Barrier solved model in 348 iterations and 25069.63 seconds (13962.21 work units)
Optimal objective 1.64613474e+00

