Set parameter Username
Academic license - for non-commercial use only - expires 2027-02-09
Set parameter Threads to value 4
Set parameter Method to value 2
Set parameter BarOrder to value 1
Set parameter BarHomogeneous to value 1
Set parameter NumericFocus to value 2
Set parameter Crossover to value 0
Gurobi Optimizer version 9.5.1 build v9.5.1rc2 (linux64)
Thread count: 32 physical cores, 64 logical processors, using up to 4 threads
Optimize a model with 17057145 rows, 26330290 columns and 107678373 nonzeros
Model fingerprint: 0x654bf6f8
Coefficient statistics:
  Matrix range     [5e-04, 3e+00]
  Objective range  [1e+00, 1e+00]
  Bounds range     [0e+00, 0e+00]
  RHS range        [7e-04, 1e+00]
Presolve removed 0 rows and 0 columns (presolve time = 9s) ...
Presolve removed 5725213 rows and 21680537 columns (presolve time = 12s) ...
Presolve removed 5725213 rows and 22073991 columns (presolve time = 17s) ...
Presolve removed 5725213 rows and 22074082 columns (presolve time = 21s) ...
Presolve removed 5725213 rows and 22074082 columns (presolve time = 27s) ...
Presolve removed 5731131 rows and 22080000 columns (presolve time = 32s) ...
Presolve removed 5733494 rows and 22082363 columns (presolve time = 64s) ...
Presolve removed 5750056 rows and 22082364 columns (presolve time = 68s) ...
Presolve removed 5750056 rows and 22082364 columns (presolve time = 70s) ...
Presolve removed 5750056 rows and 22082364 columns (presolve time = 78s) ...
Presolve removed 5750056 rows and 22082364 columns
Presolve time: 79.66s
Presolved: 11307089 rows, 4247926 columns, 75081202 nonzeros
Elapsed ordering time = 5s
Elapsed ordering time = 10s
Ordering time: 12.49s

Barrier statistics:
 Dense cols : 394
 AA' NZ     : 2.511e+08
 Factor NZ  : 3.890e+08 (roughly 7.0 GB of memory)
 Factor Ops : 3.687e+10 (roughly 1 second per iteration)
 Threads    : 4

                  Objective                Residual
Iter       Primal          Dual         Primal    Dual     Compl     Time
   0   1.74404323e+01  2.50000000e+02  1.97e+08 6.25e-02  1.00e+06  6958s
   1   1.74404323e+00  2.79290770e+06  1.48e+08 3.67e+02  6.19e+05  6980s
   2   4.65656955e+00  5.88162936e+07  1.20e+08 1.89e+02  4.56e+05  7013s
   3   9.44640972e+00  2.11596533e+07  9.13e+07 7.85e+01  3.13e+05  7054s
   4   1.10712324e+00  4.45618364e+05  1.61e+06 3.37e+00  2.66e+02  7092s
   5   3.29499866e+00  3.22271555e+05  8.55e+05 1.67e+00  1.32e+02  7126s
   6   5.47965368e+00  2.06348014e+05  2.73e+05 9.37e-01  4.23e+01  7155s
   7   5.70862157e+00  4.89822530e+04  4.74e+04 2.22e-01  6.49e+00  7190s
   8   5.71256275e+00  1.70530592e+04  1.75e+04 7.86e-02  2.23e+00  7239s
   9   5.83041357e+00  9.62649115e+03  8.82e+03 4.49e-02  1.14e+00  7273s
  10   5.86972158e+00  7.17551147e+03  7.04e+03 3.36e-02  8.93e-01  7298s
  11   5.86056334e+00  6.47989966e+03  6.20e+03 3.03e-02  7.93e-01  7333s
  12   5.85245705e+00  5.94201036e+03  5.77e+03 2.77e-02  7.37e-01  7367s
  13   5.81081504e+00  5.22360556e+03  5.32e+03 2.41e-02  6.76e-01  7401s
  14   5.65128399e+00  4.29000829e+03  4.63e+03 1.96e-02  5.75e-01  7442s
  15   5.37174775e+00  2.16921724e+03  4.14e+03 8.31e-03  4.02e-01  7490s
  16   5.20806454e+00  1.39146534e+03  3.94e+03 4.51e-03  3.02e-01  7521s
  17   4.96539804e+00  1.19589249e+03  3.69e+03 3.60e-03  2.57e-01  7568s
  18   4.39341355e+00  1.01913354e+03  3.08e+03 2.84e-03  1.96e-01  7616s
  19   3.80990862e+00  9.57525195e+02  2.48e+03 2.59e-03  1.54e-01  7662s
  20   3.40332656e+00  8.38211941e+02  2.07e+03 2.14e-03  1.18e-01  7712s
  21   3.07491781e+00  7.37777230e+02  1.73e+03 1.78e-03  9.03e-02  7760s
  22   2.93087239e+00  3.60801481e+02  1.59e+03 7.39e-04  4.90e-02  7794s
  23   2.18409268e+00  1.73982589e+02  8.87e+02 2.72e-04  1.69e-02  7838s
  24   1.80785441e+00  7.18012930e+01  5.27e+02 9.75e-05  5.90e-03  7887s
  25   1.50723254e+00  3.83636143e+01  2.05e+02 4.74e-05  1.71e-03  7926s
  26   1.49568383e+00  2.77233814e+01  3.66e+01 3.26e-05  2.91e-04  7966s
  27   1.50324924e+00  1.52718855e+01  1.06e+01 1.77e-05  7.14e-05  7999s
  28   1.49487114e+00  1.12679819e+01  6.62e+00 1.27e-05  4.10e-05  8028s
  29   1.47158359e+00  8.93525135e+00  3.43e+00 9.70e-06  2.32e-05  8057s
  30   1.45955148e+00  7.58985288e+00  2.23e+00 7.99e-06  1.62e-05  8087s
  31   1.44673499e+00  6.66174893e+00  1.49e+00 6.82e-06  1.21e-05  8125s
  32   1.43419876e+00  4.20674622e+00  7.24e-01 3.66e-06  5.56e-06  8175s
  33   1.43176365e+00  2.88766406e+00  3.02e-01 1.93e-06  2.55e-06  8237s
  34   1.43255941e+00  2.58656061e+00  1.79e-01 1.54e-06  1.89e-06  8302s
  35   1.43307885e+00  2.38866257e+00  1.26e-01 1.28e-06  1.50e-06  8361s
  36   1.43551082e+00  2.13128091e+00  7.65e-02 9.37e-07  1.04e-06  8463s
  37   1.43734811e+00  1.87292313e+00  5.16e-02 5.86e-07  6.29e-07  8648s
  38   1.44150425e+00  1.71714215e+00  2.74e-02 3.72e-07  3.84e-07  8961s
  39   1.44428855e+00  1.67211621e+00  2.23e-02 3.07e-07  3.13e-07  9260s
  40   1.45274105e+00  1.63694500e+00  1.68e-02 2.52e-07  2.41e-07  9573s
  41   1.46063895e+00  1.60392157e+00  1.22e-02 1.98e-07  1.82e-07  9951s
  42   1.46810705e+00  1.58263131e+00  9.86e-03 1.62e-07  1.41e-07  10139s
  43   1.47391308e+00  1.57480326e+00  8.60e-03 1.46e-07  1.22e-07  10311s
  44   1.47829493e+00  1.56903153e+00  7.81e-03 1.32e-07  1.08e-07  10517s
  45   1.48019649e+00  1.56251059e+00  7.33e-03 1.16e-07  9.49e-08  10660s
  46   1.48312985e+00  1.56101623e+00  6.79e-03 1.12e-07  8.93e-08  10773s
  47   1.48489637e+00  1.55864515e+00  6.48e-03 1.06e-07  8.34e-08  10884s
  48   1.48739731e+00  1.55763598e+00  6.08e-03 1.03e-07  7.92e-08  10942s
  49   1.48803945e+00  1.55602580e+00  5.97e-03 9.80e-08  7.57e-08  10998s
  50   1.49218642e+00  1.55109605e+00  5.33e-03 8.21e-08  6.26e-08  11136s
  51   1.49747819e+00  1.55029499e+00  4.46e-03 7.91e-08  5.67e-08  11235s
  52   1.50479599e+00  1.54707650e+00  3.47e-03 6.66e-08  4.48e-08  11368s
  53   1.50607429e+00  1.54513882e+00  3.30e-03 5.84e-08  3.99e-08  11442s
  54   1.50825725e+00  1.54307478e+00  3.05e-03 4.80e-08  3.37e-08  11580s
  55   1.51098199e+00  1.54290812e+00  2.79e-03 4.67e-08  3.19e-08  11644s
  56   1.51844657e+00  1.54300657e+00  2.17e-03 3.38e-08  2.39e-08  11757s
  57   1.52094597e+00  1.54303654e+00  1.95e-03 3.28e-08  2.24e-08  11825s
  58   1.52360327e+00  1.54364983e+00  1.75e-03 2.51e-08  1.86e-08  11938s
  59   1.52830114e+00  1.54443762e+00  1.43e-03 2.12e-08  1.55e-08  12029s
  60   1.53240825e+00  1.54571469e+00  1.16e-03 1.57e-08  1.21e-08  12109s
  61   1.53754493e+00  1.54678881e+00  8.00e-04 1.07e-08  8.28e-09  12213s
  62   1.53887193e+00  1.54698031e+00  6.97e-04 8.53e-09  6.91e-09  12296s
  63   1.54046128e+00  1.54722854e+00  5.69e-04 6.36e-09  5.46e-09  12370s
  64   1.54197673e+00  1.54728891e+00  4.46e-04 4.81e-09  4.21e-09  12466s
  65   1.54255200e+00  1.54727320e+00  3.94e-04 3.82e-09  3.55e-09  12546s
  66   1.54268869e+00  1.54726108e+00  3.82e-04 3.60e-09  3.40e-09  12612s
  67   1.54331861e+00  1.54733354e+00  3.31e-04 3.16e-09  2.98e-09  12691s
  68   1.54393572e+00  1.54734047e+00  2.84e-04 2.87e-09  2.60e-09  12736s
  69   1.54475883e+00  1.54741401e+00  2.19e-04 2.05e-09  1.92e-09  12815s
  70   1.54511291e+00  1.54742057e+00  1.87e-04 1.87e-09  1.70e-09  12885s
  71   1.54555642e+00  1.54748592e+00  1.51e-04 1.13e-09  1.21e-09  12947s
  72   1.54562977e+00  1.54748178e+00  1.45e-04 9.15e-10  1.10e-09  13012s
  73   1.54594296e+00  1.54747892e+00  1.20e-04 8.60e-10  9.46e-10  13084s
  74   1.54599274e+00  1.54747075e+00  1.16e-04 5.26e-10  8.04e-10  13160s
  75   1.54609042e+00  1.54745990e+00  1.08e-04 4.55e-10  7.33e-10  13245s
  76   1.54631824e+00  1.54745262e+00  8.86e-05 4.19e-10  6.21e-10  13329s
  77   1.54654933e+00  1.54742207e+00  6.87e-05 3.26e-10  4.67e-10  13429s
  78   1.54654964e+00  1.54741161e+00  6.86e-05 2.83e-10  4.52e-10  13493s
  79   1.54655867e+00  1.54740871e+00  6.78e-05 2.64e-10  4.44e-10  13584s
  80   1.54661868e+00  1.54740782e+00  6.25e-05 2.60e-10  4.17e-10  13654s
  81   1.54669387e+00  1.54740711e+00  5.63e-05 2.50e-10  3.83e-10  13741s
  82   1.54673390e+00  1.54740344e+00  5.29e-05 2.38e-10  3.53e-10  13824s
  83   1.54675846e+00  1.54739830e+00  5.09e-05 1.92e-10  3.27e-10  13921s
  84   1.54681094e+00  1.54739661e+00  4.65e-05 2.02e-10  3.01e-10  14010s
  85   1.54684243e+00  1.54739362e+00  4.39e-05 1.59e-10  2.75e-10  14085s
  86   1.54684338e+00  1.54739075e+00  4.38e-05 3.27e-10  2.68e-10  14153s
  87   1.54699022e+00  1.54738718e+00  3.15e-05 3.73e-10  1.98e-10  14253s
  88   1.54705812e+00  1.54738650e+00  2.59e-05 4.48e-10  1.67e-10  14350s
  89   1.54707298e+00  1.54738656e+00  2.46e-05 2.78e-10  1.59e-10  14447s
  90   1.54713986e+00  1.54738425e+00  1.92e-05 2.55e-10  1.25e-10  14555s
  91   1.54716096e+00  1.54738274e+00  1.74e-05 1.74e-10  1.11e-10  14664s
  92   1.54721516e+00  1.54738139e+00  1.30e-05 1.09e-09  8.36e-11  14758s
  93   1.54723261e+00  1.54737978e+00  1.16e-05 2.53e-09  7.19e-11  14849s
  94   1.54723338e+00  1.54737903e+00  1.15e-05 2.74e-09  6.94e-11  14925s
  95   1.54723990e+00  1.54737843e+00  1.10e-05 2.05e-09  6.51e-11  15060s
  96   1.54724170e+00  1.54737794e+00  1.08e-05 1.94e-09  6.30e-11  15138s
  97   1.54724518e+00  1.54737758e+00  1.05e-05 2.80e-09  6.04e-11  15255s
  98   1.54724864e+00  1.54737708e+00  1.02e-05 1.41e-09  5.79e-11  15377s
  99   1.54724956e+00  1.54737682e+00  1.02e-05 1.41e-09  5.67e-11  15472s
 100   1.54725112e+00  1.54737669e+00  1.00e-05 1.47e-09  5.58e-11  15548s
 101   1.54726158e+00  1.54737648e+00  9.19e-06 1.42e-09  5.08e-11  15697s
 102   1.54727015e+00  1.54737647e+00  8.48e-06 1.30e-09  4.71e-11  15811s
 103   1.54727026e+00  1.54737642e+00  8.47e-06 1.91e-09  4.67e-11  15909s
 104   1.54727063e+00  1.54737633e+00  8.44e-06 2.47e-09  4.60e-11  16003s
 105   1.54727064e+00  1.54737632e+00  8.44e-06 3.31e-09  4.60e-11  16089s
 106   1.54727090e+00  1.54737661e+00  8.41e-06 7.02e-09  4.59e-11  16176s
 107   1.54727111e+00  1.54737645e+00  8.39e-06 5.14e-09  4.55e-11  16275s
 108   1.54727148e+00  1.54737633e+00  8.36e-06 3.57e-09  4.51e-11  16383s
 109   1.54727299e+00  1.54737621e+00  8.23e-06 2.64e-09  4.43e-11  16481s
 110   1.54727543e+00  1.54737610e+00  8.03e-06 2.26e-09  4.31e-11  16608s
 111   1.54727715e+00  1.54737601e+00  7.88e-06 2.02e-09  4.23e-11  16723s
 112   1.54727859e+00  1.54737600e+00  7.76e-06 2.05e-09  4.17e-11  16864s
 113   1.54728011e+00  1.54737593e+00  7.63e-06 1.89e-09  4.09e-11  16990s
 114   1.54728287e+00  1.54737590e+00  7.38e-06 2.04e-09  3.97e-11  17190s
 115   1.54728328e+00  1.54737587e+00  7.35e-06 1.93e-09  3.95e-11  17358s
 116   1.54728409e+00  1.54737586e+00  7.26e-06 2.15e-09  3.91e-11  17535s
 117   1.54730126e+00  1.54737601e+00  5.85e-06 1.91e-09  3.19e-11  17724s
 118   1.54730195e+00  1.54737599e+00  5.80e-06 1.79e-09  3.16e-11  17883s
 119   1.54730937e+00  1.54737589e+00  5.22e-06 1.49e-09  2.84e-11  18018s
 120   1.54730943e+00  1.54737589e+00  5.22e-06 1.47e-09  2.84e-11  18098s
 121   1.54730987e+00  1.54737655e+00  5.18e-06 1.08e-09  2.85e-11  18197s
 122   1.54730989e+00  1.54737654e+00  5.18e-06 9.77e-10  2.85e-11  18269s
 123   1.54730999e+00  1.54737655e+00  5.17e-06 9.90e-10  2.85e-11  18354s
 124   1.54731011e+00  1.54737770e+00  5.16e-06 1.43e-08  2.89e-11  18489s
 125   1.54731100e+00  1.54737665e+00  5.09e-06 8.48e-09  2.81e-11  18626s
 126   1.54731171e+00  1.54737610e+00  5.02e-06 5.28e-09  2.75e-11  18827s
 127   1.54731349e+00  1.54737580e+00  4.87e-06 3.51e-09  2.66e-11  19065s
 128   1.54731482e+00  1.54737560e+00  4.75e-06 2.39e-09  2.60e-11  19328s
 129   1.54731596e+00  1.54737548e+00  4.66e-06 1.79e-09  2.54e-11  19486s
 130   1.54731890e+00  1.54737541e+00  4.42e-06 2.37e-09  2.42e-11  19720s
 131   1.54731946e+00  1.54737535e+00  4.37e-06 1.79e-09  2.39e-11  19880s
 132   1.54732021e+00  1.54737530e+00  4.31e-06 6.71e-10  2.36e-11  20052s
 133   1.54732103e+00  1.54737525e+00  4.24e-06 2.84e-10  2.32e-11  20206s
 134   1.54732151e+00  1.54737524e+00  4.20e-06 2.13e-10  2.30e-11  20385s
 135   1.54732211e+00  1.54737523e+00  4.15e-06 2.61e-10  2.27e-11  20568s
 136   1.54732305e+00  1.54737521e+00  4.08e-06 3.68e-10  2.23e-11  20722s
 137   1.54732398e+00  1.54737519e+00  4.00e-06 4.51e-10  2.19e-11  20847s
 138   1.54732474e+00  1.54737519e+00  3.94e-06 5.49e-10  2.16e-11  20983s
 139   1.54732489e+00  1.54737518e+00  3.92e-06 5.10e-10  2.15e-11  21080s
 140   1.54732534e+00  1.54737519e+00  3.89e-06 6.16e-10  2.13e-11  21234s
 141   1.54732572e+00  1.54737518e+00  3.85e-06 5.84e-10  2.12e-11  21404s
 142   1.54732738e+00  1.54737518e+00  3.72e-06 5.58e-10  2.04e-11  21588s
 143   1.54732824e+00  1.54737518e+00  3.64e-06 6.69e-10  2.01e-11  21715s
 144   1.54733087e+00  1.54737517e+00  3.43e-06 5.18e-10  1.90e-11  21860s
 145   1.54733100e+00  1.54737520e+00  3.42e-06 6.78e-10  1.89e-11  21963s
 146   1.54733182e+00  1.54737517e+00  3.34e-06 5.94e-10  1.85e-11  22075s
 147   1.54733313e+00  1.54737516e+00  3.24e-06 6.19e-10  1.80e-11  22210s
 148   1.54733521e+00  1.54737515e+00  3.07e-06 6.06e-10  1.71e-11  22411s
 149   1.54733589e+00  1.54737515e+00  3.01e-06 5.72e-10  1.68e-11  22528s
 150   1.54733594e+00  1.54737514e+00  3.01e-06 5.80e-10  1.68e-11  22622s
 151   1.54733712e+00  1.54737515e+00  2.92e-06 6.92e-10  1.63e-11  22741s
 152   1.54733806e+00  1.54737515e+00  2.84e-06 5.51e-10  1.59e-11  22850s
 153   1.54733875e+00  1.54737514e+00  2.79e-06 5.02e-10  1.56e-11  23013s
 154   1.54733990e+00  1.54737513e+00  2.70e-06 4.82e-10  1.51e-11  23167s
 155   1.54734018e+00  1.54737513e+00  2.68e-06 4.55e-10  1.50e-11  23296s
 156   1.54734078e+00  1.54737513e+00  2.63e-06 5.81e-10  1.47e-11  23443s
 157   1.54734079e+00  1.54737513e+00  2.62e-06 5.29e-10  1.47e-11  23519s
 158   1.54734133e+00  1.54737513e+00  2.58e-06 4.67e-10  1.45e-11  23727s
 159   1.54734147e+00  1.54737512e+00  2.57e-06 4.18e-10  1.44e-11  23818s
 160   1.54734192e+00  1.54737512e+00  2.54e-06 4.24e-10  1.42e-11  23948s
 161   1.54734272e+00  1.54737512e+00  2.47e-06 4.16e-10  1.39e-11  24207s
 162   1.54734291e+00  1.54737512e+00  2.45e-06 6.60e-10  1.38e-11  24277s
 163   1.54734368e+00  1.54737512e+00  2.38e-06 5.69e-10  1.35e-11  24454s
 164   1.54734408e+00  1.54737512e+00  2.34e-06 4.01e-10  1.33e-11  24622s
 165   1.54734438e+00  1.54737513e+00  2.32e-06 9.10e-10  1.32e-11  24758s
 166   1.54734444e+00  1.54737512e+00  2.31e-06 6.26e-10  1.31e-11  24887s
 167   1.54734448e+00  1.54737512e+00  2.31e-06 5.84e-10  1.31e-11  25018s
 168   1.54734478e+00  1.54737512e+00  2.29e-06 5.29e-10  1.30e-11  25204s
 169   1.54734533e+00  1.54737512e+00  2.25e-06 4.28e-10  1.28e-11  25371s
 170   1.54734576e+00  1.54737512e+00  2.20e-06 4.15e-10  1.26e-11  25485s
 171   1.54734603e+00  1.54737512e+00  2.19e-06 3.49e-10  1.25e-11  25547s
 172   1.54734621e+00  1.54737512e+00  2.18e-06 3.12e-10  1.24e-11  25658s
 173   1.54734664e+00  1.54737511e+00  2.14e-06 2.92e-10  1.22e-11  25744s

Barrier solved model in 173 iterations and 25743.70 seconds (13938.05 work units)
Optimal objective 1.54732151e+00

