Set parameter Username
Academic license - for non-commercial use only - expires 2027-02-09
Set parameter Threads to value 4
Set parameter Method to value 2
Set parameter BarOrder to value 1
Set parameter BarHomogeneous to value 1
Set parameter NumericFocus to value 2
Set parameter Crossover to value 0
Gurobi Optimizer version 9.5.1 build v9.5.1rc2 (linux64)
Thread count: 32 physical cores, 64 logical processors, using up to 4 threads
Optimize a model with 2498812 rows, 1951377 columns and 15027442 nonzeros
Model fingerprint: 0xd0f65b34
Coefficient statistics:
  Matrix range     [2e-04, 3e+00]
  Objective range  [1e+00, 1e+00]
  Bounds range     [0e+00, 0e+00]
  RHS range        [7e-04, 1e+00]
Presolve removed 766830 rows and 1548816 columns (presolve time = 8s) ...
Presolve removed 771062 rows and 1548817 columns
Presolve time: 9.42s
Presolved: 1727750 rows, 402560 columns, 11768326 nonzeros
Ordering time: 0.98s

Barrier statistics:
 Dense cols : 200
 AA' NZ     : 1.975e+07
 Factor NZ  : 2.860e+07 (roughly 900 MB of memory)
 Factor Ops : 1.261e+09 (less than 1 second per iteration)
 Threads    : 4

                  Objective                Residual
Iter       Primal          Dual         Primal    Dual     Compl     Time
   0   3.11237766e+00  6.25000000e+01  2.65e+07 6.25e-02  1.00e+06   665s
   1   3.18415254e+00  4.94728948e+05  2.39e+07 5.40e+02  8.60e+05   667s
   2   8.56068025e+00  1.65592511e+06  1.77e+07 2.46e+02  5.02e+05   671s
   3   5.71172422e+01  2.44705501e+06  1.12e+07 1.30e+02  2.63e+05   674s
   4   2.64419479e+01  4.69259816e+05  2.28e+06 2.66e+01  1.75e+04   678s
   5   1.31449602e+01  1.20212379e+05  7.77e+05 6.89e+00  2.11e+03   680s
   6   1.11828848e+01  6.07037781e+04  4.52e+05 3.45e+00  8.63e+02   683s
   7   1.05632691e+01  2.57843186e+04  3.15e+05 1.45e+00  4.00e+02   687s
   8   1.22141533e+01  1.49483657e+04  2.65e+05 8.63e-01  3.53e+02   691s
   9   1.28159385e+01  1.19761236e+04  2.77e+05 7.47e-01  3.87e+02   695s
  10   1.20297776e+01  1.07934675e+04  2.20e+05 7.01e-01  3.22e+02   699s
  11   1.25845794e+01  7.37853864e+03  1.57e+05 4.65e-01  2.27e+02   701s
  12   1.31349195e+01  3.82096843e+03  1.07e+05 2.40e-01  1.42e+02   705s
  13   1.47006356e+01  1.19004318e+03  7.38e+04 7.45e-02  8.67e+01   709s
  14   1.60513831e+01  5.69329888e+02  4.50e+04 3.81e-02  5.40e+01   713s
  15   1.63757088e+01  3.10189896e+02  3.20e+04 2.24e-02  3.93e+01   716s
  16   1.81623574e+01  2.05048662e+02  1.95e+04 1.44e-02  2.42e+01   720s
  17   1.95731571e+01  1.56566344e+02  1.53e+04 1.06e-02  1.88e+01   723s
  18   1.98253689e+01  1.25332840e+02  1.39e+04 7.97e-03  1.63e+01   728s
  19   2.26530955e+01  9.91306899e+01  1.01e+04 5.57e-03  1.16e+01   733s
  20   2.69429985e+01  8.59327857e+01  7.17e+03 4.31e-03  8.19e+00   738s
  21   2.31368364e+01  7.36288817e+01  5.58e+03 3.55e-03  6.15e+00   744s
  22   1.70034016e+01  5.17947689e+01  4.29e+03 2.05e-03  3.71e+00   751s
  23   7.27994630e+00  3.63294686e+01  2.31e+03 1.11e-03  1.51e+00   757s
  24   1.81238972e+00  9.84343582e+00  2.78e+02 1.79e-04  4.36e-02   763s
  25   1.61819727e+00  5.58860748e+00  2.95e+01 8.53e-05  2.70e-03   768s
  26   1.56488591e+00  4.29545938e+00  1.17e+01 5.85e-05  9.41e-04   773s
  27   1.53550308e+00  3.78142090e+00  5.51e+00 4.79e-05  4.91e-04   779s
  28   1.50139095e+00  3.20846484e+00  2.02e+00 3.61e-05  2.44e-04   785s
  29   1.48129038e+00  2.82416715e+00  8.56e-01 2.82e-05  1.56e-04   790s
  30   1.47782870e+00  2.12815233e+00  4.24e-01 1.40e-05  7.02e-05   796s
  31   1.49448855e+00  1.89217084e+00  2.19e-01 8.53e-06  3.87e-05   802s
  32   1.50209697e+00  1.83823343e+00  1.63e-01 7.32e-06  3.17e-05   807s
  33   1.51502528e+00  1.81084459e+00  1.17e-01 6.64e-06  2.73e-05   812s
  34   1.52242100e+00  1.72374150e+00  9.63e-02 4.48e-06  1.81e-05   817s
  35   1.52893896e+00  1.69992474e+00  8.57e-02 3.82e-06  1.52e-05   824s
  36   1.53425297e+00  1.68306764e+00  7.66e-02 3.31e-06  1.30e-05   832s
  37   1.53889021e+00  1.68034351e+00  7.05e-02 3.21e-06  1.24e-05   843s
  38   1.54906502e+00  1.67410942e+00  5.66e-02 2.94e-06  1.10e-05   854s
  39   1.55524756e+00  1.65838869e+00  5.11e-02 2.26e-06  8.56e-06   865s
  40   1.55946113e+00  1.65600142e+00  4.63e-02 2.14e-06  7.94e-06   876s
  41   1.57309727e+00  1.64829579e+00  3.80e-02 1.54e-06  5.76e-06   888s
  42   1.58634547e+00  1.64664792e+00  2.93e-02 1.35e-06  4.77e-06   902s
  43   1.59221500e+00  1.64570589e+00  2.60e-02 1.09e-06  3.93e-06   918s
  44   1.59921919e+00  1.64551067e+00  2.21e-02 1.05e-06  3.66e-06   934s
  45   1.60992322e+00  1.64545952e+00  1.62e-02 8.40e-07  2.80e-06   953s
  46   1.61726593e+00  1.64518312e+00  1.16e-02 6.45e-07  2.12e-06   975s
  47   1.62799889e+00  1.64562585e+00  7.26e-03 4.54e-07  1.42e-06  1003s
  48   1.63175410e+00  1.64623433e+00  5.67e-03 2.71e-07  9.27e-07  1038s
  49   1.63264029e+00  1.64622502e+00  5.31e-03 2.67e-07  8.94e-07  1049s
  50   1.63264750e+00  1.64620094e+00  5.31e-03 2.62e-07  8.82e-07  1062s
  51   1.63498767e+00  1.64590172e+00  4.28e-03 1.99e-07  6.73e-07  1076s
  52   1.63605227e+00  1.64593641e+00  3.94e-03 1.87e-07  6.16e-07  1086s
  53   1.63742026e+00  1.64637956e+00  3.47e-03 1.60e-07  5.30e-07  1096s
  54   1.63754223e+00  1.64644579e+00  3.43e-03 1.54e-07  5.14e-07  1102s
  55   1.64042319e+00  1.64674362e+00  2.52e-03 1.30e-07  3.95e-07  1118s
  56   1.64069944e+00  1.64724623e+00  2.44e-03 1.02e-07  3.37e-07  1132s
  57   1.64119997e+00  1.64744527e+00  2.28e-03 9.00e-08  3.02e-07  1145s
  58   1.64132663e+00  1.64749139e+00  2.25e-03 8.75e-08  2.94e-07  1154s
  59   1.64145184e+00  1.64751658e+00  2.21e-03 8.54e-08  2.88e-07  1170s
  60   1.64155043e+00  1.64753904e+00  2.18e-03 8.42e-08  2.83e-07  1178s
  61   1.64188282e+00  1.64769659e+00  2.07e-03 7.18e-08  2.56e-07  1194s
  62   1.64204748e+00  1.64774451e+00  2.02e-03 6.70e-08  2.47e-07  1205s
  63   1.64245059e+00  1.64787292e+00  1.90e-03 5.44e-08  2.18e-07  1220s
  64   1.64262428e+00  1.64791683e+00  1.84e-03 5.09e-08  2.10e-07  1233s
  65   1.64267533e+00  1.64793337e+00  1.83e-03 4.94e-08  2.06e-07  1240s
  66   1.64276480e+00  1.64794328e+00  1.80e-03 4.88e-08  2.02e-07  1247s
  67   1.64371757e+00  1.64806402e+00  1.50e-03 3.71e-08  1.62e-07  1263s
  68   1.64371836e+00  1.64806451e+00  1.50e-03 3.67e-08  1.62e-07  1271s
  69   1.64374029e+00  1.64806906e+00  1.49e-03 3.63e-08  1.61e-07  1280s
  70   1.64376707e+00  1.64807336e+00  1.48e-03 3.59e-08  1.57e-07  1289s
  71   1.64377269e+00  1.64807365e+00  1.48e-03 3.59e-08  1.57e-07  1297s
  72   1.64383227e+00  1.64807988e+00  1.46e-03 3.54e-08  1.54e-07  1303s
  73   1.64388148e+00  1.64809385e+00  1.44e-03 3.33e-08  1.52e-07  1311s
  74   1.64404195e+00  1.64811874e+00  1.39e-03 2.99e-08  1.43e-07  1321s
  75   1.64408082e+00  1.64812480e+00  1.38e-03 2.89e-08  1.41e-07  1332s
  76   1.64412477e+00  1.64815240e+00  1.36e-03 2.41e-08  1.32e-07  1349s
  77   1.64413805e+00  1.64815281e+00  1.36e-03 2.41e-08  1.32e-07  1358s
  78   1.64423026e+00  1.64816913e+00  1.33e-03 2.21e-08  1.26e-07  1369s
  79   1.64432680e+00  1.64818865e+00  1.30e-03 1.99e-08  1.19e-07  1387s
  80   1.64434802e+00  1.64818984e+00  1.29e-03 1.96e-08  1.18e-07  1394s
  81   1.64438587e+00  1.64819228e+00  1.28e-03 1.94e-08  1.16e-07  1403s
  82   1.64440022e+00  1.64819347e+00  1.27e-03 1.86e-08  1.15e-07  1415s
  83   1.64441113e+00  1.64819418e+00  1.27e-03 1.86e-08  1.14e-07  1427s
  84   1.64441315e+00  1.64819474e+00  1.27e-03 1.85e-08  1.14e-07  1435s
  85   1.64442804e+00  1.64819804e+00  1.27e-03 1.69e-08  1.13e-07  1443s
  86   1.64447102e+00  1.64819892e+00  1.25e-03 1.67e-08  1.11e-07  1459s
  87   1.64447629e+00  1.64820141e+00  1.25e-03 1.70e-08  1.10e-07  1471s
  88   1.64448409e+00  1.64820171e+00  1.25e-03 1.63e-08  1.09e-07  1483s
  89   1.64451687e+00  1.64820275e+00  1.24e-03 1.56e-08  1.08e-07  1490s
  90   1.64456561e+00  1.64820929e+00  1.22e-03 1.27e-08  1.02e-07  1506s
  91   1.64457694e+00  1.64820936e+00  1.22e-03 1.27e-08  1.02e-07  1519s
  92   1.64458756e+00  1.64820975e+00  1.21e-03 1.24e-08  1.01e-07  1532s
  93   1.64461097e+00  1.64821007e+00  1.21e-03 1.20e-08  9.96e-08  1547s
  94   1.64463028e+00  1.64820991e+00  1.20e-03 1.21e-08  9.86e-08  1556s
  95   1.64465674e+00  1.64821001e+00  1.19e-03 1.17e-08  9.72e-08  1567s
  96   1.64471711e+00  1.64821201e+00  1.17e-03 9.87e-09  9.26e-08  1576s
  97   1.64482213e+00  1.64820980e+00  1.13e-03 8.99e-09  8.89e-08  1588s
  98   1.64484895e+00  1.64820876e+00  1.13e-03 9.12e-09  8.78e-08  1599s
  99   1.64484987e+00  1.64820862e+00  1.12e-03 9.06e-09  8.77e-08  1608s
 100   1.64489452e+00  1.64821228e+00  1.11e-03 8.64e-09  8.63e-08  1623s
 101   1.64494111e+00  1.64821196e+00  1.09e-03 8.37e-09  8.51e-08  1632s
 102   1.64495818e+00  1.64821107e+00  1.09e-03 7.53e-09  8.43e-08  1641s
 103   1.64496314e+00  1.64821094e+00  1.09e-03 7.48e-09  8.42e-08  1650s
 104   1.64503392e+00  1.64821611e+00  1.06e-03 6.64e-09  8.19e-08  1665s
 105   1.64511094e+00  1.64821259e+00  1.04e-03 6.07e-09  7.92e-08  1675s
 106   1.64523549e+00  1.64820990e+00  9.96e-04 5.86e-09  7.57e-08  1683s
 107   1.64529463e+00  1.64820141e+00  9.76e-04 4.86e-09  7.26e-08  1700s
 108   1.64532806e+00  1.64819255e+00  9.64e-04 4.11e-09  7.05e-08  1717s
 109   1.64532794e+00  1.64819255e+00  9.64e-04 4.10e-09  7.05e-08  1724s
 110   1.64533063e+00  1.64819146e+00  9.63e-04 3.98e-09  7.02e-08  1734s
 111   1.64533520e+00  1.64817909e+00  9.62e-04 3.16e-09  6.86e-08  1753s
 112   1.64533537e+00  1.64817900e+00  9.62e-04 3.16e-09  6.86e-08  1770s
 113   1.64534090e+00  1.64818130e+00  9.60e-04 3.16e-09  6.85e-08  1781s
 114   1.64540921e+00  1.64817619e+00  9.36e-04 3.12e-09  6.63e-08  1793s
 115   1.64540942e+00  1.64817589e+00  9.36e-04 3.14e-09  6.63e-08  1804s
 116   1.64541876e+00  1.64817787e+00  9.33e-04 2.85e-09  6.57e-08  1817s
 117   1.64544643e+00  1.64817544e+00  9.24e-04 2.87e-09  6.49e-08  1832s
 118   1.64545705e+00  1.64817283e+00  9.20e-04 2.96e-09  6.45e-08  1843s
 119   1.64546990e+00  1.64816431e+00  9.15e-04 2.39e-09  6.33e-08  1853s
 120   1.64547676e+00  1.64815823e+00  9.13e-04 2.13e-09  6.27e-08  1867s
 121   1.64548562e+00  1.64815598e+00  9.10e-04 2.00e-09  6.23e-08  1874s
 122   1.64550666e+00  1.64815423e+00  9.03e-04 1.98e-09  6.16e-08  1887s
 123   1.64551066e+00  1.64815164e+00  9.01e-04 2.03e-09  6.13e-08  1903s
 124   1.64552461e+00  1.64814865e+00  8.96e-04 1.82e-09  6.06e-08  1915s
 125   1.64562331e+00  1.64814434e+00  8.62e-04 1.64e-09  5.81e-08  1927s
 126   1.64562845e+00  1.64814260e+00  8.60e-04 2.37e-09  5.79e-08  1936s
 127   1.64562859e+00  1.64814250e+00  8.60e-04 2.35e-09  5.79e-08  1944s
 128   1.64563781e+00  1.64814368e+00  8.57e-04 2.28e-09  5.77e-08  1954s
 129   1.64564166e+00  1.64814245e+00  8.56e-04 2.16e-09  5.75e-08  1963s
 130   1.64564969e+00  1.64813649e+00  8.53e-04 1.57e-09  5.69e-08  1976s
 131   1.64565724e+00  1.64813549e+00  8.50e-04 1.60e-09  5.67e-08  1989s
 132   1.64576460e+00  1.64813166e+00  8.13e-04 1.50e-09  5.41e-08  1999s
 133   1.64592851e+00  1.64812621e+00  7.56e-04 1.16e-09  5.02e-08  2012s
 134   1.64593245e+00  1.64812517e+00  7.54e-04 1.22e-09  5.00e-08  2022s
 135   1.64593540e+00  1.64812240e+00  7.53e-04 1.16e-09  4.98e-08  2031s
 136   1.64595977e+00  1.64811275e+00  7.45e-04 9.36e-10  4.87e-08  2043s
 137   1.64626255e+00  1.64811133e+00  6.40e-04 7.21e-10  4.21e-08  2050s
 138   1.64626350e+00  1.64811065e+00  6.40e-04 7.53e-10  4.21e-08  2064s
 139   1.64626790e+00  1.64811128e+00  6.38e-04 8.31e-10  4.20e-08  2073s
 140   1.64627114e+00  1.64811406e+00  6.37e-04 1.25e-09  4.20e-08  2084s
 141   1.64627474e+00  1.64811375e+00  6.36e-04 1.32e-09  4.19e-08  2098s
 142   1.64631077e+00  1.64810426e+00  6.23e-04 1.11e-09  4.07e-08  2124s
 143   1.64631120e+00  1.64810379e+00  6.23e-04 9.47e-10  4.07e-08  2134s
 144   1.64631280e+00  1.64810780e+00  6.23e-04 8.52e-10  4.07e-08  2146s
 145   1.64631653e+00  1.64810156e+00  6.21e-04 8.19e-10  4.04e-08  2159s
 146   1.64642842e+00  1.64809048e+00  5.82e-04 4.20e-10  3.76e-08  2172s
 147   1.64642913e+00  1.64808786e+00  5.81e-04 4.99e-10  3.75e-08  2183s
 148   1.64642915e+00  1.64808784e+00  5.81e-04 7.42e-10  3.75e-08  2191s
 149   1.64643195e+00  1.64808743e+00  5.80e-04 5.95e-10  3.74e-08  2201s
 150   1.64645053e+00  1.64808730e+00  5.74e-04 4.19e-10  3.70e-08  2209s
 151   1.64645617e+00  1.64808723e+00  5.72e-04 4.11e-10  3.69e-08  2218s
 152   1.64645911e+00  1.64808867e+00  5.71e-04 5.04e-10  3.69e-08  2227s
 153   1.64646507e+00  1.64808838e+00  5.69e-04 1.03e-09  3.67e-08  2236s
 154   1.64646625e+00  1.64808826e+00  5.68e-04 1.03e-09  3.67e-08  2245s
 155   1.64646670e+00  1.64808855e+00  5.68e-04 1.02e-09  3.67e-08  2257s
 156   1.64646713e+00  1.64808896e+00  5.68e-04 1.19e-09  3.67e-08  2267s
 157   1.64646766e+00  1.64809307e+00  5.68e-04 1.30e-09  3.68e-08  2280s
 158   1.64647682e+00  1.64809867e+00  5.65e-04 1.22e-09  3.67e-08  2294s
 159   1.64649777e+00  1.64808408e+00  5.57e-04 6.64e-10  3.58e-08  2326s
 160   1.64650871e+00  1.64808381e+00  5.54e-04 9.73e-10  3.56e-08  2337s
 161   1.64651478e+00  1.64808368e+00  5.51e-04 1.23e-09  3.55e-08  2352s
 162   1.64652385e+00  1.64807465e+00  5.48e-04 7.93e-10  3.50e-08  2369s
 163   1.64656375e+00  1.64807460e+00  5.34e-04 1.81e-09  3.42e-08  2381s
 164   1.64657787e+00  1.64807417e+00  5.29e-04 1.78e-09  3.38e-08  2387s
 165   1.64657756e+00  1.64807427e+00  5.29e-04 1.74e-09  3.39e-08  2395s
 166   1.64657758e+00  1.64807453e+00  5.29e-04 1.55e-09  3.39e-08  2411s
 167   1.64657747e+00  1.64807468e+00  5.29e-04 1.52e-09  3.39e-08  2418s
 168   1.64657749e+00  1.64807548e+00  5.29e-04 1.50e-09  3.39e-08  2432s
 169   1.64658213e+00  1.64807826e+00  5.28e-04 1.90e-09  3.38e-08  2442s
 170   1.64658318e+00  1.64807769e+00  5.27e-04 2.24e-09  3.38e-08  2455s
 171   1.64666937e+00  1.64807626e+00  4.97e-04 2.62e-09  3.18e-08  2466s
 172   1.64667146e+00  1.64807288e+00  4.96e-04 1.46e-09  3.17e-08  2478s
 173   1.64667311e+00  1.64807158e+00  4.95e-04 1.24e-09  3.16e-08  2489s
 174   1.64667615e+00  1.64806867e+00  4.94e-04 1.12e-09  3.15e-08  2507s
 175   1.64668748e+00  1.64806852e+00  4.90e-04 1.32e-09  3.13e-08  2515s
 176   1.64669281e+00  1.64806703e+00  4.88e-04 1.47e-09  3.11e-08  2527s
 177   1.64670148e+00  1.64806634e+00  4.85e-04 1.62e-09  3.09e-08  2535s
 178   1.64671799e+00  1.64806474e+00  4.79e-04 1.78e-09  3.05e-08  2546s
 179   1.64672191e+00  1.64806324e+00  4.78e-04 1.44e-09  3.04e-08  2555s
 180   1.64672208e+00  1.64806496e+00  4.78e-04 1.41e-09  3.04e-08  2565s
 181   1.64679689e+00  1.64806111e+00  4.51e-04 6.20e-10  2.86e-08  2576s
 182   1.64679813e+00  1.64805979e+00  4.50e-04 9.97e-10  2.86e-08  2585s
 183   1.64690572e+00  1.64805862e+00  4.12e-04 1.01e-09  2.61e-08  2594s
 184   1.64690947e+00  1.64805901e+00  4.10e-04 1.06e-09  2.60e-08  2606s
 185   1.64691183e+00  1.64805843e+00  4.10e-04 1.38e-09  2.60e-08  2617s
 186   1.64698888e+00  1.64805802e+00  3.82e-04 1.66e-09  2.42e-08  2626s
 187   1.64699207e+00  1.64805750e+00  3.81e-04 1.93e-09  2.41e-08  2635s
 188   1.64699850e+00  1.64805716e+00  3.78e-04 2.10e-09  2.40e-08  2646s
 189   1.64702309e+00  1.64805533e+00  3.70e-04 8.05e-10  2.34e-08  2655s
 190   1.64702975e+00  1.64805606e+00  3.67e-04 8.83e-10  2.33e-08  2666s
 191   1.64710179e+00  1.64805566e+00  7.24e-04 1.12e-09  2.17e-08  2676s
 192   1.64711235e+00  1.64805463e+00  7.16e-04 5.97e-10  2.14e-08  2687s
 193   1.64748263e+00  1.64805435e+00  4.34e-04 4.79e-10  1.33e-08  2698s
 194   1.64748424e+00  1.64805396e+00  4.33e-04 6.70e-10  1.32e-08  2706s
 195   1.64749772e+00  1.64805318e+00  4.23e-04 7.13e-10  1.29e-08  2713s
 196   1.64750498e+00  1.64805197e+00  4.17e-04 4.07e-10  1.27e-08  2724s
 197   1.64750918e+00  1.64805153e+00  4.14e-04 8.35e-10  1.26e-08  2730s
 198   1.64751201e+00  1.64805045e+00  4.12e-04 4.99e-10  1.25e-08  2738s
 199   1.64751297e+00  1.64805002e+00  4.11e-04 7.04e-10  1.25e-08  2745s
 200   1.64751538e+00  1.64804915e+00  4.09e-04 4.65e-10  1.24e-08  2757s
 201   1.64753122e+00  1.64804839e+00  3.97e-04 3.09e-10  1.20e-08  2769s
 202   1.64774573e+00  1.64804780e+00  2.32e-04 2.32e-10  7.07e-09  2781s
 203   1.64775914e+00  1.64804710e+00  2.22e-04 1.59e-10  6.75e-09  2793s
 204   1.64787852e+00  1.64804661e+00  1.30e-04 1.19e-10  3.98e-09  2805s
 205   1.64792465e+00  1.64804619e+00  9.36e-05 9.53e-11  2.89e-09  2819s
 206   1.64792468e+00  1.64804580e+00  9.36e-05 7.91e-10  2.88e-09  2829s
 207   1.64794272e+00  1.64804548e+00  7.97e-05 6.27e-10  2.45e-09  2841s
 208   1.64795991e+00  1.64804529e+00  6.61e-05 5.73e-11  2.03e-09  2860s
 209   1.64796036e+00  1.64804504e+00  6.57e-05 9.54e-10  2.02e-09  2869s
 210   1.64796073e+00  1.64804469e+00  6.54e-05 7.95e-10  2.00e-09  2885s
 211   1.64800499e+00  1.64804404e+00  2.99e-05 5.50e-10  9.57e-10  2915s
 212   1.64800808e+00  1.64804364e+00  2.74e-05 7.75e-10  8.72e-10  2929s
 213   1.64800852e+00  1.64804331e+00  2.70e-05 4.92e-09  8.55e-10  2951s
 214   1.64800862e+00  1.64804278e+00  2.69e-05 3.89e-09  8.41e-10  2961s
 215   1.64800884e+00  1.64804254e+00  2.68e-05 3.92e-09  8.31e-10  2967s
 216   1.64801208e+00  1.64804250e+00  2.31e-05 2.35e-09  7.38e-10  2980s
 217   1.64801214e+00  1.64804224e+00  2.30e-05 1.94e-09  7.32e-10  2995s
 218   1.64801304e+00  1.64804177e+00  2.23e-05 2.15e-09  7.00e-10  3010s
 219   1.64801333e+00  1.64804151e+00  2.21e-05 3.06e-08  6.88e-10  3019s
 220   1.64801364e+00  1.64804109e+00  2.18e-05 2.24e-08  6.72e-10  3033s
 221   1.64801364e+00  1.64804108e+00  2.18e-05 2.24e-08  6.71e-10  3049s
 222   1.64801365e+00  1.64804122e+00  2.18e-05 1.91e-08  6.74e-10  3059s
 223   1.64801458e+00  1.64804098e+00  2.11e-05 3.74e-10  6.47e-10  3072s
 224   1.64801514e+00  1.64804077e+00  2.06e-05 3.02e-10  6.29e-10  3081s
 225   1.64801539e+00  1.64804058e+00  2.04e-05 5.08e-09  6.19e-10  3096s
 226   1.64801565e+00  1.64804045e+00  2.02e-05 4.32e-09  6.10e-10  3108s
 227   1.64801565e+00  1.64804045e+00  2.02e-05 2.46e-09  6.10e-10  3119s
 228   1.64801588e+00  1.64804498e+00  2.00e-05 7.05e-10  6.98e-10  3132s
 229   1.64801695e+00  1.64804412e+00  1.91e-05 4.37e-09  6.54e-10  3148s
 230   1.64801857e+00  1.64804314e+00  1.77e-05 6.82e-10  5.94e-10  3160s
 231   1.64801882e+00  1.64804212e+00  1.75e-05 5.04e-10  5.67e-10  3173s
 232   1.64802085e+00  1.64804129e+00  1.58e-05 3.34e-10  5.01e-10  3184s
 233   1.64802577e+00  1.64804104e+00  1.16e-05 7.17e-10  3.73e-10  3199s
 234   1.64802594e+00  1.64804063e+00  1.14e-05 3.16e-09  3.60e-10  3217s
 235   1.64803449e+00  1.64804011e+00  3.88e-06 5.47e-09  1.36e-10  3242s
 236   1.64803455e+00  1.64803999e+00  3.82e-06 4.96e-09  1.32e-10  3258s
 237   1.64803476e+00  1.64803988e+00  3.65e-06 4.46e-09  1.25e-10  3266s
 238   1.64803610e+00  1.64803965e+00  2.51e-06 6.61e-08  8.80e-11  3278s
 239   1.64803614e+00  1.64803951e+00  2.48e-06 5.03e-08  8.43e-11  3284s
 240   1.64803614e+00  1.64803951e+00  2.48e-06 4.86e-08  8.43e-11  3290s
 241   1.64803649e+00  1.64803950e+00  2.18e-06 5.08e-08  7.59e-11  3315s
 242   1.64803693e+00  1.64803934e+00  1.79e-06 1.89e-09  6.11e-11  3337s
 243   1.64803695e+00  1.64803924e+00  1.78e-06 2.74e-09  5.86e-11  3349s
 244   1.64803695e+00  1.64803921e+00  1.78e-06 1.31e-09  5.80e-11  3366s
 245   1.64803696e+00  1.64803920e+00  1.77e-06 7.22e-09  5.74e-11  3378s
 246   1.64803697e+00  1.64803920e+00  1.77e-06 7.22e-09  5.74e-11  3393s
 247   1.64803697e+00  1.64803938e+00  1.77e-06 7.86e-10  6.09e-11  3406s
 248   1.64803697e+00  1.64803937e+00  1.77e-06 1.18e-09  6.07e-11  3418s
 249   1.64803703e+00  1.64803931e+00  1.70e-06 1.26e-09  5.81e-11  3428s
 250   1.64803705e+00  1.64803920e+00  1.67e-06 1.15e-08  5.53e-11  3447s
 251   1.64803706e+00  1.64803914e+00  1.66e-06 8.29e-09  5.38e-11  3464s
 252   1.64803708e+00  1.64803913e+00  1.65e-06 8.04e-09  5.32e-11  3479s
 253   1.64803708e+00  1.64803913e+00  1.65e-06 8.02e-09  5.31e-11  3489s

Barrier solved model in 253 iterations and 3489.29 seconds (1863.40 work units)
Optimal objective 1.64802577e+00

