Set parameter Username
Academic license - for non-commercial use only - expires 2027-02-09
Set parameter Threads to value 4
Set parameter Method to value 2
Set parameter BarOrder to value 1
Set parameter BarHomogeneous to value 1
Set parameter NumericFocus to value 2
Set parameter Crossover to value 0
Gurobi Optimizer version 9.5.1 build v9.5.1rc2 (linux64)
Thread count: 32 physical cores, 64 logical processors, using up to 4 threads
Optimize a model with 13195373 rows, 19156812 columns and 93019440 nonzeros
Model fingerprint: 0x0f402173
Coefficient statistics:
  Matrix range     [2e-04, 3e+00]
  Objective range  [1e+00, 1e+00]
  Bounds range     [0e+00, 0e+00]
  RHS range        [7e-04, 1e+00]
Presolve removed 0 rows and 0 columns (presolve time = 8s) ...
Presolve removed 3358064 rows and 16167995 columns (presolve time = 10s) ...
Presolve removed 3358064 rows and 16399175 columns (presolve time = 15s) ...
Presolve removed 5544963 rows and 16399251 columns (presolve time = 24s) ...
Presolve removed 5545712 rows and 16400000 columns (presolve time = 28s) ...
Presolve removed 5550739 rows and 16405027 columns (presolve time = 49s) ...
Presolve removed 5562291 rows and 16405028 columns (presolve time = 53s) ...
Presolve removed 5562291 rows and 16405028 columns (presolve time = 55s) ...
Presolve removed 5562291 rows and 16405028 columns
Presolve time: 60.44s
Presolved: 7633082 rows, 2751784 columns, 51910657 nonzeros
Elapsed ordering time = 5s
Ordering time: 8.47s

Barrier statistics:
 Dense cols : 354
 AA' NZ     : 1.505e+08
 Factor NZ  : 2.364e+08 (roughly 5.0 GB of memory)
 Factor Ops : 2.139e+10 (roughly 1 second per iteration)
 Threads    : 4

                  Objective                Residual
Iter       Primal          Dual         Primal    Dual     Compl     Time
   0   9.64795182e+00  1.25000000e+02  1.15e+08 6.25e-02  1.00e+06  5250s
   1   3.88592254e+00 -8.94938530e+05  8.47e+07 4.80e+02  6.52e+05  5263s
   2   4.57429713e+01 -2.04525564e+05  4.69e+07 3.21e+02  4.04e+05  5280s
   3   6.45878062e+01  4.17993671e+06  2.81e+07 1.61e+02  2.14e+05  5303s
   4   2.98699290e+00  6.51265026e+04  3.55e+05 2.72e+00  5.14e+01  5325s
   5   2.30716836e+00  6.15523985e+03  8.69e+04 3.61e-01  2.79e+00  5342s
   6   2.26062466e+00  4.26917228e+03  5.79e+04 2.25e-01  1.48e+00  5358s
   7   2.17643071e+00  3.14431245e+03  1.89e+04 1.55e-01  5.07e-01  5378s
   8   2.15917351e+00  8.76456215e+02  1.15e+04 3.96e-02  1.91e-01  5402s
   9   2.14284615e+00  5.04657671e+02  4.44e+03 2.26e-02  7.61e-02  5420s
  10   2.13812121e+00  2.66790872e+02  2.51e+03 1.18e-02  4.01e-02  5435s
  11   2.13651197e+00  1.60787440e+02  1.70e+03 7.16e-03  2.56e-02  5454s
  12   2.13572745e+00  8.20588417e+01  1.43e+03 3.40e-03  1.82e-02  5475s
  13   2.13542475e+00  5.49093779e+01  8.00e+02 2.16e-03  1.04e-02  5496s
  14   2.13657100e+00  4.26293446e+01  5.32e+02 1.66e-03  7.22e-03  5512s
  15   2.13858498e+00  3.27959718e+01  4.63e+02 1.27e-03  6.34e-03  5528s
  16   2.14058159e+00  2.30549369e+01  4.21e+02 9.95e-04  6.47e-03  5550s
  17   2.12672942e+00  1.39332267e+01  4.07e+02 6.85e-04  7.35e-03  5578s
  18   2.11876873e+00  1.17147562e+01  3.99e+02 5.28e-04  7.03e-03  5601s
  19   2.07674857e+00  9.65423160e+00  3.64e+02 3.78e-04  5.90e-03  5634s
  20   2.03417263e+00  8.62041479e+00  3.28e+02 2.93e-04  4.96e-03  5660s
  21   1.99861570e+00  8.05652648e+00  2.99e+02 2.50e-04  4.24e-03  5692s
  22   1.94879980e+00  6.99356734e+00  2.59e+02 1.17e-04  2.69e-03  5727s
  23   1.84519956e+00  6.32753938e+00  1.77e+02 7.75e-05  1.56e-03  5763s
  24   1.78264112e+00  5.31898388e+00  1.24e+02 5.36e-05  9.42e-04  5797s
  25   1.71564018e+00  4.10062644e+00  6.50e+01 3.41e-05  3.94e-04  5830s
  26   1.70533605e+00  3.48021374e+00  5.75e+01 2.44e-05  2.85e-04  5866s
  27   1.69445505e+00  3.14822442e+00  5.06e+01 1.96e-05  2.21e-04  5894s
  28   1.63591822e+00  3.04415053e+00  2.56e+01 1.81e-05  1.14e-04  5918s
  29   1.60393054e+00  2.66366049e+00  1.01e+01 1.32e-05  4.33e-05  5953s
  30   1.58893966e+00  2.40936533e+00  4.16e+00 1.01e-05  1.98e-05  5982s
  31   1.57797718e+00  2.25525934e+00  2.01e+00 8.27e-06  1.19e-05  6013s
  32   1.57186556e+00  2.17131107e+00  1.62e+00 7.28e-06  1.01e-05  6040s
  33   1.56844894e+00  2.08191696e+00  1.45e+00 6.26e-06  8.86e-06  6073s
  34   1.56016778e+00  2.04165997e+00  1.12e+00 5.82e-06  7.86e-06  6113s
  35   1.54589949e+00  2.00777478e+00  9.53e-01 5.45e-06  7.40e-06  6147s
  36   1.53015979e+00  1.94583117e+00  7.85e-01 4.82e-06  6.58e-06  6181s
  37   1.51025884e+00  1.86238230e+00  5.76e-01 3.99e-06  5.31e-06  6214s
  38   1.50206542e+00  1.73200320e+00  4.73e-01 2.70e-06  3.63e-06  6256s
  39   1.49552694e+00  1.66124360e+00  3.79e-01 1.98e-06  2.58e-06  6298s
  40   1.49210730e+00  1.62727723e+00  2.99e-01 1.61e-06  2.00e-06  6341s
  41   1.48763590e+00  1.60020322e+00  1.75e-01 1.30e-06  1.44e-06  6387s
  42   1.48731941e+00  1.57273172e+00  1.15e-01 9.85e-07  1.00e-06  6437s
  43   1.48944613e+00  1.55195164e+00  8.33e-02 7.21e-07  6.95e-07  6490s
  44   1.49147659e+00  1.54434040e+00  6.80e-02 6.21e-07  5.77e-07  6549s
  45   1.49523432e+00  1.53404754e+00  3.88e-02 4.64e-07  3.98e-07  6609s
  46   1.49903194e+00  1.53042044e+00  2.81e-02 3.97e-07  3.22e-07  6703s
  47   1.50421961e+00  1.52520398e+00  2.03e-02 2.79e-07  2.13e-07  6841s
  48   1.50846529e+00  1.52474943e+00  1.39e-02 2.54e-07  1.81e-07  7003s
  49   1.51346961e+00  1.52374515e+00  8.86e-03 1.94e-07  1.29e-07  7206s
  50   1.51778987e+00  1.52489339e+00  6.22e-03 1.18e-07  7.82e-08  7463s
  51   1.52258838e+00  1.52869854e+00  4.84e-03 8.27e-08  5.67e-08  7748s
  52   1.52686649e+00  1.53095214e+00  3.94e-03 6.97e-08  4.77e-08  7873s
  53   1.52987118e+00  1.53353626e+00  3.42e-03 5.81e-08  4.11e-08  7945s
  54   1.53239018e+00  1.53522987e+00  2.96e-03 5.11e-08  3.65e-08  7986s
  55   1.53242528e+00  1.53742920e+00  2.96e-03 4.26e-08  3.38e-08  8025s
  56   1.53483139e+00  1.53857996e+00  2.52e-03 3.82e-08  3.00e-08  8085s
  57   1.53632796e+00  1.53960427e+00  2.25e-03 3.43e-08  2.73e-08  8134s
  58   1.53809709e+00  1.54098225e+00  1.90e-03 2.91e-08  2.36e-08  8197s
  59   1.53995374e+00  1.54205165e+00  1.53e-03 2.45e-08  1.96e-08  8267s
  60   1.54020398e+00  1.54222307e+00  1.47e-03 2.38e-08  1.91e-08  8327s
  61   1.54143583e+00  1.54268683e+00  1.22e-03 2.19e-08  1.70e-08  8369s
  62   1.54197198e+00  1.54384307e+00  1.11e-03 1.67e-08  1.41e-08  8412s
  63   1.54298514e+00  1.54432119e+00  8.84e-04 1.44e-08  1.19e-08  8453s
  64   1.54368618e+00  1.54498416e+00  6.94e-04 1.10e-08  9.49e-09  8500s
  65   1.54421987e+00  1.54528016e+00  5.82e-04 9.63e-09  8.25e-09  8562s
  66   1.54486367e+00  1.54578511e+00  4.72e-04 7.66e-09  6.61e-09  8608s
  67   1.54539184e+00  1.54612151e+00  3.70e-04 6.18e-09  5.31e-09  8655s
  68   1.54565257e+00  1.54636324e+00  3.24e-04 5.06e-09  4.56e-09  8713s
  69   1.54591016e+00  1.54693163e+00  2.72e-04 3.32e-09  3.18e-09  8751s
  70   1.54624625e+00  1.54713801e+00  2.07e-04 1.84e-09  2.26e-09  8795s
  71   1.54643279e+00  1.54715762e+00  1.69e-04 1.42e-09  1.81e-09  8847s
  72   1.54648917e+00  1.54719879e+00  1.58e-04 9.59e-10  1.49e-09  8890s
  73   1.54665910e+00  1.54720182e+00  1.22e-04 8.94e-10  1.24e-09  8948s
  74   1.54669649e+00  1.54720239e+00  1.15e-04 8.75e-10  1.18e-09  8995s
  75   1.54674171e+00  1.54720655e+00  1.06e-04 8.62e-10  1.12e-09  9034s
  76   1.54674283e+00  1.54721291e+00  1.06e-04 8.45e-10  1.08e-09  9062s
  77   1.54674859e+00  1.54723375e+00  1.05e-04 2.16e-09  1.02e-09  9098s
  78   1.54676244e+00  1.54723785e+00  1.02e-04 2.03e-09  9.76e-10  9150s
  79   1.54683355e+00  1.54724825e+00  8.89e-05 3.76e-09  8.62e-10  9188s
  80   1.54683692e+00  1.54725095e+00  8.82e-05 2.89e-09  8.37e-10  9240s
  81   1.54684607e+00  1.54725934e+00  8.65e-05 2.08e-09  7.85e-10  9274s
  82   1.54684628e+00  1.54725959e+00  8.65e-05 2.24e-09  7.82e-10  9313s
  83   1.54686181e+00  1.54726254e+00  8.35e-05 1.95e-09  7.46e-10  9360s
  84   1.54686263e+00  1.54726621e+00  8.33e-05 2.01e-09  7.34e-10  9407s
  85   1.54692121e+00  1.54726806e+00  7.20e-05 1.80e-09  6.49e-10  9451s
  86   1.54696446e+00  1.54726939e+00  6.38e-05 2.04e-09  5.87e-10  9489s
  87   1.54700985e+00  1.54727166e+00  5.51e-05 2.31e-09  5.20e-10  9549s
  88   1.54701319e+00  1.54727572e+00  5.45e-05 2.09e-09  5.05e-10  9605s
  89   1.54701447e+00  1.54727895e+00  5.43e-05 1.54e-09  4.87e-10  9657s
  90   1.54702750e+00  1.54728312e+00  5.19e-05 2.40e-09  4.57e-10  9699s
  91   1.54703370e+00  1.54728428e+00  5.08e-05 3.05e-09  4.46e-10  9747s
  92   1.54706756e+00  1.54728815e+00  4.45e-05 2.53e-09  3.86e-10  9796s
  93   1.54707636e+00  1.54729240e+00  4.28e-05 2.07e-09  3.64e-10  9837s
  94   1.54707813e+00  1.54729555e+00  4.25e-05 1.12e-09  3.50e-10  9879s
  95   1.54708273e+00  1.54729773e+00  4.17e-05 1.12e-09  3.35e-10  9941s
  96   1.54710644e+00  1.54729895e+00  3.73e-05 9.84e-10  2.99e-10  9997s
  97   1.54711968e+00  1.54730005e+00  3.49e-05 8.76e-10  2.78e-10  10041s
  98   1.54712483e+00  1.54730082e+00  3.39e-05 9.51e-10  2.68e-10  10104s
  99   1.54712493e+00  1.54730128e+00  3.39e-05 8.02e-10  2.66e-10  10147s
 100   1.54712613e+00  1.54730184e+00  3.37e-05 8.62e-10  2.63e-10  10184s
 101   1.54712632e+00  1.54730220e+00  3.37e-05 7.99e-10  2.61e-10  10218s
 102   1.54714687e+00  1.54730269e+00  2.99e-05 7.47e-10  2.33e-10  10259s
 103   1.54715556e+00  1.54730352e+00  2.83e-05 7.18e-10  2.18e-10  10298s
 104   1.54715626e+00  1.54730439e+00  2.82e-05 6.99e-10  2.14e-10  10338s
 105   1.54720670e+00  1.54730532e+00  1.88e-05 3.61e-09  1.47e-10  10410s
 106   1.54720782e+00  1.54730559e+00  1.86e-05 3.47e-09  1.44e-10  10449s
 107   1.54720810e+00  1.54730611e+00  1.86e-05 4.99e-09  1.41e-10  10484s
 108   1.54721756e+00  1.54730614e+00  2.53e-05 5.04e-09  1.29e-10  10529s
 109   1.54721927e+00  1.54730635e+00  2.48e-05 4.55e-09  1.26e-10  10583s
 110   1.54722101e+00  1.54730645e+00  2.43e-05 4.26e-09  1.23e-10  10641s
 111   1.54722101e+00  1.54730645e+00  2.43e-05 4.22e-09  1.23e-10  10697s
 112   1.54723456e+00  1.54730671e+00  2.06e-05 2.59e-09  1.05e-10  10756s
 113   1.54723457e+00  1.54730716e+00  2.06e-05 2.81e-09  1.01e-10  10812s
 114   1.54723459e+00  1.54730717e+00  2.06e-05 2.47e-09  1.01e-10  10848s
 115   1.54723464e+00  1.54730732e+00  2.06e-05 2.10e-09  1.01e-10  10897s
 116   1.54724877e+00  1.54730736e+00  1.66e-05 1.48e-09  8.17e-11  10958s
 117   1.54724903e+00  1.54730739e+00  1.65e-05 1.43e-09  8.12e-11  11021s
 118   1.54725468e+00  1.54730743e+00  1.49e-05 2.04e-09  7.39e-11  11079s
 119   1.54725759e+00  1.54730748e+00  1.41e-05 3.66e-09  6.94e-11  11138s
 120   1.54725851e+00  1.54730754e+00  1.39e-05 1.05e-09  6.72e-11  11199s
 121   1.54725885e+00  1.54730755e+00  1.38e-05 5.86e-09  6.65e-11  11265s
 122   1.54725907e+00  1.54730767e+00  1.37e-05 4.70e-09  6.53e-11  11323s
 123   1.54725910e+00  1.54730773e+00  1.37e-05 3.96e-09  6.46e-11  11382s
 124   1.54726247e+00  1.54730774e+00  1.28e-05 2.93e-09  6.03e-11  11435s
 125   1.54727565e+00  1.54730778e+00  9.03e-06 5.85e-09  4.33e-11  11487s
 126   1.54727566e+00  1.54730777e+00  9.03e-06 5.08e-09  4.29e-11  11536s
 127   1.54727571e+00  1.54730860e+00  9.02e-06 5.06e-09  4.33e-11  11606s
 128   1.54727581e+00  1.54730851e+00  8.99e-06 8.60e-10  4.28e-11  11660s
 129   1.54727586e+00  1.54730848e+00  8.98e-06 8.82e-10  4.26e-11  11724s
 130   1.54727728e+00  1.54730838e+00  8.58e-06 1.37e-09  4.05e-11  11796s
 131   1.54727730e+00  1.54730833e+00  8.57e-06 2.79e-09  4.03e-11  11843s
 132   1.54727751e+00  1.54730820e+00  8.51e-06 2.07e-09  3.96e-11  11938s
 133   1.54727782e+00  1.54730813e+00  8.42e-06 4.83e-09  3.88e-11  12040s
 134   1.54727807e+00  1.54730806e+00  8.35e-06 3.64e-09  3.82e-11  12132s
 135   1.54727827e+00  1.54730799e+00  8.30e-06 2.94e-09  3.78e-11  12220s
 136   1.54727833e+00  1.54730794e+00  8.28e-06 1.77e-09  3.75e-11  12328s
 137   1.54727846e+00  1.54730790e+00  8.24e-06 1.42e-09  3.72e-11  12404s
 138   1.54728013e+00  1.54730786e+00  7.77e-06 1.04e-09  3.50e-11  12532s
 139   1.54728121e+00  1.54730783e+00  7.47e-06 7.76e-10  3.36e-11  12654s
 140   1.54729212e+00  1.54730780e+00  4.39e-06 5.91e-10  1.99e-11  12788s
 141   1.54729212e+00  1.54730780e+00  4.39e-06 7.79e-10  1.99e-11  12858s
 142   1.54729214e+00  1.54730788e+00  4.38e-06 2.79e-09  1.99e-11  12932s
 143   1.54729550e+00  1.54730783e+00  3.43e-06 1.75e-09  1.56e-11  13034s
 144   1.54729550e+00  1.54730783e+00  3.43e-06 8.61e-10  1.56e-11  13082s
 145   1.54729551e+00  1.54730785e+00  3.43e-06 1.24e-09  1.56e-11  13128s
 146   1.54729577e+00  1.54730780e+00  3.35e-06 7.63e-10  1.52e-11  13190s
 147   1.54729660e+00  1.54730776e+00  3.12e-06 5.07e-10  1.41e-11  13286s
 148   1.54729665e+00  1.54730775e+00  3.11e-06 4.03e-10  1.40e-11  13355s
 149   1.54729667e+00  1.54730776e+00  3.10e-06 9.43e-10  1.40e-11  13417s
 150   1.54729668e+00  1.54730771e+00  3.10e-06 3.16e-09  1.40e-11  13472s
 151   1.54729677e+00  1.54730770e+00  3.07e-06 2.51e-09  1.38e-11  13497s
 152   1.54729686e+00  1.54730770e+00  3.05e-06 2.32e-09  1.37e-11  13564s
 153   1.54729719e+00  1.54730767e+00  2.95e-06 2.51e-09  1.33e-11  13614s
 154   1.54729723e+00  1.54730768e+00  2.94e-06 2.47e-09  1.32e-11  13670s
 155   1.54729732e+00  1.54730773e+00  2.92e-06 4.83e-09  1.32e-11  13741s
 156   1.54729747e+00  1.54730770e+00  2.88e-06 1.55e-09  1.30e-11  13807s
 157   1.54729759e+00  1.54730770e+00  2.84e-06 1.87e-09  1.28e-11  13972s

Barrier solved model in 157 iterations and 13972.38 seconds (8200.63 work units)
Optimal objective 1.54729660e+00

