Set parameter Username
Academic license - for non-commercial use only - expires 2027-02-09
Set parameter Threads to value 4
Set parameter Method to value 2
Set parameter BarOrder to value 1
Set parameter BarHomogeneous to value 1
Set parameter NumericFocus to value 2
Set parameter Crossover to value 0
Gurobi Optimizer version 9.5.1 build v9.5.1rc2 (linux64)
Thread count: 32 physical cores, 64 logical processors, using up to 4 threads
Optimize a model with 3660996 rows, 2796719 columns and 26356076 nonzeros
Model fingerprint: 0x175d9d7c
Coefficient statistics:
  Matrix range     [2e-04, 3e+00]
  Objective range  [1e+00, 1e+00]
  Bounds range     [0e+00, 0e+00]
  RHS range        [7e-04, 1e+00]
Presolve removed 764745 rows and 2321527 columns (presolve time = 5s) ...
Presolve removed 1636019 rows and 2323643 columns (presolve time = 12s) ...
Presolve removed 1640251 rows and 2323644 columns
Presolve time: 14.65s
Presolved: 2020745 rows, 473075 columns, 14338801 nonzeros
Ordering time: 1.43s

Barrier statistics:
 Dense cols : 215
 AA' NZ     : 2.434e+07
 Factor NZ  : 3.543e+07 (roughly 1.0 GB of memory)
 Factor Ops : 1.737e+09 (less than 1 second per iteration)
 Threads    : 4

                  Objective                Residual
Iter       Primal          Dual         Primal    Dual     Compl     Time
   0   3.27648098e+00  6.25000000e+01  2.65e+07 6.25e-02  1.00e+06  1019s
   1   3.63750263e+00  2.12779085e+05  2.41e+07 8.08e+02  9.21e+05  1022s
   2   1.15121184e+01  5.95368355e+05  2.00e+07 8.09e+02  8.21e+05  1027s
   3   2.23377876e+01  2.94637275e+06  1.36e+07 3.92e+02  5.01e+05  1032s
   4   3.75713616e+00  7.47406696e+04  4.09e+05 1.17e+01  6.75e+02  1037s
   5   3.78853350e+00  2.46437489e+04  1.63e+05 2.82e+00  1.34e+02  1043s
   6   3.79047541e+00  1.37096808e+04  1.26e+05 1.40e+00  7.55e+01  1047s
   7   3.82648055e+00  8.58355026e+03  8.96e+04 8.17e-01  4.64e+01  1051s
   8   3.85966227e+00  5.53120628e+03  6.60e+04 5.14e-01  3.16e+01  1055s
   9   3.82993684e+00  3.50310046e+03  5.38e+04 3.24e-01  2.37e+01  1058s
  10   3.53548806e+00  2.80703091e+03  4.30e+04 2.84e-01  2.02e+01  1063s
  11   3.14226934e+00  2.26272112e+03  3.30e+04 2.37e-01  1.60e+01  1069s
  12   3.10852936e+00  1.40285269e+03  2.33e+04 1.42e-01  1.08e+01  1075s
  13   3.17136368e+00  5.11842016e+02  1.48e+04 4.92e-02  5.94e+00  1081s
  14   3.32191058e+00  2.24967451e+02  8.32e+03 2.13e-02  3.23e+00  1087s
  15   3.48600559e+00  1.20222893e+02  4.83e+03 1.10e-02  1.86e+00  1093s
  16   3.66974267e+00  7.00988571e+01  3.06e+03 5.97e-03  1.15e+00  1098s
  17   4.00817015e+00  5.07858984e+01  1.87e+03 3.78e-03  6.95e-01  1102s
  18   4.13180015e+00  4.68630636e+01  1.53e+03 3.26e-03  5.61e-01  1107s
  19   4.29732644e+00  4.09325174e+01  1.32e+03 2.54e-03  4.63e-01  1112s
  20   4.43378516e+00  3.68181458e+01  1.23e+03 2.05e-03  4.12e-01  1117s
  21   4.89626860e+00  3.16513394e+01  9.21e+02 1.45e-03  2.95e-01  1123s
  22   4.43800419e+00  2.67953789e+01  7.45e+02 1.20e-03  2.34e-01  1131s
  23   4.02099680e+00  2.04392396e+01  6.26e+02 8.16e-04  1.73e-01  1139s
  24   3.57982648e+00  1.82328181e+01  5.22e+02 6.17e-04  1.33e-01  1147s
  25   2.66959724e+00  1.56295787e+01  3.55e+02 3.99e-04  7.92e-02  1155s
  26   2.24842253e+00  1.36589698e+01  2.64e+02 2.80e-04  5.04e-02  1163s
  27   2.05316233e+00  1.02313600e+01  2.21e+02 1.38e-04  2.75e-02  1171s
  28   1.43590922e+00  6.15499698e+00  6.90e+01 5.43e-05  4.87e-03  1179s
  29   1.47049160e+00  3.77268699e+00  1.45e+01 2.49e-05  6.66e-04  1187s
  30   1.48444146e+00  2.69187593e+00  6.74e+00 1.35e-05  2.34e-04  1194s
  31   1.48525422e+00  2.35541257e+00  2.22e+00 9.77e-06  9.63e-05  1202s
  32   1.48567367e+00  2.15522315e+00  1.25e+00 7.52e-06  6.13e-05  1208s
  33   1.48200638e+00  2.08479364e+00  9.41e-01 6.76e-06  5.15e-05  1214s
  34   1.48106906e+00  2.04556833e+00  8.10e-01 6.32e-06  4.67e-05  1219s
  35   1.47789916e+00  2.01878539e+00  6.40e-01 6.03e-06  4.25e-05  1227s
  36   1.48047650e+00  1.93973042e+00  4.57e-01 5.12e-06  3.41e-05  1234s
  37   1.49654046e+00  1.84549637e+00  3.18e-01 3.94e-06  2.47e-05  1244s
  38   1.49878263e+00  1.82909165e+00  3.02e-01 3.73e-06  2.33e-05  1254s
  39   1.50302702e+00  1.80920942e+00  2.70e-01 3.47e-06  2.13e-05  1265s
  40   1.51133345e+00  1.77207714e+00  2.13e-01 2.96e-06  1.76e-05  1276s
  41   1.52306995e+00  1.72531265e+00  1.68e-01 2.31e-06  1.33e-05  1288s
  42   1.52785449e+00  1.71741982e+00  1.52e-01 2.19e-06  1.24e-05  1298s
  43   1.54505875e+00  1.70236374e+00  1.14e-01 1.93e-06  1.04e-05  1311s
  44   1.54870515e+00  1.68735366e+00  1.08e-01 1.65e-06  8.91e-06  1322s
  45   1.55190086e+00  1.68616871e+00  1.06e-01 1.63e-06  8.72e-06  1336s
  46   1.55427481e+00  1.67352285e+00  1.02e-01 1.33e-06  7.36e-06  1350s
  47   1.56372343e+00  1.66821317e+00  9.00e-02 1.18e-06  6.37e-06  1365s
  48   1.57979834e+00  1.66700959e+00  6.77e-02 1.14e-06  5.62e-06  1377s
  49   1.59065300e+00  1.66338397e+00  4.74e-02 1.01e-06  4.68e-06  1393s
  50   1.60116301e+00  1.65893189e+00  3.79e-02 7.47e-07  3.46e-06  1410s
  51   1.60247162e+00  1.65650400e+00  3.63e-02 5.91e-07  2.90e-06  1428s
  52   1.60925508e+00  1.65325489e+00  2.96e-02 4.34e-07  2.19e-06  1448s
  53   1.61832606e+00  1.65227904e+00  2.19e-02 3.84e-07  1.79e-06  1473s
  54   1.62525143e+00  1.65006461e+00  1.60e-02 2.40e-07  1.17e-06  1500s
  55   1.63204281e+00  1.64817154e+00  9.93e-03 1.74e-07  7.93e-07  1542s
  56   1.63431511e+00  1.64744584e+00  7.44e-03 1.25e-07  5.86e-07  1589s
  57   1.63525765e+00  1.64711731e+00  6.78e-03 1.09e-07  5.16e-07  1601s
  58   1.63582692e+00  1.64699758e+00  6.38e-03 1.03e-07  4.85e-07  1611s
  59   1.63750485e+00  1.64697902e+00  5.45e-03 8.82e-08  4.06e-07  1624s
  60   1.63956652e+00  1.64701436e+00  4.39e-03 7.05e-08  3.16e-07  1640s
  61   1.63982089e+00  1.64703881e+00  4.25e-03 6.74e-08  3.04e-07  1650s
  62   1.63988115e+00  1.64707920e+00  4.22e-03 6.09e-08  2.87e-07  1668s
  63   1.64074503e+00  1.64718096e+00  3.75e-03 4.82e-08  2.40e-07  1687s
  64   1.64159881e+00  1.64722323e+00  3.28e-03 4.37e-08  2.11e-07  1700s
  65   1.64225231e+00  1.64725291e+00  2.93e-03 4.00e-08  1.89e-07  1713s
  66   1.64280285e+00  1.64728906e+00  2.62e-03 3.54e-08  1.67e-07  1725s
  67   1.64319320e+00  1.64732092e+00  2.40e-03 2.89e-08  1.45e-07  1740s
  68   1.64349476e+00  1.64733938e+00  2.23e-03 2.54e-08  1.32e-07  1756s
  69   1.64368480e+00  1.64735070e+00  2.12e-03 2.29e-08  1.23e-07  1769s
  70   1.64378024e+00  1.64735468e+00  2.07e-03 2.18e-08  1.18e-07  1779s
  71   1.64386264e+00  1.64735728e+00  2.02e-03 2.09e-08  1.15e-07  1789s
  72   1.64412859e+00  1.64739406e+00  1.88e-03 1.52e-08  9.63e-08  1801s
  73   1.64422646e+00  1.64739645e+00  1.82e-03 1.39e-08  9.20e-08  1813s
  74   1.64425297e+00  1.64739578e+00  1.80e-03 1.30e-08  8.97e-08  1828s
  75   1.64448269e+00  1.64739067e+00  1.67e-03 1.04e-08  7.94e-08  1842s
  76   1.64448705e+00  1.64739073e+00  1.67e-03 1.04e-08  7.94e-08  1856s
  77   1.64448809e+00  1.64739023e+00  1.67e-03 1.05e-08  7.93e-08  1866s
  78   1.64454605e+00  1.64738892e+00  1.63e-03 1.01e-08  7.69e-08  1878s
  79   1.64478250e+00  1.64738712e+00  1.50e-03 8.62e-09  6.78e-08  1899s
  80   1.64494965e+00  1.64737521e+00  1.40e-03 5.50e-09  5.88e-08  1923s
  81   1.64500541e+00  1.64736169e+00  1.37e-03 5.27e-09  5.51e-08  1938s
  82   1.64512756e+00  1.64734010e+00  1.29e-03 3.69e-09  4.97e-08  1961s
  83   1.64515132e+00  1.64733198e+00  1.28e-03 3.62e-09  4.82e-08  1970s
  84   1.64517052e+00  1.64732156e+00  1.27e-03 4.25e-09  4.67e-08  1999s
  85   1.64521526e+00  1.64731871e+00  1.24e-03 5.81e-09  4.54e-08  2012s
  86   1.64522754e+00  1.64730762e+00  1.23e-03 4.69e-09  4.42e-08  2028s
  87   1.64525609e+00  1.64730599e+00  1.22e-03 4.76e-09  4.35e-08  2041s
  88   1.64528805e+00  1.64730159e+00  1.20e-03 3.92e-09  4.25e-08  2052s
  89   1.64533679e+00  1.64729701e+00  1.17e-03 4.78e-09  4.12e-08  2064s
  90   1.64533680e+00  1.64729700e+00  1.17e-03 4.87e-09  4.12e-08  2073s
  91   1.64533893e+00  1.64729706e+00  1.17e-03 4.82e-09  4.12e-08  2085s
  92   1.64534702e+00  1.64729509e+00  1.16e-03 4.11e-09  4.07e-08  2096s
  93   1.64537383e+00  1.64729354e+00  1.14e-03 5.03e-09  4.01e-08  2112s
  94   1.64538670e+00  1.64728049e+00  1.14e-03 3.59e-09  3.89e-08  2135s
  95   1.64538960e+00  1.64727870e+00  1.13e-03 3.66e-09  3.87e-08  2147s
  96   1.64540428e+00  1.64727718e+00  1.13e-03 4.15e-09  3.84e-08  2166s
  97   1.64542405e+00  1.64727595e+00  1.11e-03 3.95e-09  3.79e-08  2182s
  98   1.64545800e+00  1.64726901e+00  1.09e-03 3.27e-09  3.69e-08  2195s
  99   1.64545859e+00  1.64726883e+00  1.09e-03 3.22e-09  3.69e-08  2206s
 100   1.64546314e+00  1.64726855e+00  1.09e-03 4.20e-09  3.68e-08  2216s
 101   1.64547809e+00  1.64727286e+00  1.08e-03 4.12e-09  3.66e-08  2228s
 102   1.64548279e+00  1.64727146e+00  1.08e-03 3.88e-09  3.64e-08  2247s
 103   1.64548311e+00  1.64727141e+00  1.08e-03 3.88e-09  3.64e-08  2255s
 104   1.64548358e+00  1.64727111e+00  1.08e-03 3.79e-09  3.64e-08  2265s
 105   1.64553577e+00  1.64726916e+00  1.05e-03 3.78e-09  3.53e-08  2280s
 106   1.64560787e+00  1.64725984e+00  1.00e-03 2.90e-09  3.36e-08  2301s
 107   1.64563714e+00  1.64725743e+00  9.83e-04 1.93e-09  3.29e-08  2313s
 108   1.64565922e+00  1.64725614e+00  9.69e-04 1.70e-09  3.24e-08  2322s
 109   1.64566483e+00  1.64725542e+00  9.66e-04 1.97e-09  3.23e-08  2350s
 110   1.64566549e+00  1.64725245e+00  9.66e-04 1.73e-09  3.21e-08  2367s
 111   1.64567032e+00  1.64724802e+00  9.62e-04 2.13e-09  3.19e-08  2380s
 112   1.64567495e+00  1.64724769e+00  9.60e-04 2.35e-09  3.18e-08  2393s
 113   1.64567508e+00  1.64724755e+00  9.59e-04 2.09e-09  3.18e-08  2403s
 114   1.64568191e+00  1.64725007e+00  9.55e-04 2.61e-09  3.17e-08  2419s
 115   1.64576944e+00  1.64724370e+00  9.01e-04 2.11e-09  2.98e-08  2435s
 116   1.64623317e+00  1.64724035e+00  6.13e-04 2.16e-09  2.06e-08  2446s
 117   1.64623499e+00  1.64724041e+00  6.12e-04 1.87e-09  2.05e-08  2466s
 118   1.64623604e+00  1.64724041e+00  6.12e-04 1.87e-09  2.05e-08  2484s
 119   1.64624101e+00  1.64724019e+00  6.09e-04 2.43e-09  2.04e-08  2495s
 120   1.64624173e+00  1.64723945e+00  6.08e-04 1.77e-09  2.04e-08  2508s
 121   1.64624296e+00  1.64723937e+00  6.08e-04 1.77e-09  2.03e-08  2516s
 122   1.64624398e+00  1.64724006e+00  6.07e-04 2.88e-09  2.03e-08  2525s
 123   1.64624523e+00  1.64724317e+00  6.06e-04 2.81e-09  2.03e-08  2539s
 124   1.64624617e+00  1.64724192e+00  6.06e-04 2.23e-09  2.03e-08  2553s
 125   1.64624963e+00  1.64724101e+00  6.03e-04 3.11e-09  2.02e-08  2565s
 126   1.64625508e+00  1.64723620e+00  6.00e-04 2.71e-09  2.00e-08  2577s
 127   1.64626213e+00  1.64723557e+00  5.95e-04 2.47e-09  1.98e-08  2585s
 128   1.64626801e+00  1.64722943e+00  5.92e-04 2.17e-09  1.96e-08  2603s
 129   1.64626837e+00  1.64722863e+00  5.91e-04 2.02e-09  1.95e-08  2616s
 130   1.64626912e+00  1.64722833e+00  5.91e-04 1.80e-09  1.95e-08  2624s
 131   1.64627127e+00  1.64722972e+00  5.90e-04 1.37e-09  1.95e-08  2643s
 132   1.64627111e+00  1.64722995e+00  5.90e-04 1.55e-09  1.95e-08  2652s
 133   1.64627322e+00  1.64723003e+00  5.89e-04 1.31e-09  1.94e-08  2665s
 134   1.64629701e+00  1.64722725e+00  5.73e-04 1.20e-09  1.89e-08  2678s
 135   1.64630303e+00  1.64722469e+00  5.70e-04 1.37e-09  1.87e-08  2689s
 136   1.64630771e+00  1.64722262e+00  5.67e-04 1.30e-09  1.86e-08  2702s
 137   1.64631183e+00  1.64722117e+00  5.64e-04 1.22e-09  1.85e-08  2712s
 138   1.64631293e+00  1.64722063e+00  5.63e-04 1.18e-09  1.85e-08  2720s
 139   1.64631756e+00  1.64721998e+00  5.60e-04 1.12e-09  1.83e-08  2731s
 140   1.64631913e+00  1.64721977e+00  5.59e-04 1.12e-09  1.83e-08  2745s
 141   1.64632546e+00  1.64721957e+00  5.55e-04 1.01e-09  1.82e-08  2753s
 142   1.64632548e+00  1.64721893e+00  5.55e-04 1.19e-09  1.82e-08  2767s
 143   1.64633909e+00  1.64722480e+00  5.47e-04 1.17e-09  1.80e-08  2779s
 144   1.64634513e+00  1.64722428e+00  5.43e-04 1.08e-09  1.79e-08  2788s
 145   1.64634680e+00  1.64722427e+00  5.42e-04 1.08e-09  1.78e-08  2798s
 146   1.64636603e+00  1.64722371e+00  5.30e-04 1.09e-09  1.74e-08  2811s
 147   1.64637711e+00  1.64722296e+00  5.23e-04 8.41e-10  1.72e-08  2820s
 148   1.64638410e+00  1.64722228e+00  5.18e-04 8.56e-10  1.71e-08  2829s
 149   1.64638428e+00  1.64722227e+00  5.18e-04 8.40e-10  1.71e-08  2840s
 150   1.64639391e+00  1.64722178e+00  5.12e-04 8.19e-10  1.68e-08  2853s
 151   1.64639716e+00  1.64722114e+00  5.10e-04 8.30e-10  1.68e-08  2863s
 152   1.64640869e+00  1.64722081e+00  5.02e-04 8.18e-10  1.65e-08  2875s
 153   1.64640899e+00  1.64722076e+00  5.02e-04 8.21e-10  1.65e-08  2886s
 154   1.64641008e+00  1.64722075e+00  5.02e-04 8.26e-10  1.65e-08  2893s
 155   1.64641131e+00  1.64722061e+00  5.01e-04 8.59e-10  1.65e-08  2908s
 156   1.64642706e+00  1.64722616e+00  4.91e-04 8.04e-10  1.62e-08  2919s
 157   1.64642752e+00  1.64722613e+00  4.90e-04 8.17e-10  1.62e-08  2927s
 158   1.64642752e+00  1.64722613e+00  4.90e-04 8.17e-10  1.62e-08  2934s
 159   1.64642814e+00  1.64722679e+00  4.90e-04 6.63e-10  1.62e-08  2954s
 160   1.64642968e+00  1.64722607e+00  4.89e-04 6.40e-10  1.62e-08  2967s
 161   1.64643119e+00  1.64722520e+00  4.88e-04 6.36e-10  1.61e-08  2978s
 162   1.64643119e+00  1.64722520e+00  4.88e-04 6.36e-10  1.61e-08  2988s
 163   1.64643152e+00  1.64723373e+00  4.88e-04 5.93e-10  1.63e-08  3005s
 164   1.64643153e+00  1.64723372e+00  4.88e-04 5.93e-10  1.63e-08  3020s
 165   1.64643220e+00  1.64723345e+00  4.87e-04 6.09e-10  1.63e-08  3034s
 166   1.64643315e+00  1.64723294e+00  4.87e-04 8.30e-10  1.62e-08  3048s
 167   1.64644096e+00  1.64723260e+00  4.82e-04 9.17e-10  1.61e-08  3057s
 168   1.64644443e+00  1.64723164e+00  4.80e-04 8.85e-10  1.60e-08  3069s
 169   1.64644842e+00  1.64723138e+00  4.77e-04 8.89e-10  1.59e-08  3079s
 170   1.64645493e+00  1.64723082e+00  4.73e-04 8.78e-10  1.57e-08  3090s
 171   1.64645527e+00  1.64723053e+00  4.73e-04 8.76e-10  1.57e-08  3106s
 172   1.64645527e+00  1.64723052e+00  4.73e-04 8.75e-10  1.57e-08  3119s
 173   1.64645527e+00  1.64723052e+00  4.73e-04 8.75e-10  1.57e-08  3128s
 174   1.64645528e+00  1.64723051e+00  4.73e-04 8.75e-10  1.57e-08  3142s
 175   1.64646048e+00  1.64723050e+00  4.69e-04 8.65e-10  1.57e-08  3152s
 176   1.64646136e+00  1.64723024e+00  4.69e-04 8.59e-10  1.56e-08  3160s
 177   1.64646825e+00  1.64723330e+00  4.65e-04 7.26e-10  1.56e-08  3182s
 178   1.64646883e+00  1.64723230e+00  4.64e-04 8.11e-10  1.55e-08  3200s
 179   1.64646901e+00  1.64723219e+00  4.64e-04 8.10e-10  1.55e-08  3209s
 180   1.64646988e+00  1.64723195e+00  4.64e-04 8.05e-10  1.55e-08  3223s
 181   1.64647271e+00  1.64723178e+00  4.62e-04 8.43e-10  1.54e-08  3233s
 182   1.64647306e+00  1.64722896e+00  4.62e-04 1.83e-09  1.54e-08  3246s
 183   1.64649285e+00  1.64722811e+00  4.49e-04 1.82e-09  1.50e-08  3256s
 184   1.64649296e+00  1.64722748e+00  4.49e-04 1.78e-09  1.50e-08  3269s
 185   1.64650231e+00  1.64722717e+00  4.43e-04 1.76e-09  1.48e-08  3279s
 186   1.64650264e+00  1.64722704e+00  4.43e-04 1.75e-09  1.48e-08  3287s
 187   1.64650279e+00  1.64722694e+00  4.42e-04 1.75e-09  1.47e-08  3297s
 188   1.64650498e+00  1.64722693e+00  4.41e-04 1.75e-09  1.47e-08  3305s
 189   1.64650599e+00  1.64722620e+00  4.40e-04 1.69e-09  1.47e-08  3319s
 190   1.64650674e+00  1.64722531e+00  4.40e-04 1.64e-09  1.46e-08  3330s
 191   1.64650710e+00  1.64722514e+00  4.40e-04 1.63e-09  1.46e-08  3340s
 192   1.64651020e+00  1.64722507e+00  4.38e-04 1.63e-09  1.46e-08  3348s
 193   1.64651087e+00  1.64722482e+00  4.37e-04 1.61e-09  1.45e-08  3363s
 194   1.64651166e+00  1.64722434e+00  4.37e-04 1.58e-09  1.45e-08  3376s
 195   1.64651575e+00  1.64722373e+00  4.34e-04 1.54e-09  1.44e-08  3384s
 196   1.64651866e+00  1.64722294e+00  4.32e-04 1.51e-09  1.44e-08  3394s
 197   1.64652134e+00  1.64722110e+00  4.31e-04 1.40e-09  1.43e-08  3415s
 198   1.64652134e+00  1.64722109e+00  4.31e-04 1.40e-09  1.43e-08  3429s
 199   1.64653032e+00  1.64722043e+00  4.25e-04 1.38e-09  1.41e-08  3438s
 200   1.64670609e+00  1.64721821e+00  3.12e-04 1.26e-09  1.05e-08  3452s
 201   1.64670611e+00  1.64721799e+00  3.12e-04 1.26e-09  1.05e-08  3464s
 202   1.64670612e+00  1.64721798e+00  3.12e-04 1.26e-09  1.05e-08  3471s
 203   1.64670612e+00  1.64721777e+00  3.12e-04 1.25e-09  1.05e-08  3484s
 204   1.64670623e+00  1.64721775e+00  3.12e-04 1.25e-09  1.05e-08  3492s
 205   1.64670724e+00  1.64721631e+00  3.12e-04 1.18e-09  1.05e-08  3507s
 206   1.64670731e+00  1.64721631e+00  3.12e-04 1.13e-09  1.05e-08  3518s
 207   1.64670732e+00  1.64721630e+00  3.12e-04 1.13e-09  1.05e-08  3527s
 208   1.64670761e+00  1.64721618e+00  3.11e-04 1.12e-09  1.04e-08  3539s
 209   1.64670992e+00  1.64721517e+00  3.10e-04 1.09e-09  1.04e-08  3553s
 210   1.64671019e+00  1.64721382e+00  3.10e-04 1.01e-09  1.03e-08  3570s
 211   1.64671019e+00  1.64721383e+00  3.10e-04 1.01e-09  1.03e-08  3584s
 212   1.64671038e+00  1.64721379e+00  3.10e-04 1.01e-09  1.03e-08  3594s
 213   1.64672129e+00  1.64721457e+00  3.03e-04 9.35e-10  1.01e-08  3607s
 214   1.64672159e+00  1.64721410e+00  3.02e-04 9.93e-10  1.01e-08  3615s
 215   1.64673311e+00  1.64724664e+00  2.96e-04 6.79e-10  1.05e-08  3627s
 216   1.64673314e+00  1.64724659e+00  2.96e-04 6.78e-10  1.05e-08  3636s
 217   1.64673317e+00  1.64724659e+00  2.96e-04 6.85e-10  1.05e-08  3647s
 218   1.64674748e+00  1.64724155e+00  2.87e-04 6.07e-10  1.01e-08  3662s
 219   1.64674749e+00  1.64724157e+00  2.87e-04 6.07e-10  1.01e-08  3673s
 220   1.64675445e+00  1.64723633e+00  2.83e-04 5.48e-10  9.91e-09  3694s
 221   1.64675498e+00  1.64723579e+00  2.82e-04 5.43e-10  9.89e-09  3705s
 222   1.64675503e+00  1.64723564e+00  2.82e-04 5.41e-10  9.88e-09  3716s
 223   1.64675635e+00  1.64723523e+00  2.81e-04 5.36e-10  9.85e-09  3729s
 224   1.64675875e+00  1.64723367e+00  2.80e-04 5.15e-10  9.77e-09  3747s
 225   1.64675880e+00  1.64723158e+00  2.80e-04 5.04e-10  9.73e-09  3759s
 226   1.64675906e+00  1.64723105e+00  2.80e-04 5.04e-10  9.72e-09  3768s
 227   1.64675914e+00  1.64723348e+00  2.80e-04 4.87e-10  9.76e-09  3788s
 228   1.64675932e+00  1.64723318e+00  2.80e-04 5.17e-10  9.75e-09  3799s
 229   1.64676000e+00  1.64723098e+00  2.79e-04 4.94e-10  9.70e-09  3820s
 230   1.64676012e+00  1.64723077e+00  2.79e-04 4.92e-10  9.69e-09  3832s
 231   1.64676089e+00  1.64723053e+00  2.78e-04 4.89e-10  9.67e-09  3841s
 232   1.64676351e+00  1.64723006e+00  2.77e-04 4.73e-10  9.61e-09  3854s
 233   1.64676351e+00  1.64723000e+00  2.77e-04 4.73e-10  9.61e-09  3864s
 234   1.64677449e+00  1.64722952e+00  2.70e-04 4.39e-10  9.37e-09  3877s
 235   1.64677449e+00  1.64722950e+00  2.70e-04 4.39e-10  9.37e-09  3887s
 236   1.64677453e+00  1.64722943e+00  2.70e-04 4.38e-10  9.37e-09  3898s
 237   1.64677464e+00  1.64722803e+00  2.69e-04 4.40e-10  9.34e-09  3913s
 238   1.64677470e+00  1.64722767e+00  2.69e-04 4.52e-10  9.34e-09  3927s
 239   1.64677470e+00  1.64722766e+00  2.69e-04 4.52e-10  9.34e-09  3938s
 240   1.64678250e+00  1.64722736e+00  2.64e-04 4.56e-10  9.17e-09  3951s
 241   1.64678250e+00  1.64722667e+00  2.64e-04 4.56e-10  9.16e-09  3970s
 242   1.64678250e+00  1.64722661e+00  2.64e-04 4.56e-10  9.16e-09  3993s
 243   1.64678727e+00  1.64722420e+00  2.61e-04 4.28e-10  9.02e-09  4013s
 244   1.64679132e+00  1.64722174e+00  2.58e-04 4.03e-10  8.89e-09  4027s
 245   1.64679409e+00  1.64722111e+00  2.57e-04 4.18e-10  8.82e-09  4042s
 246   1.64679448e+00  1.64722053e+00  2.56e-04 4.42e-10  8.80e-09  4051s
 247   1.64679479e+00  1.64721940e+00  2.56e-04 4.58e-10  8.78e-09  4067s
 248   1.64679479e+00  1.64721940e+00  2.56e-04 4.58e-10  8.78e-09  4082s
 249   1.64679706e+00  1.64722797e+00  2.55e-04 4.29e-10  8.88e-09  4098s
 250   1.64680002e+00  1.64722727e+00  2.53e-04 4.22e-10  8.80e-09  4113s
 251   1.64680042e+00  1.64722622e+00  2.52e-04 3.83e-10  8.77e-09  4125s
 252   1.64680142e+00  1.64722561e+00  2.52e-04 3.96e-10  8.74e-09  4134s
 253   1.64680150e+00  1.64722465e+00  2.52e-04 3.99e-10  8.72e-09  4145s
 254   1.64683188e+00  1.64723058e+00  2.32e-04 3.09e-10  8.20e-09  4158s
 255   1.64683640e+00  1.64722469e+00  2.28e-04 1.63e-09  8.00e-09  4169s
 256   1.64683665e+00  1.64721566e+00  2.28e-04 1.32e-09  7.83e-09  4183s
 257   1.64683666e+00  1.64721553e+00  2.28e-04 1.24e-09  7.83e-09  4193s
 258   1.64683670e+00  1.64721419e+00  2.28e-04 1.26e-09  7.81e-09  4206s
 259   1.64683762e+00  1.64721210e+00  2.28e-04 1.20e-09  7.75e-09  4217s
 260   1.64683830e+00  1.64721200e+00  2.27e-04 1.20e-09  7.74e-09  4228s
 261   1.64683832e+00  1.64721199e+00  2.27e-04 1.20e-09  7.74e-09  4238s
 262   1.64689903e+00  1.64721041e+00  1.90e-04 1.14e-09  6.60e-09  4251s
 263   1.64689989e+00  1.64720466e+00  1.90e-04 9.40e-10  6.49e-09  4273s
 264   1.64689989e+00  1.64720450e+00  1.90e-04 9.39e-10  6.48e-09  4285s
 265   1.64689989e+00  1.64720444e+00  1.90e-04 9.37e-10  6.48e-09  4297s
 266   1.64690243e+00  1.64720434e+00  1.88e-04 9.35e-10  6.43e-09  4309s
 267   1.64690266e+00  1.64720322e+00  1.88e-04 8.99e-10  6.40e-09  4322s
 268   1.64690409e+00  1.64720076e+00  1.87e-04 8.22e-10  6.33e-09  4342s
 269   1.64690427e+00  1.64720076e+00  1.87e-04 8.22e-10  6.33e-09  4353s
 270   1.64690428e+00  1.64720057e+00  1.87e-04 8.16e-10  6.32e-09  4364s
 271   1.64690443e+00  1.64720059e+00  1.86e-04 7.65e-10  6.32e-09  4377s
 272   1.64690478e+00  1.64720051e+00  1.86e-04 7.63e-10  6.31e-09  4386s
 273   1.64690494e+00  1.64719967e+00  1.86e-04 7.61e-10  6.30e-09  4397s
 274   1.64690529e+00  1.64719935e+00  1.86e-04 8.80e-10  6.28e-09  4410s
 275   1.64690533e+00  1.64719833e+00  1.86e-04 8.51e-10  6.26e-09  4422s
 276   1.64690533e+00  1.64719824e+00  1.86e-04 8.49e-10  6.26e-09  4436s
 277   1.64690542e+00  1.64719808e+00  1.86e-04 8.42e-10  6.26e-09  4448s
 278   1.64690546e+00  1.64719807e+00  1.86e-04 8.41e-10  6.26e-09  4459s

Barrier solved model in 278 iterations and 4459.00 seconds (2569.52 work units)
Optimal objective 1.64690409e+00

