Set parameter Username
Academic license - for non-commercial use only - expires 2027-02-09
Set parameter Threads to value 4
Set parameter Method to value 2
Set parameter BarOrder to value 1
Set parameter BarHomogeneous to value 1
Set parameter NumericFocus to value 2
Set parameter Crossover to value 0
Gurobi Optimizer version 9.5.1 build v9.5.1rc2 (linux64)
Thread count: 32 physical cores, 64 logical processors, using up to 4 threads
Optimize a model with 1456523 rows, 635984 columns and 10581354 nonzeros
Model fingerprint: 0xb8e42a71
Coefficient statistics:
  Matrix range     [2e-04, 3e+00]
  Objective range  [1e+00, 1e+00]
  Bounds range     [0e+00, 0e+00]
  RHS range        [7e-04, 1e+00]
Presolve removed 511050 rows and 660135 columns (presolve time = 5s) ...
Presolve removed 511050 rows and 660135 columns
Presolve time: 6.15s
Presolved: 124934 rows, 796388 columns, 5647752 nonzeros
Ordering time: 0.13s

Barrier statistics:
 Dense cols : 88
 AA' NZ     : 5.462e+05
 Factor NZ  : 1.633e+06 (roughly 300 MB of memory)
 Factor Ops : 8.093e+07 (less than 1 second per iteration)
 Threads    : 4

                  Objective                Residual
Iter       Primal          Dual         Primal    Dual     Compl     Time
   0   9.05649420e+06  0.00000000e+00  1.62e+08 0.00e+00  1.00e+06    12s
   1   8.39909829e+06  1.04205704e+02  1.50e+08 8.24e+02  9.33e+05    13s
   2   7.83199419e+06  1.12387565e+02  1.40e+08 8.61e+02  8.70e+05    14s
   3   7.14245831e+06  1.11432339e+02  1.27e+08 8.39e+02  8.00e+05    15s
   4   6.41815505e+06  1.24086282e+02  1.15e+08 8.05e+02  7.30e+05    15s
   5   5.82437686e+06  1.28929420e+02  1.04e+08 7.48e+02  6.66e+05    16s
   6   5.37898985e+06  1.19015386e+02  9.60e+07 6.79e+02  6.10e+05    17s
   7   5.00824523e+06  9.49378209e+01  8.93e+07 6.18e+02  5.63e+05    18s
   8   4.70104393e+06  7.37175889e+01  8.39e+07 5.74e+02  5.26e+05    20s
   9   4.45556968e+06  6.27905947e+01  7.95e+07 5.33e+02  4.95e+05    21s
  10   3.92654142e+06  6.74621271e+01  7.00e+07 5.02e+02  4.44e+05    22s
  11   3.32967042e+06  5.50845461e+01  5.93e+07 4.75e+02  3.87e+05    23s
  12   3.07687501e+06  3.22453576e+01  5.48e+07 4.45e+02  3.51e+05    24s
  13   2.80665607e+06  2.07451722e+01  4.99e+07 4.19e+02  3.16e+05    25s
  14   2.67599867e+06  1.39727516e+01  4.75e+07 3.99e+02  2.96e+05    26s
  15   2.39043433e+06  8.84942873e+00  4.23e+07 3.66e+02  2.54e+05    27s
  16   2.05993196e+06  1.05554626e+01  3.63e+07 3.24e+02  2.05e+05    28s
  17   1.50531142e+06  9.38909094e+00  2.63e+07 2.75e+02  1.39e+05    29s
  18   1.02185967e+06  6.34554011e+00  1.77e+07 2.32e+02  8.74e+04    30s
  19   7.60250605e+05  3.95740006e+00  1.31e+07 1.79e+02  5.48e+04    31s
  20   5.35037215e+05  2.61153944e+00  9.18e+06 1.32e+02  3.09e+04    32s
  21   3.80777450e+05  1.93772058e+00  6.50e+06 1.07e+02  1.89e+04    33s
  22   2.04191611e+05  1.16613269e+00  3.48e+06 7.51e+01  7.69e+03    34s
  23   7.99890719e+04  5.61131698e-01  1.36e+06 4.71e+01  2.12e+03    35s
  24   2.08450677e+04  2.48181273e-01  3.52e+05 2.33e+01  3.01e+02    36s
  25   2.00461671e+03  1.11586115e-01  3.40e+04 1.11e+01  1.53e+01    38s
  26   1.30071234e+03  6.25032896e-02  2.20e+04 7.47e+00  7.29e+00    39s
  27   9.97226087e+02  3.54999080e-02  1.69e+04 3.97e+00  3.21e+00    40s
  28   3.64833572e+02  2.89111237e-02  6.16e+03 3.03e+00  9.85e-01    41s
  29   1.73975273e+02  2.80408176e-02  2.93e+03 1.14e+00  2.04e-01    42s
  30   1.16521005e+02  2.77542470e-02  1.96e+03 6.76e-01  9.20e-02    43s
  31   8.93652029e+01  2.82930314e-02  1.51e+03 4.98e-01  5.75e-02    44s
  32   6.81153652e+01  3.67433350e-02  1.15e+03 4.01e-01  4.04e-02    46s
  33   3.77006148e+01  5.84159882e-02  6.34e+02 2.70e-01  1.93e-02    47s
  34   1.51839624e+01  2.33371677e-01  2.40e+02 1.63e-01  5.50e-03    48s
  35   6.49063212e+00  9.84666273e-01  8.46e+01 9.28e-02  1.26e-03    49s
  36   5.67315959e+00  1.21842906e+00  7.00e+01 6.09e-02  7.52e-04    51s
  37   4.86263350e+00  1.27748132e+00  5.57e+01 5.34e-02  5.63e-04    52s
  38   4.34361982e+00  1.37472538e+00  4.66e+01 4.14e-02  3.93e-04    53s
  39   4.15766440e+00  1.43037899e+00  4.33e+01 3.45e-02  3.16e-04    55s
  40   3.50283817e+00  1.51864162e+00  3.17e+01 2.36e-02  1.79e-04    56s
  41   3.07610226e+00  1.56202102e+00  2.41e+01 1.83e-02  1.18e-04    57s
  42   2.91531659e+00  1.57038442e+00  2.12e+01 1.73e-02  1.05e-04    59s
  43   2.67568619e+00  1.61464834e+00  1.70e+01 1.25e-02  7.12e-05    60s
  44   2.23727274e+00  1.68209101e+00  8.76e+00 7.60e-03  3.42e-05    61s
  45   2.05235155e+00  1.68210453e+00  5.61e+00 4.43e-03  1.94e-05    63s
  46   1.98423290e+00  1.68252816e+00  4.63e+00 3.41e-03  1.51e-05    64s
  47   1.94652782e+00  1.67545395e+00  4.13e+00 2.64e-03  1.29e-05    66s
  48   1.92114238e+00  1.66608577e+00  3.79e+00 1.94e-03  1.11e-05    67s
  49   1.87573620e+00  1.65944862e+00  3.16e+00 1.27e-03  8.33e-06    69s
  50   1.81384361e+00  1.65736543e+00  2.28e+00 8.66e-04  5.68e-06    70s
  51   1.74666668e+00  1.65431323e+00  1.34e+00 4.77e-04  3.19e-06    72s
  52   1.72044468e+00  1.65334413e+00  9.80e-01 3.87e-04  2.45e-06    73s
  53   1.70486239e+00  1.65282704e+00  7.58e-01 3.40e-04  2.05e-06    74s
  54   1.69984720e+00  1.65211905e+00  6.86e-01 2.71e-04  1.77e-06    75s
  55   1.69812683e+00  1.65210504e+00  6.56e-01 2.68e-04  1.73e-06    76s
  56   1.68800998e+00  1.65173089e+00  5.17e-01 2.09e-04  1.37e-06    77s
  57   1.68390199e+00  1.65170218e+00  4.55e-01 2.03e-04  1.28e-06    78s
  58   1.67912674e+00  1.65100152e+00  3.94e-01 1.56e-04  1.07e-06    79s
  59   1.67717584e+00  1.65093285e+00  3.60e-01 1.45e-04  1.01e-06    80s
  60   1.67392735e+00  1.65062548e+00  3.18e-01 1.38e-04  9.31e-07    81s
  61   1.66930506e+00  1.65039866e+00  2.58e-01 1.13e-04  7.69e-07    82s
  62   1.66794822e+00  1.65078544e+00  2.37e-01 9.01e-05  6.46e-07    84s
  63   1.66249431e+00  1.65045410e+00  1.71e-01 7.33e-05  4.91e-07    85s
  64   1.66064569e+00  1.65005198e+00  1.49e-01 6.04e-05  4.24e-07    86s
  65   1.65664972e+00  1.64933453e+00  1.01e-01 3.85e-05  2.89e-07    87s
  66   1.65481445e+00  1.64892023e+00  7.90e-02 2.62e-05  2.20e-07    88s
  67   1.65215417e+00  1.64864157e+00  4.75e-02 1.79e-05  1.41e-07    90s
  68   1.65119123e+00  1.64841371e+00  3.63e-02 1.21e-05  1.06e-07    91s
  69   1.64949893e+00  1.64827217e+00  1.67e-02 7.89e-06  5.69e-08    93s
  70   1.64906152e+00  1.64811016e+00  1.19e-02 4.31e-06  3.85e-08    95s
  71   1.64865455e+00  1.64807232e+00  7.61e-03 3.37e-06  2.64e-08    97s
  72   1.64858114e+00  1.64802983e+00  6.85e-03 2.50e-06  2.27e-08    99s
  73   1.64840032e+00  1.64798609e+00  5.00e-03 1.64e-06  1.63e-08   101s
  74   1.64823086e+00  1.64794371e+00  3.26e-03 7.73e-07  1.01e-08   105s
  75   1.64822386e+00  1.64792389e+00  3.19e-03 3.77e-07  9.01e-09   108s
  76   1.64800997e+00  1.64791610e+00  1.02e-03 2.01e-07  3.14e-09   112s
  77   1.64800878e+00  1.64791153e+00  1.01e-03 1.09e-07  2.90e-09   113s
  78   1.64800450e+00  1.64790945e+00  9.67e-04 6.52e-08  2.69e-09   114s
  79   1.64798722e+00  1.64790817e+00  7.96e-04 3.80e-08  2.18e-09   115s
  80   1.64798383e+00  1.64790747e+00  7.62e-04 2.21e-08  2.05e-09   116s
  81   1.64797838e+00  1.64790712e+00  7.09e-04 1.33e-08  1.89e-09   118s
  82   1.64797440e+00  1.64790696e+00  6.69e-04 8.21e-09  1.77e-09   120s
  83   1.64797306e+00  1.64790693e+00  6.56e-04 6.10e-09  1.73e-09   122s
  84   1.64797137e+00  1.64790693e+00  6.39e-04 4.92e-09  1.68e-09   124s
  85   1.64796818e+00  1.64790694e+00  6.08e-04 3.04e-09  1.59e-09   127s
  86   1.64796609e+00  1.64790699e+00  5.87e-04 1.66e-09  1.53e-09   130s
  87   1.64796582e+00  1.64790703e+00  5.84e-04 8.85e-10  1.52e-09   132s
  88   1.64796285e+00  1.64790705e+00  5.55e-04 4.88e-10  1.44e-09   136s
  89   1.64796229e+00  1.64790706e+00  5.49e-04 4.48e-10  1.42e-09   138s
  90   1.64796090e+00  1.64790706e+00  5.35e-04 3.64e-10  1.39e-09   142s
  91   1.64796020e+00  1.64790708e+00  5.28e-04 2.54e-10  1.37e-09   144s
  92   1.64795821e+00  1.64790709e+00  5.08e-04 1.30e-10  1.32e-09   147s
  93   1.64795820e+00  1.64790710e+00  5.08e-04 7.70e-11  1.32e-09   149s
  94   1.64795731e+00  1.64790711e+00  4.99e-04 5.63e-11  1.29e-09   153s
  95   1.64795723e+00  1.64790711e+00  4.99e-04 8.10e-11  1.29e-09   155s
  96   1.64795709e+00  1.64790711e+00  4.97e-04 1.54e-10  1.29e-09   157s
  97   1.64795696e+00  1.64790711e+00  4.96e-04 8.14e-11  1.28e-09   159s
  98   1.64795680e+00  1.64790711e+00  4.94e-04 8.07e-11  1.28e-09   161s
  99   1.64795674e+00  1.64790712e+00  4.94e-04 1.60e-11  1.28e-09   165s
 100   1.64795663e+00  1.64790712e+00  4.93e-04 3.23e-11  1.27e-09   166s
 101   1.64795654e+00  1.64790712e+00  4.92e-04 7.95e-11  1.27e-09   168s
 102   1.64795652e+00  1.64790712e+00  4.92e-04 8.16e-11  1.27e-09   170s
 103   1.64795652e+00  1.64790712e+00  4.92e-04 1.98e-11  1.27e-09   171s
 104   1.64795651e+00  1.64790712e+00  4.91e-04 1.98e-11  1.27e-09   173s
 105   1.64795649e+00  1.64790712e+00  4.91e-04 1.68e-11  1.27e-09   174s
 106   1.64795647e+00  1.64790711e+00  4.91e-04 8.77e-11  1.27e-09   177s
 107   1.64795647e+00  1.64790706e+00  4.91e-04 1.14e-11  1.27e-09   180s
 108   1.64795646e+00  1.64790692e+00  4.91e-04 1.93e-11  1.28e-09   185s
 109   1.64795644e+00  1.64790672e+00  4.91e-04 3.78e-11  1.29e-09   188s
 110   1.64795634e+00  1.64790687e+00  4.90e-04 4.15e-12  1.28e-09   192s
 111   1.64795629e+00  1.64790697e+00  4.89e-04 2.18e-12  1.27e-09   197s
 112   1.64795496e+00  1.64790704e+00  4.76e-04 1.20e-12  1.24e-09   200s
 113   1.64795481e+00  1.64790708e+00  4.75e-04 9.12e-13  1.23e-09   203s
 114   1.64795454e+00  1.64790709e+00  4.72e-04 1.78e-12  1.22e-09   205s
 115   1.64795427e+00  1.64790711e+00  4.69e-04 4.85e-12  1.21e-09   209s
 116   1.64795387e+00  1.64790712e+00  4.65e-04 1.05e-12  1.20e-09   212s
 117   1.64795353e+00  1.64790712e+00  4.62e-04 5.49e-12  1.19e-09   214s
 118   1.64795349e+00  1.64790712e+00  4.61e-04 1.94e-12  1.19e-09   216s
 119   1.64795322e+00  1.64790712e+00  4.59e-04 5.26e-11  1.19e-09   218s
 120   1.64795287e+00  1.64790712e+00  4.55e-04 4.00e-12  1.18e-09   221s
 121   1.64795287e+00  1.64790712e+00  4.55e-04 8.33e-11  1.18e-09   223s
 122   1.64795286e+00  1.64790712e+00  4.55e-04 4.02e-12  1.18e-09   226s
 123   1.64795284e+00  1.64790709e+00  4.55e-04 6.18e-12  1.18e-09   228s
 124   1.64795282e+00  1.64790706e+00  4.55e-04 4.55e-12  1.18e-09   231s
 125   1.64795282e+00  1.64790695e+00  4.55e-04 6.89e-12  1.18e-09   237s
 126   1.64795274e+00  1.64790682e+00  4.54e-04 5.21e-12  1.19e-09   241s
 127   1.64795249e+00  1.64790694e+00  4.51e-04 3.18e-12  1.18e-09   247s
 128   1.64795238e+00  1.64790700e+00  4.50e-04 9.86e-12  1.17e-09   251s
 129   1.64795174e+00  1.64790706e+00  4.44e-04 1.34e-12  1.15e-09   255s
 130   1.64795149e+00  1.64790709e+00  4.42e-04 1.84e-11  1.14e-09   257s
 131   1.64795101e+00  1.64790709e+00  4.37e-04 1.57e-11  1.13e-09   260s
 132   1.64795092e+00  1.64790710e+00  4.36e-04 6.51e-12  1.13e-09   264s
 133   1.64795038e+00  1.64790711e+00  4.30e-04 3.14e-12  1.11e-09   266s
 134   1.64795032e+00  1.64790712e+00  4.30e-04 1.56e-12  1.11e-09   268s
 135   1.64795011e+00  1.64790712e+00  4.28e-04 5.93e-11  1.11e-09   271s
 136   1.64795006e+00  1.64790712e+00  4.27e-04 6.12e-11  1.11e-09   273s
 137   1.64794978e+00  1.64790712e+00  4.24e-04 4.59e-11  1.10e-09   275s
 138   1.64794966e+00  1.64790712e+00  4.23e-04 7.73e-11  1.10e-09   278s
 139   1.64794938e+00  1.64790713e+00  4.20e-04 8.07e-11  1.09e-09   280s
 140   1.64794934e+00  1.64790713e+00  4.20e-04 7.75e-11  1.09e-09   282s
 141   1.64794901e+00  1.64790713e+00  4.17e-04 8.11e-11  1.08e-09   283s
 142   1.64794901e+00  1.64790713e+00  4.17e-04 8.13e-11  1.08e-09   285s
 143   1.64794901e+00  1.64790712e+00  4.17e-04 9.34e-12  1.08e-09   287s
 144   1.64794901e+00  1.64790712e+00  4.17e-04 9.02e-11  1.08e-09   289s
 145   1.64794901e+00  1.64790703e+00  4.17e-04 2.75e-11  1.08e-09   291s
 146   1.64794901e+00  1.64790691e+00  4.17e-04 3.39e-11  1.09e-09   294s
 147   1.64794899e+00  1.64790668e+00  4.17e-04 8.60e-12  1.10e-09   299s
 148   1.64794879e+00  1.64790686e+00  4.15e-04 4.66e-12  1.08e-09   303s
 149   1.64794878e+00  1.64790691e+00  4.14e-04 2.63e-11  1.08e-09   306s
 150   1.64794877e+00  1.64790700e+00  4.14e-04 2.39e-11  1.08e-09   313s
 151   1.64794873e+00  1.64790706e+00  4.14e-04 1.24e-12  1.07e-09   318s
 152   1.64794854e+00  1.64790709e+00  4.12e-04 2.96e-11  1.07e-09   321s
 153   1.64794681e+00  1.64790710e+00  3.95e-04 1.03e-11  1.02e-09   323s
 154   1.64794668e+00  1.64790710e+00  3.94e-04 3.01e-12  1.02e-09   325s
 155   1.64794663e+00  1.64790711e+00  3.93e-04 1.70e-12  1.02e-09   328s
 156   1.64794601e+00  1.64790712e+00  3.87e-04 2.22e-11  1.00e-09   330s
 157   1.64794600e+00  1.64790712e+00  3.87e-04 2.68e-11  1.00e-09   333s
 158   1.64794581e+00  1.64790713e+00  3.85e-04 7.26e-11  9.97e-10   336s
 159   1.64794518e+00  1.64790713e+00  3.79e-04 8.09e-11  9.80e-10   338s
 160   1.64794449e+00  1.64790713e+00  3.72e-04 8.18e-11  9.63e-10   340s
 161   1.64794447e+00  1.64790713e+00  3.72e-04 1.60e-10  9.62e-10   342s
 162   1.64794446e+00  1.64790713e+00  3.72e-04 2.34e-10  9.62e-10   345s
 163   1.64794446e+00  1.64790713e+00  3.72e-04 6.58e-11  9.62e-10   347s
 164   1.64794446e+00  1.64790712e+00  3.72e-04 6.36e-11  9.62e-10   349s
 165   1.64794446e+00  1.64790701e+00  3.72e-04 3.87e-11  9.67e-10   352s
 166   1.64794446e+00  1.64790680e+00  3.72e-04 2.27e-11  9.76e-10   358s
 167   1.64794443e+00  1.64790672e+00  3.71e-04 4.10e-11  9.79e-10   361s
 168   1.64794435e+00  1.64790689e+00  3.70e-04 1.68e-11  9.69e-10   365s
 169   1.64794423e+00  1.64790699e+00  3.69e-04 3.76e-12  9.62e-10   368s
 170   1.64794423e+00  1.64790701e+00  3.69e-04 3.01e-12  9.61e-10   374s
 171   1.64794422e+00  1.64790674e+00  3.69e-04 1.18e-11  9.72e-10   378s
 172   1.64794408e+00  1.64790688e+00  3.68e-04 5.27e-12  9.63e-10   382s
 173   1.64794364e+00  1.64790697e+00  3.63e-04 2.57e-12  9.48e-10   386s
 174   1.64794299e+00  1.64790704e+00  3.57e-04 1.68e-12  9.28e-10   390s
 175   1.64794274e+00  1.64790708e+00  3.54e-04 4.17e-12  9.20e-10   392s
 176   1.64794269e+00  1.64790709e+00  3.54e-04 4.27e-12  9.18e-10   395s
 177   1.64794258e+00  1.64790711e+00  3.53e-04 5.19e-13  9.14e-10   398s
 178   1.64794219e+00  1.64790711e+00  3.49e-04 1.23e-11  9.04e-10   399s
 179   1.64794203e+00  1.64790712e+00  3.47e-04 5.99e-12  9.00e-10   402s
 180   1.64794136e+00  1.64790712e+00  3.41e-04 1.86e-11  8.83e-10   405s
 181   1.64794061e+00  1.64790712e+00  3.33e-04 1.08e-11  8.63e-10   407s
 182   1.64794052e+00  1.64790712e+00  3.32e-04 2.18e-11  8.61e-10   409s
 183   1.64793981e+00  1.64790712e+00  3.25e-04 6.70e-11  8.43e-10   411s
 184   1.64793912e+00  1.64790712e+00  3.18e-04 8.00e-11  8.25e-10   413s
 185   1.64793846e+00  1.64790713e+00  3.12e-04 1.54e-10  8.08e-10   415s
 186   1.64793818e+00  1.64790713e+00  3.09e-04 2.25e-10  8.00e-10   417s
 187   1.64793817e+00  1.64790713e+00  3.09e-04 2.84e-10  8.00e-10   419s
 188   1.64793816e+00  1.64790712e+00  3.09e-04 2.82e-12  8.00e-10   421s
 189   1.64793816e+00  1.64790712e+00  3.09e-04 2.83e-12  8.00e-10   423s
 190   1.64793794e+00  1.64790709e+00  3.07e-04 4.01e-12  7.98e-10   426s
 191   1.64793787e+00  1.64790710e+00  3.06e-04 2.55e-12  7.95e-10   428s
 192   1.64793780e+00  1.64790710e+00  3.05e-04 4.42e-12  7.94e-10   432s
 193   1.64793030e+00  1.64790711e+00  2.28e-04 4.76e-12  6.00e-10   434s
 194   1.64792990e+00  1.64790712e+00  2.24e-04 1.61e-12  5.89e-10   436s
 195   1.64792960e+00  1.64790712e+00  2.21e-04 3.94e-12  5.81e-10   439s
 196   1.64792959e+00  1.64790712e+00  2.21e-04 6.64e-11  5.81e-10   441s
 197   1.64792859e+00  1.64790713e+00  2.11e-04 1.39e-10  5.55e-10   445s
 198   1.64792825e+00  1.64790713e+00  2.08e-04 8.13e-11  5.46e-10   447s
 199   1.64792747e+00  1.64790713e+00  2.00e-04 1.56e-10  5.26e-10   450s
 200   1.64792747e+00  1.64790713e+00  2.00e-04 2.25e-10  5.26e-10   452s
 201   1.64792744e+00  1.64790712e+00  2.00e-04 2.23e-10  5.25e-10   453s
 202   1.64792742e+00  1.64790711e+00  2.00e-04 2.11e-11  5.26e-10   457s
 203   1.64792742e+00  1.64790698e+00  2.00e-04 7.39e-12  5.31e-10   462s
 204   1.64792700e+00  1.64790704e+00  1.96e-04 1.34e-11  5.18e-10   464s
 205   1.64792700e+00  1.64790708e+00  1.95e-04 4.71e-12  5.16e-10   468s
 206   1.64792700e+00  1.64790709e+00  1.95e-04 5.66e-12  5.16e-10   470s
 207   1.64792700e+00  1.64790697e+00  1.95e-04 2.03e-11  5.21e-10   473s
 208   1.64792699e+00  1.64790674e+00  1.95e-04 2.87e-11  5.31e-10   477s
 209   1.64792697e+00  1.64790690e+00  1.95e-04 3.57e-12  5.23e-10   480s
 210   1.64792682e+00  1.64790700e+00  1.94e-04 1.89e-12  5.15e-10   483s
 211   1.64792677e+00  1.64790705e+00  1.93e-04 3.07e-12  5.12e-10   485s
 212   1.64792674e+00  1.64790706e+00  1.93e-04 5.89e-12  5.10e-10   489s
 213   1.64792670e+00  1.64790708e+00  1.93e-04 2.40e-11  5.08e-10   492s
 214   1.64792636e+00  1.64790710e+00  1.89e-04 3.37e-12  4.99e-10   495s
 215   1.64792627e+00  1.64790711e+00  1.88e-04 5.74e-13  4.96e-10   498s
 216   1.64792593e+00  1.64790711e+00  1.85e-04 1.10e-12  4.87e-10   499s
 217   1.64792576e+00  1.64790712e+00  1.83e-04 5.89e-11  4.82e-10   502s
 218   1.64792535e+00  1.64790712e+00  1.79e-04 8.88e-11  4.72e-10   504s
 219   1.64792505e+00  1.64790713e+00  1.76e-04 3.33e-11  4.64e-10   506s
 220   1.64792495e+00  1.64790713e+00  1.75e-04 1.14e-10  4.61e-10   509s
 221   1.64792495e+00  1.64790713e+00  1.75e-04 1.92e-10  4.61e-10   510s
 222   1.64792494e+00  1.64790712e+00  1.75e-04 3.59e-11  4.61e-10   512s
 223   1.64792494e+00  1.64790711e+00  1.75e-04 1.05e-11  4.62e-10   515s
 224   1.64792494e+00  1.64790706e+00  1.75e-04 3.25e-11  4.64e-10   520s
 225   1.64792493e+00  1.64790709e+00  1.75e-04 4.47e-12  4.62e-10   523s
 226   1.64792484e+00  1.64790709e+00  1.74e-04 1.90e-12  4.60e-10   527s
 227   1.64792479e+00  1.64790710e+00  1.74e-04 9.79e-12  4.58e-10   530s
 228   1.64792471e+00  1.64790710e+00  1.73e-04 1.56e-12  4.56e-10   534s
 229   1.64792457e+00  1.64790712e+00  1.72e-04 1.15e-12  4.52e-10   535s
 230   1.64792455e+00  1.64790712e+00  1.71e-04 1.40e-12  4.51e-10   538s
 231   1.64792438e+00  1.64790712e+00  1.70e-04 4.06e-11  4.47e-10   540s
 232   1.64792407e+00  1.64790712e+00  1.67e-04 8.07e-11  4.39e-10   542s
 233   1.64792396e+00  1.64790712e+00  1.66e-04 1.94e-12  4.36e-10   545s
 234   1.64792396e+00  1.64790712e+00  1.66e-04 3.78e-12  4.36e-10   547s
 235   1.64792386e+00  1.64790712e+00  1.65e-04 2.65e-11  4.35e-10   549s
 236   1.64792385e+00  1.64790712e+00  1.65e-04 8.12e-11  4.34e-10   551s
 237   1.64792384e+00  1.64790712e+00  1.64e-04 8.12e-11  4.34e-10   553s
 238   1.64792374e+00  1.64790712e+00  1.63e-04 8.13e-11  4.31e-10   556s
 239   1.64792374e+00  1.64790712e+00  1.63e-04 8.14e-11  4.31e-10   559s
 240   1.64792373e+00  1.64790707e+00  1.63e-04 1.11e-10  4.33e-10   561s
 241   1.64792336e+00  1.64790710e+00  1.60e-04 1.65e-12  4.22e-10   564s
 242   1.64792280e+00  1.64790711e+00  1.54e-04 5.31e-11  4.07e-10   566s
 243   1.64792264e+00  1.64790712e+00  1.53e-04 2.51e-11  4.03e-10   568s
 244   1.64792246e+00  1.64790712e+00  1.51e-04 5.14e-11  3.98e-10   570s
 245   1.64791982e+00  1.64790712e+00  1.25e-04 1.28e-10  3.30e-10   572s
 246   1.64791978e+00  1.64790712e+00  1.24e-04 2.01e-10  3.29e-10   574s
 247   1.64791977e+00  1.64790712e+00  1.24e-04 2.69e-10  3.29e-10   577s
 248   1.64791976e+00  1.64790712e+00  1.24e-04 8.16e-11  3.28e-10   579s
 249   1.64791960e+00  1.64790712e+00  1.22e-04 8.14e-11  3.24e-10   581s
 250   1.64791956e+00  1.64790712e+00  1.22e-04 8.16e-11  3.23e-10   584s
 251   1.64791906e+00  1.64790712e+00  1.17e-04 1.59e-10  3.10e-10   586s
 252   1.64791902e+00  1.64790712e+00  1.17e-04 8.16e-11  3.09e-10   588s
 253   1.64791902e+00  1.64790713e+00  1.17e-04 1.59e-10  3.09e-10   590s
 254   1.64791902e+00  1.64790708e+00  1.17e-04 5.25e-11  3.11e-10   592s
 255   1.64791901e+00  1.64790687e+00  1.17e-04 3.93e-11  3.20e-10   595s
 256   1.64791894e+00  1.64790699e+00  1.16e-04 1.16e-11  3.13e-10   597s
 257   1.64791887e+00  1.64790705e+00  1.15e-04 1.24e-11  3.08e-10   600s
 258   1.64791880e+00  1.64790709e+00  1.15e-04 9.88e-12  3.05e-10   604s
 259   1.64791878e+00  1.64790710e+00  1.14e-04 1.81e-11  3.04e-10   607s
 260   1.64791869e+00  1.64790712e+00  1.14e-04 2.47e-11  3.01e-10   609s
 261   1.64791869e+00  1.64790712e+00  1.14e-04 8.17e-11  3.01e-10   613s
 262   1.64791869e+00  1.64790705e+00  1.14e-04 1.14e-10  3.03e-10   615s
 263   1.64791869e+00  1.64790678e+00  1.14e-04 5.96e-11  3.15e-10   620s
 264   1.64791867e+00  1.64790693e+00  1.13e-04 2.92e-12  3.08e-10   622s
 265   1.64791861e+00  1.64790702e+00  1.13e-04 1.05e-12  3.03e-10   625s
 266   1.64791859e+00  1.64790706e+00  1.13e-04 5.72e-11  3.01e-10   628s
 267   1.64791854e+00  1.64790709e+00  1.12e-04 5.39e-12  2.98e-10   632s
 268   1.64791854e+00  1.64790711e+00  1.12e-04 4.49e-12  2.97e-10   635s
 269   1.64791853e+00  1.64790712e+00  1.12e-04 5.10e-11  2.97e-10   638s
 270   1.64791849e+00  1.64790712e+00  1.12e-04 8.15e-11  2.96e-10   640s
 271   1.64791836e+00  1.64790712e+00  1.10e-04 8.13e-11  2.92e-10   642s
 272   1.64791824e+00  1.64790712e+00  1.09e-04 8.15e-11  2.89e-10   644s
 273   1.64791807e+00  1.64790712e+00  1.07e-04 1.56e-10  2.85e-10   646s
 274   1.64791806e+00  1.64790712e+00  1.07e-04 2.24e-10  2.84e-10   649s
 275   1.64791806e+00  1.64790712e+00  1.07e-04 2.89e-10  2.84e-10   651s
 276   1.64791806e+00  1.64790712e+00  1.07e-04 8.14e-11  2.84e-10   653s
 277   1.64791803e+00  1.64790712e+00  1.07e-04 8.17e-11  2.83e-10   654s
 278   1.64791774e+00  1.64790712e+00  1.04e-04 8.13e-11  2.76e-10   656s
 279   1.64791735e+00  1.64790713e+00  1.00e-04 8.16e-11  2.66e-10   659s
 280   1.64791732e+00  1.64790713e+00  1.00e-04 1.55e-10  2.65e-10   661s
 281   1.64791709e+00  1.64790713e+00  9.79e-05 2.26e-10  2.59e-10   664s
 282   1.64791708e+00  1.64790713e+00  9.78e-05 8.18e-11  2.59e-10   666s
 283   1.64791707e+00  1.64790713e+00  9.76e-05 1.38e-10  2.58e-10   669s
 284   1.64791705e+00  1.64790713e+00  9.74e-05 8.12e-11  2.58e-10   671s
 285   1.64791682e+00  1.64790713e+00  9.52e-05 8.20e-11  2.52e-10   673s
 286   1.64791675e+00  1.64790713e+00  9.45e-05 8.10e-11  2.50e-10   675s
 287   1.64791674e+00  1.64790713e+00  9.45e-05 1.14e-11  2.50e-10   679s
 288   1.64791665e+00  1.64790713e+00  9.35e-05 5.98e-11  2.47e-10   681s
 289   1.64791660e+00  1.64790713e+00  9.30e-05 8.57e-12  2.46e-10   683s
 290   1.64791659e+00  1.64790713e+00  9.30e-05 8.74e-12  2.46e-10   685s
 291   1.64791657e+00  1.64790713e+00  9.28e-05 5.11e-12  2.45e-10   688s
 292   1.64791302e+00  1.64790713e+00  5.78e-05 9.33e-12  1.53e-10   690s
 293   1.64791299e+00  1.64790713e+00  5.76e-05 4.47e-12  1.52e-10   692s
 294   1.64791059e+00  1.64790713e+00  3.40e-05 5.76e-12  8.98e-11   694s
 295   1.64790886e+00  1.64790713e+00  1.70e-05 1.46e-11  4.49e-11   696s
 296   1.64790852e+00  1.64790713e+00  1.36e-05 9.66e-12  3.60e-11   697s
 297   1.64790788e+00  1.64790713e+00  7.32e-06 2.06e-11  1.94e-11   698s
 298   1.64790781e+00  1.64790713e+00  6.69e-06 1.51e-11  1.77e-11   699s
 299   1.64790747e+00  1.64790713e+00  3.34e-06 1.12e-11  8.84e-12   700s
 300   1.64790730e+00  1.64790713e+00  1.67e-06 1.69e-11  4.42e-12   701s
 301   1.64790722e+00  1.64790713e+00  8.36e-07 1.87e-11  2.21e-12   702s
 302   1.64790718e+00  1.64790713e+00  4.18e-07 7.05e-12  1.11e-12   704s
 303   1.64790718e+00  1.64790713e+00  4.16e-07 2.29e-12  1.10e-12   705s
 304   1.64790715e+00  1.64790713e+00  2.08e-07 2.88e-12  5.50e-13   706s

Barrier solved model in 304 iterations and 706.12 seconds (602.79 work units)
Optimal objective 1.64790715e+00

