Set parameter Username
Academic license - for non-commercial use only - expires 2027-02-09
Set parameter Threads to value 4
Set parameter Method to value 2
Set parameter BarOrder to value 1
Set parameter BarHomogeneous to value 1
Set parameter NumericFocus to value 2
Set parameter Crossover to value 0
Gurobi Optimizer version 9.5.1 build v9.5.1rc2 (linux64)
Thread count: 32 physical cores, 64 logical processors, using up to 4 threads
Optimize a model with 16159912 rows, 19583789 columns and 120893163 nonzeros
Model fingerprint: 0x8e390d01
Coefficient statistics:
  Matrix range     [2e-04, 3e+00]
  Objective range  [1e+00, 1e+00]
  Bounds range     [0e+00, 0e+00]
  RHS range        [7e-04, 1e+00]
Presolve removed 268037 rows and 0 columns (presolve time = 12s) ...
Presolve removed 3177812 rows and 16905099 columns (presolve time = 15s) ...
Presolve removed 3177812 rows and 16905099 columns (presolve time = 21s) ...
Presolve removed 3177812 rows and 16905099 columns (presolve time = 26s) ...
Presolve removed 6792751 rows and 16905099 columns (presolve time = 35s) ...
Presolve removed 6797652 rows and 16910000 columns (presolve time = 43s) ...
Presolve removed 7187652 rows and 17300000 columns (presolve time = 45s) ...
Presolve removed 7188348 rows and 17300696 columns (presolve time = 71s) ...
Presolve removed 7188350 rows and 17300697 columns (presolve time = 76s) ...
Presolve removed 7966805 rows and 17300697 columns (presolve time = 81s) ...
Presolve removed 7966805 rows and 17300697 columns (presolve time = 85s) ...
Presolve removed 7966805 rows and 17300697 columns (presolve time = 93s) ...
Presolve removed 7966805 rows and 17300697 columns
Presolve time: 95.22s
Presolved: 8193107 rows, 2283092 columns, 58312996 nonzeros
Elapsed ordering time = 5s
Elapsed ordering time = 11s
Ordering time: 12.40s

Barrier statistics:
 Dense cols : 425
 AA' NZ     : 3.000e+08
 Factor NZ  : 4.471e+08 (roughly 8.0 GB of memory)
 Factor Ops : 4.884e+10 (roughly 2 seconds per iteration)
 Threads    : 4

                  Objective                Residual
Iter       Primal          Dual         Primal    Dual     Compl     Time
   0   3.36984219e+00  6.25000000e+01  1.00e+08 6.25e-02  1.00e+06  10606s
   1   3.67788172e+00  6.41260769e+05  9.28e+07 8.11e+02  9.31e+05  10629s
   2   6.72393601e+00  1.23760758e+07  8.39e+07 5.87e+02  7.60e+05  10657s
   3   1.00506229e+01  9.65309208e+06  5.59e+07 3.47e+02  4.90e+05  10695s
   4   3.86991630e+00  9.29315202e+05  2.92e+06 3.51e+01  3.58e+03  10735s
   5   3.72029043e+00  2.82868102e+05  1.38e+06 1.02e+01  7.61e+02  10782s
   6   3.64940730e+00  1.05009095e+05  6.46e+05 3.65e+00  2.20e+02  10816s
   7   3.63067112e+00  8.33164159e+04  5.31e+05 2.86e+00  1.66e+02  10849s
   8   3.60477756e+00  5.85273600e+04  3.99e+05 1.96e+00  1.10e+02  10879s
   9   3.57548247e+00  4.01560044e+04  2.72e+05 1.32e+00  6.84e+01  10910s
  10   3.54540368e+00  3.12434872e+04  2.11e+05 1.02e+00  5.05e+01  10950s
  11   3.50943151e+00  2.13753737e+04  1.81e+05 6.94e-01  4.08e+01  10999s
  12   3.11504788e+00  1.27892113e+04  1.51e+05 4.10e-01  3.24e+01  11053s
  13   2.78655193e+00  9.00451676e+03  1.21e+05 3.02e-01  2.52e+01  11104s
  14   2.54146399e+00  7.08881717e+03  9.31e+04 2.41e-01  1.94e+01  11160s
  15   2.52284013e+00  4.41231141e+03  7.26e+04 1.49e-01  1.42e+01  11220s
  16   2.53714044e+00  2.21580625e+03  5.38e+04 7.40e-02  9.94e+00  11275s
  17   2.56956029e+00  1.05829638e+03  3.66e+04 3.51e-02  6.54e+00  11336s
  18   2.62415328e+00  5.54193018e+02  2.39e+04 1.82e-02  4.18e+00  11387s
  19   2.70961985e+00  3.37603453e+02  1.61e+04 1.10e-02  2.78e+00  11428s
  20   2.86672186e+00  2.65211641e+02  1.21e+04 8.40e-03  2.05e+00  11465s
  21   3.03874794e+00  2.27551516e+02  9.57e+03 6.91e-03  1.56e+00  11499s
  22   3.25928464e+00  1.88426504e+02  6.45e+03 5.41e-03  9.92e-01  11535s
  23   3.35767142e+00  1.13483348e+02  3.20e+03 2.77e-03  3.75e-01  11576s
  24   3.21609857e+00  7.07095477e+01  1.69e+03 1.53e-03  1.45e-01  11630s
  25   2.87792593e+00  4.25437862e+01  6.27e+02 8.47e-04  3.85e-02  11690s
  26   2.81597140e+00  3.87971377e+01  5.26e+02 7.67e-04  3.10e-02  11756s
  27   2.65994745e+00  3.16062840e+01  4.77e+02 6.13e-04  2.61e-02  11833s
  28   2.54007295e+00  2.39364042e+01  4.13e+02 4.54e-04  2.03e-02  11909s
  29   2.29541837e+00  1.68295745e+01  2.95e+02 3.04e-04  1.21e-02  11990s
  30   1.93894130e+00  9.14117150e+00  1.42e+02 1.46e-04  3.86e-03  12071s
  31   1.66510773e+00  4.76492255e+00  2.74e+01 6.01e-05  4.92e-04  12139s
  32   1.61147073e+00  3.70231244e+00  1.32e+01 3.90e-05  2.15e-04  12191s
  33   1.60122585e+00  3.11640953e+00  1.06e+01 2.82e-05  1.51e-04  12244s
  34   1.59169969e+00  2.78932484e+00  8.78e+00 2.23e-05  1.14e-04  12286s
  35   1.59053991e+00  2.60759965e+00  8.36e+00 1.90e-05  9.95e-05  12317s
  36   1.58537321e+00  2.50996243e+00  7.35e+00 1.73e-05  8.46e-05  12348s
  37   1.57875218e+00  2.39133266e+00  6.15e+00 1.52e-05  6.83e-05  12387s
  38   1.56666013e+00  2.18578612e+00  4.43e+00 1.15e-05  4.60e-05  12442s
  39   1.55374596e+00  2.02568628e+00  3.02e+00 8.75e-06  3.04e-05  12498s
  40   1.53641275e+00  1.92360511e+00  2.10e+00 7.09e-06  2.20e-05  12570s
  41   1.52127613e+00  1.84663432e+00  1.55e+00 5.88e-06  1.71e-05  12633s
  42   1.48942392e+00  1.79751801e+00  9.63e-01 5.14e-06  1.36e-05  12701s
  43   1.47423796e+00  1.67202300e+00  5.98e-01 3.28e-06  8.37e-06  12771s
  44   1.47160882e+00  1.62429455e+00  4.68e-01 2.50e-06  6.19e-06  12834s
  45   1.47104453e+00  1.61135770e+00  3.86e-01 2.29e-06  5.40e-06  12908s
  46   1.47758366e+00  1.60121151e+00  3.42e-01 2.07e-06  4.74e-06  12980s
  47   1.48575149e+00  1.59110139e+00  2.83e-01 1.84e-06  4.00e-06  13053s
  48   1.48786366e+00  1.58479596e+00  2.71e-01 1.65e-06  3.59e-06  13134s
  49   1.49712964e+00  1.57416795e+00  2.22e-01 1.31e-06  2.73e-06  13221s
  50   1.49806151e+00  1.57123511e+00  2.09e-01 1.09e-06  2.30e-06  13327s
  51   1.50656147e+00  1.57074525e+00  1.83e-01 9.82e-07  2.00e-06  13428s
  52   1.51215291e+00  1.57090572e+00  1.67e-01 8.91e-07  1.79e-06  13530s
  53   1.51779014e+00  1.57223818e+00  1.54e-01 8.24e-07  1.63e-06  13636s
  54   1.52318857e+00  1.57530514e+00  1.46e-01 7.34e-07  1.46e-06  13747s
  55   1.52616445e+00  1.57652440e+00  1.41e-01 7.01e-07  1.39e-06  13850s
  56   1.53401124e+00  1.57969364e+00  1.30e-01 6.42e-07  1.26e-06  13986s
  57   1.53687482e+00  1.58358607e+00  1.25e-01 5.80e-07  1.16e-06  14091s
  58   1.54520998e+00  1.58473592e+00  1.14e-01 5.64e-07  1.09e-06  14209s
  59   1.55016431e+00  1.58893675e+00  1.07e-01 5.12e-07  1.00e-06  14373s
  60   1.56000066e+00  1.59283133e+00  9.47e-02 4.66e-07  8.97e-07  14551s
  61   1.56937606e+00  1.59706915e+00  8.30e-02 4.20e-07  7.96e-07  14759s
  62   1.57563836e+00  1.60249549e+00  7.47e-02 3.66e-07  7.01e-07  14923s
  63   1.57887079e+00  1.60424237e+00  7.05e-02 3.48e-07  6.63e-07  15069s
  64   1.58158042e+00  1.60614235e+00  6.68e-02 4.02e-07  6.21e-07  15186s
  65   1.58446738e+00  1.60720993e+00  6.31e-02 3.85e-07  5.92e-07  15275s
  66   1.58619326e+00  1.60779357e+00  6.08e-02 3.72e-07  5.74e-07  15351s
  67   1.58857920e+00  1.60917642e+00  5.74e-02 3.24e-07  5.40e-07  15446s
  68   1.59117378e+00  1.60987519e+00  5.35e-02 3.11e-07  5.11e-07  15578s
  69   1.59138255e+00  1.60997263e+00  5.32e-02 3.10e-07  5.08e-07  15638s
  70   1.59378457e+00  1.61015345e+00  4.95e-02 3.08e-07  4.91e-07  15704s
  71   1.59415440e+00  1.61104193e+00  4.90e-02 3.23e-07  4.71e-07  15781s
  72   1.59601422e+00  1.61199764e+00  4.55e-02 3.19e-07  4.41e-07  15886s
  73   1.59601418e+00  1.61199651e+00  4.55e-02 3.19e-07  4.41e-07  15945s
  74   1.59602847e+00  1.61202372e+00  4.55e-02 3.17e-07  4.41e-07  16008s
  75   1.59663588e+00  1.61262659e+00  4.46e-02 3.44e-07  4.27e-07  16077s
  76   1.59693175e+00  1.61331118e+00  4.42e-02 3.09e-07  4.12e-07  16253s
  77   1.59718603e+00  1.61353807e+00  4.38e-02 3.05e-07  4.06e-07  16310s
  78   1.59813371e+00  1.61381714e+00  4.24e-02 3.02e-07  3.96e-07  16390s
  79   1.59813993e+00  1.61383646e+00  4.24e-02 3.02e-07  3.96e-07  16438s
  80   1.59816886e+00  1.61390650e+00  4.24e-02 3.00e-07  3.95e-07  16504s
  81   1.59952194e+00  1.61465728e+00  4.06e-02 2.66e-07  3.77e-07  16583s
  82   1.60018313e+00  1.61493849e+00  3.97e-02 2.61e-07  3.69e-07  16645s
  83   1.60057532e+00  1.61525133e+00  3.91e-02 2.44e-07  3.61e-07  16717s
  84   1.60139125e+00  1.61601306e+00  3.82e-02 2.34e-07  3.47e-07  16793s
  85   1.60229244e+00  1.61649233e+00  3.70e-02 2.23e-07  3.35e-07  16877s
  86   1.60349585e+00  1.61688151e+00  3.55e-02 2.26e-07  3.25e-07  16963s
  87   1.60375365e+00  1.61727174e+00  3.51e-02 2.22e-07  3.18e-07  17010s
  88   1.60376063e+00  1.61729861e+00  3.51e-02 2.22e-07  3.18e-07  17085s
  89   1.60515630e+00  1.61752770e+00  3.32e-02 2.20e-07  3.07e-07  17178s
  90   1.60643638e+00  1.61872802e+00  3.18e-02 2.12e-07  2.89e-07  17261s
  91   1.60643763e+00  1.61873126e+00  3.18e-02 2.12e-07  2.89e-07  17317s
  92   1.60644948e+00  1.61917360e+00  3.18e-02 2.05e-07  2.84e-07  17451s
  93   1.60826596e+00  1.62041173e+00  2.98e-02 1.92e-07  2.65e-07  17585s
  94   1.61049179e+00  1.62102083e+00  2.74e-02 1.86e-07  2.50e-07  17676s
  95   1.61100941e+00  1.62156261e+00  2.70e-02 1.81e-07  2.44e-07  17731s
  96   1.61169874e+00  1.62238210e+00  2.63e-02 1.72e-07  2.34e-07  17821s
  97   1.61252462e+00  1.62310350e+00  2.55e-02 1.65e-07  2.26e-07  17933s
  98   1.61361627e+00  1.62409764e+00  2.46e-02 1.63e-07  2.16e-07  18016s
  99   1.61396392e+00  1.62486983e+00  2.43e-02 1.59e-07  2.10e-07  18089s
 100   1.61462204e+00  1.62566512e+00  2.37e-02 1.55e-07  2.02e-07  18173s
 101   1.61543559e+00  1.62639607e+00  2.31e-02 1.49e-07  1.95e-07  18282s
 102   1.61582630e+00  1.62673154e+00  2.28e-02 1.48e-07  1.92e-07  18335s
 103   1.61654099e+00  1.62752975e+00  2.22e-02 1.42e-07  1.85e-07  18446s
 104   1.61660158e+00  1.62769954e+00  2.21e-02 1.41e-07  1.84e-07  18537s
 105   1.61698156e+00  1.62784119e+00  2.19e-02 1.40e-07  1.82e-07  18591s
 106   1.61761084e+00  1.62838612e+00  2.13e-02 1.37e-07  1.77e-07  18687s
 107   1.61787521e+00  1.62868319e+00  2.11e-02 1.35e-07  1.75e-07  18771s
 108   1.61798410e+00  1.62875257e+00  2.11e-02 1.35e-07  1.74e-07  18831s
 109   1.61880154e+00  1.62918468e+00  2.04e-02 1.30e-07  1.69e-07  18928s
 110   1.61937395e+00  1.62984284e+00  1.99e-02 1.25e-07  1.63e-07  18999s
 111   1.61959827e+00  1.63032705e+00  1.98e-02 1.21e-07  1.60e-07  19083s
 112   1.61967004e+00  1.63062074e+00  1.97e-02 1.19e-07  1.58e-07  19154s
 113   1.61967727e+00  1.63062803e+00  1.97e-02 1.19e-07  1.58e-07  19241s
 114   1.62007672e+00  1.63130491e+00  1.94e-02 1.14e-07  1.54e-07  19338s
 115   1.62008692e+00  1.63149849e+00  1.94e-02 1.11e-07  1.53e-07  19467s
 116   1.62089740e+00  1.63202687e+00  1.87e-02 1.07e-07  1.47e-07  19594s
 117   1.62179644e+00  1.63231557e+00  1.80e-02 1.10e-07  1.43e-07  19675s
 118   1.62194784e+00  1.63279905e+00  1.79e-02 1.04e-07  1.40e-07  19785s
 119   1.62207447e+00  1.63324505e+00  1.78e-02 1.08e-07  1.37e-07  19927s
 120   1.62238457e+00  1.63377931e+00  1.76e-02 1.02e-07  1.34e-07  20017s
 121   1.62389655e+00  1.63436156e+00  1.64e-02 9.29e-08  1.27e-07  20130s
 122   1.62429633e+00  1.63468191e+00  1.61e-02 9.63e-08  1.24e-07  20202s
 123   1.62431747e+00  1.63470772e+00  1.61e-02 9.55e-08  1.24e-07  20262s
 124   1.62478685e+00  1.63503314e+00  1.58e-02 9.73e-08  1.21e-07  20380s
 125   1.62480650e+00  1.63508600e+00  1.58e-02 9.79e-08  1.21e-07  20429s
 126   1.62488224e+00  1.63546864e+00  1.57e-02 9.68e-08  1.19e-07  20522s
 127   1.62494081e+00  1.63558935e+00  1.57e-02 9.81e-08  1.18e-07  20595s
 128   1.62500726e+00  1.63561105e+00  1.56e-02 9.79e-08  1.17e-07  20637s
 129   1.62525129e+00  1.63578264e+00  1.54e-02 9.49e-08  1.16e-07  20725s
 130   1.62541754e+00  1.63585622e+00  1.53e-02 9.40e-08  1.15e-07  20805s
 131   1.62547931e+00  1.63595843e+00  1.53e-02 9.27e-08  1.15e-07  20876s
 132   1.62593145e+00  1.63637545e+00  1.49e-02 9.36e-08  1.11e-07  20939s
 133   1.62592718e+00  1.63637438e+00  1.49e-02 9.54e-08  1.11e-07  21018s
 134   1.62592910e+00  1.63638809e+00  1.49e-02 9.57e-08  1.11e-07  21132s
 135   1.62623836e+00  1.63665264e+00  1.47e-02 9.55e-08  1.10e-07  21240s
 136   1.62670334e+00  1.63716701e+00  1.43e-02 8.89e-08  1.06e-07  21334s
 137   1.62708683e+00  1.63799563e+00  1.41e-02 8.07e-08  1.02e-07  21505s
 138   1.62713294e+00  1.63827591e+00  1.40e-02 7.58e-08  1.01e-07  21610s
 139   1.62710467e+00  1.63827052e+00  1.41e-02 7.93e-08  1.01e-07  21688s
 140   1.62788783e+00  1.63890931e+00  1.35e-02 7.68e-08  9.67e-08  21874s
 141   1.62790596e+00  1.63896144e+00  1.35e-02 7.77e-08  9.65e-08  21948s
 142   1.62887706e+00  1.63946485e+00  1.29e-02 8.16e-08  9.20e-08  22046s
 143   1.62888448e+00  1.63957517e+00  1.29e-02 7.96e-08  9.16e-08  22135s
 144   1.62981401e+00  1.63970303e+00  1.22e-02 8.27e-08  8.80e-08  22220s
 145   1.63033068e+00  1.63993943e+00  1.19e-02 7.69e-08  8.62e-08  22355s
 146   1.63074856e+00  1.64140875e+00  1.16e-02 6.26e-08  8.10e-08  22470s
 147   1.63083403e+00  1.64186170e+00  1.16e-02 6.11e-08  7.94e-08  22517s
 148   1.63115334e+00  1.64282035e+00  1.14e-02 5.19e-08  7.61e-08  22610s
 149   1.63117511e+00  1.64289208e+00  1.13e-02 5.45e-08  7.57e-08  22669s
 150   1.63120730e+00  1.64323328e+00  1.13e-02 5.10e-08  7.45e-08  22780s
 151   1.63126551e+00  1.64334677e+00  1.13e-02 4.83e-08  7.39e-08  22847s
 152   1.63128056e+00  1.64351553e+00  1.13e-02 4.58e-08  7.33e-08  22961s
 153   1.63178651e+00  1.64371833e+00  1.09e-02 4.04e-08  7.09e-08  23081s
 154   1.63193463e+00  1.64393374e+00  1.08e-02 3.76e-08  6.96e-08  23177s
 155   1.63201327e+00  1.64409773e+00  1.08e-02 4.92e-08  6.87e-08  23247s
 156   1.63202260e+00  1.64412460e+00  1.08e-02 4.86e-08  6.86e-08  23345s
 157   1.63208371e+00  1.64420645e+00  1.07e-02 4.64e-08  6.81e-08  23433s
 158   1.63209401e+00  1.64425169e+00  1.07e-02 4.48e-08  6.79e-08  23508s
 159   1.63213892e+00  1.64435873e+00  1.07e-02 4.55e-08  6.76e-08  23587s
 160   1.63222987e+00  1.64449111e+00  1.06e-02 4.09e-08  6.68e-08  23725s
 161   1.63231154e+00  1.64457356e+00  1.06e-02 4.13e-08  6.63e-08  23858s
 162   1.63230953e+00  1.64457168e+00  1.06e-02 5.02e-08  6.63e-08  23933s
 163   1.63229303e+00  1.64456907e+00  1.06e-02 5.53e-08  6.65e-08  24016s
 164   1.63231864e+00  1.64458634e+00  1.06e-02 5.47e-08  6.63e-08  24077s
 165   1.63235242e+00  1.64502230e+00  1.05e-02 4.50e-08  6.47e-08  24279s
 166   1.63236627e+00  1.64503561e+00  1.05e-02 4.49e-08  6.45e-08  24372s
 167   1.63250071e+00  1.64519910e+00  1.04e-02 4.18e-08  6.34e-08  24498s
 168   1.63251993e+00  1.64531027e+00  1.04e-02 3.86e-08  6.29e-08  24573s
 169   1.63252132e+00  1.64531335e+00  1.04e-02 3.86e-08  6.29e-08  24642s
 170   1.63258132e+00  1.64535419e+00  1.04e-02 3.77e-08  6.25e-08  24722s
 171   1.63259538e+00  1.64537643e+00  1.04e-02 3.68e-08  6.23e-08  24776s
 172   1.63259744e+00  1.64538744e+00  1.04e-02 3.65e-08  6.23e-08  24858s
 173   1.63260633e+00  1.64542518e+00  1.03e-02 3.50e-08  6.21e-08  24942s
 174   1.63261380e+00  1.64545903e+00  1.03e-02 3.44e-08  6.19e-08  25066s
 175   1.63264109e+00  1.64548478e+00  1.03e-02 3.39e-08  6.17e-08  25184s
 176   1.63279613e+00  1.64557516e+00  1.02e-02 3.37e-08  6.11e-08  25268s
 177   1.63283579e+00  1.64564234e+00  1.02e-02 3.21e-08  6.07e-08  25340s
 178   1.63287660e+00  1.64568171e+00  1.02e-02 3.20e-08  6.04e-08  25422s
 179   1.63288007e+00  1.64569130e+00  1.02e-02 3.22e-08  6.03e-08  25523s
 180   1.63289170e+00  1.64572104e+00  1.02e-02 3.17e-08  6.02e-08  25583s
 181   1.63294771e+00  1.64578283e+00  1.01e-02 3.04e-08  5.97e-08  25733s
 182   1.63296364e+00  1.64581027e+00  1.01e-02 2.94e-08  5.96e-08  25826s
 183   1.63304338e+00  1.64581484e+00  1.01e-02 2.90e-08  5.94e-08  25908s
 184   1.63304423e+00  1.64581632e+00  1.01e-02 2.89e-08  5.94e-08  26038s
 185   1.63304104e+00  1.64581638e+00  1.01e-02 2.87e-08  5.94e-08  26124s
 186   1.63304380e+00  1.64581697e+00  1.01e-02 2.90e-08  5.94e-08  26201s
 187   1.63309643e+00  1.64591753e+00  1.00e-02 2.73e-08  5.88e-08  26401s
 188   1.63333640e+00  1.64594026e+00  9.84e-03 2.73e-08  5.78e-08  26524s
 189   1.63335307e+00  1.64596783e+00  9.83e-03 2.68e-08  5.76e-08  26619s
 190   1.63336944e+00  1.64597264e+00  9.81e-03 2.71e-08  5.75e-08  26715s
 191   1.63338654e+00  1.64604162e+00  9.80e-03 2.59e-08  5.74e-08  26845s
 192   1.63339639e+00  1.64604268e+00  9.80e-03 2.59e-08  5.74e-08  26926s
 193   1.63340420e+00  1.64605961e+00  9.79e-03 2.55e-08  5.73e-08  27018s
 194   1.63340434e+00  1.64605993e+00  9.79e-03 2.54e-08  5.73e-08  27073s
 195   1.63356202e+00  1.64607748e+00  9.68e-03 2.56e-08  5.67e-08  27205s
 196   1.63356302e+00  1.64608474e+00  9.68e-03 2.48e-08  5.67e-08  27372s
 197   1.63357590e+00  1.64612548e+00  9.67e-03 2.42e-08  5.64e-08  27517s
 198   1.63359733e+00  1.64613860e+00  9.65e-03 2.29e-08  5.63e-08  27643s
 199   1.63360229e+00  1.64614908e+00  9.65e-03 2.30e-08  5.62e-08  27757s
 200   1.63360455e+00  1.64615296e+00  9.65e-03 2.27e-08  5.62e-08  27813s
 201   1.63361850e+00  1.64615707e+00  9.64e-03 2.27e-08  5.61e-08  27883s
 202   1.63363756e+00  1.64618018e+00  9.62e-03 2.20e-08  5.60e-08  27970s
 203   1.63392779e+00  1.64619872e+00  9.42e-03 2.20e-08  5.49e-08  28088s
 204   1.63401417e+00  1.64622239e+00  9.36e-03 2.17e-08  5.44e-08  28175s
 205   1.63402096e+00  1.64624420e+00  9.35e-03 2.07e-08  5.43e-08  28288s
 206   1.63405749e+00  1.64631211e+00  9.33e-03 2.00e-08  5.40e-08  28363s
 207   1.63416057e+00  1.64634328e+00  9.25e-03 1.86e-08  5.35e-08  28494s
 208   1.63421190e+00  1.64638376e+00  9.22e-03 1.67e-08  5.31e-08  28603s
 209   1.63421976e+00  1.64639055e+00  9.21e-03 1.66e-08  5.30e-08  28714s
 210   1.63422195e+00  1.64640234e+00  9.21e-03 1.64e-08  5.29e-08  28810s
 211   1.63422260e+00  1.64640780e+00  9.21e-03 1.65e-08  5.29e-08  28977s
 212   1.63422276e+00  1.64640817e+00  9.21e-03 1.62e-08  5.29e-08  29059s
 213   1.63422286e+00  1.64640872e+00  9.21e-03 1.62e-08  5.29e-08  29140s
 214   1.63422922e+00  1.64641318e+00  9.21e-03 1.64e-08  5.28e-08  29209s
 215   1.63881989e+00  1.64649276e+00  6.01e-03 1.55e-08  3.62e-08  29281s
 216   1.63882145e+00  1.64649393e+00  6.01e-03 1.55e-08  3.61e-08  29338s
 217   1.63884174e+00  1.64649685e+00  6.00e-03 1.50e-08  3.60e-08  29387s
 218   1.63885226e+00  1.64651092e+00  5.99e-03 1.47e-08  3.59e-08  29497s
 219   1.63936739e+00  1.64652142e+00  5.65e-03 1.34e-08  3.44e-08  29552s
 220   1.63938502e+00  1.64653340e+00  5.63e-03 1.27e-08  3.42e-08  29722s
 221   1.63938503e+00  1.64653221e+00  5.63e-03 1.39e-08  3.42e-08  29780s
 222   1.63957458e+00  1.64653736e+00  5.49e-03 1.34e-08  3.34e-08  29850s
 223   1.63957537e+00  1.64654731e+00  5.49e-03 3.03e-08  3.34e-08  29919s
 224   1.63957549e+00  1.64654728e+00  5.49e-03 3.06e-08  3.34e-08  29992s
 225   1.63957640e+00  1.64654684e+00  5.49e-03 3.03e-08  3.34e-08  30051s
 226   1.63958022e+00  1.64654998e+00  5.49e-03 3.00e-08  3.34e-08  30130s
 227   1.63958026e+00  1.64655009e+00  5.49e-03 3.00e-08  3.34e-08  30186s
 228   1.63958245e+00  1.64655212e+00  5.49e-03 2.99e-08  3.33e-08  30290s
 229   1.63958266e+00  1.64655251e+00  5.49e-03 2.99e-08  3.33e-08  30381s
 230   1.63987901e+00  1.64656463e+00  5.26e-03 2.87e-08  3.20e-08  30475s
 231   1.63987906e+00  1.64656437e+00  5.26e-03 2.95e-08  3.20e-08  30573s
 232   1.63988075e+00  1.64656404e+00  5.26e-03 2.93e-08  3.20e-08  30647s
 233   1.63988289e+00  1.64656589e+00  5.26e-03 2.89e-08  3.19e-08  30767s
 234   1.63988404e+00  1.64656774e+00  5.26e-03 2.91e-08  3.19e-08  30818s
 235   1.64004035e+00  1.64657198e+00  5.15e-03 3.30e-08  3.14e-08  30873s
 236   1.64004079e+00  1.64657223e+00  5.15e-03 3.24e-08  3.14e-08  30937s
 237   1.64004103e+00  1.64657240e+00  5.15e-03 3.25e-08  3.14e-08  30991s
 238   1.64004365e+00  1.64657552e+00  5.15e-03 3.57e-08  3.13e-08  31068s
 239   1.64007486e+00  1.64658597e+00  5.13e-03 3.57e-08  3.12e-08  31139s
 240   1.64008402e+00  1.64658797e+00  5.12e-03 3.79e-08  3.11e-08  31206s
 241   1.64008441e+00  1.64658752e+00  5.12e-03 3.57e-08  3.11e-08  31277s
 242   1.64009686e+00  1.64659042e+00  5.11e-03 3.60e-08  3.10e-08  31380s
 243   1.64011264e+00  1.64659598e+00  5.10e-03 3.29e-08  3.09e-08  31484s
 244   1.64013745e+00  1.64661083e+00  5.08e-03 3.08e-08  3.06e-08  31624s
 245   1.64014150e+00  1.64661610e+00  5.08e-03 2.82e-08  3.01e-08  31679s
 246   1.64014191e+00  1.64661619e+00  5.08e-03 2.81e-08  3.01e-08  31806s
 247   1.64014353e+00  1.64661528e+00  5.08e-03 2.59e-08  3.01e-08  31853s
 248   1.64014453e+00  1.64661634e+00  5.08e-03 2.71e-08  3.01e-08  31908s
 249   1.64014519e+00  1.64661691e+00  5.08e-03 2.87e-08  3.00e-08  31985s
 250   1.64014919e+00  1.64661846e+00  5.08e-03 2.98e-08  3.00e-08  32071s
 251   1.64014921e+00  1.64661876e+00  5.08e-03 2.99e-08  3.00e-08  32167s
 252   1.64015106e+00  1.64662014e+00  5.07e-03 3.00e-08  3.00e-08  32275s
 253   1.64015171e+00  1.64662143e+00  5.07e-03 3.01e-08  2.99e-08  32334s
 254   1.64016772e+00  1.64662560e+00  5.06e-03 2.79e-08  2.98e-08  32417s
 255   1.64016906e+00  1.64662648e+00  5.06e-03 2.87e-08  2.98e-08  32475s
 256   1.64017084e+00  1.64662930e+00  5.06e-03 3.02e-08  2.98e-08  32607s
 257   1.64017176e+00  1.64663057e+00  5.06e-03 2.86e-08  2.98e-08  32667s
 258   1.64017663e+00  1.64663129e+00  5.05e-03 2.83e-08  2.97e-08  32719s
 259   1.64018153e+00  1.64663944e+00  5.05e-03 2.88e-08  2.97e-08  32816s
 260   1.64018229e+00  1.64663997e+00  5.05e-03 2.88e-08  2.97e-08  32895s
 261   1.64130084e+00  1.64664455e+00  4.27e-03 3.14e-08  2.60e-08  32983s
 262   1.64133388e+00  1.64665477e+00  4.25e-03 2.94e-08  2.57e-08  33099s
 263   1.64133763e+00  1.64666087e+00  4.24e-03 2.78e-08  2.55e-08  33213s
 264   1.64133776e+00  1.64666094e+00  4.24e-03 2.78e-08  2.55e-08  33284s
 265   1.64133830e+00  1.64666172e+00  4.24e-03 2.77e-08  2.55e-08  33386s
 266   1.64133855e+00  1.64666142e+00  4.24e-03 2.76e-08  2.55e-08  33437s
 267   1.64134155e+00  1.64666426e+00  4.24e-03 2.69e-08  2.54e-08  33578s
 268   1.64134387e+00  1.64666478e+00  4.24e-03 2.67e-08  2.54e-08  33628s
 269   1.64134406e+00  1.64666480e+00  4.24e-03 2.66e-08  2.54e-08  33671s
 270   1.64134457e+00  1.64666481e+00  4.24e-03 2.66e-08  2.54e-08  33749s
 271   1.64137725e+00  1.64666676e+00  4.21e-03 2.57e-08  2.52e-08  33857s
 272   1.64137825e+00  1.64666682e+00  4.21e-03 2.55e-08  2.51e-08  33937s
 273   1.64139355e+00  1.64666602e+00  4.20e-03 2.82e-08  2.50e-08  34001s
 274   1.64139399e+00  1.64666588e+00  4.20e-03 2.83e-08  2.50e-08  34115s
 275   1.64139456e+00  1.64667067e+00  4.20e-03 2.59e-08  2.50e-08  34174s
 276   1.64139517e+00  1.64667059e+00  4.20e-03 2.60e-08  2.50e-08  34296s
 277   1.64139535e+00  1.64667157e+00  4.20e-03 2.68e-08  2.50e-08  34362s
 278   1.64139598e+00  1.64667298e+00  4.20e-03 2.67e-08  2.50e-08  34414s
 279   1.64140876e+00  1.64667369e+00  4.19e-03 2.72e-08  2.49e-08  34483s
 280   1.64141324e+00  1.64667343e+00  4.18e-03 2.69e-08  2.49e-08  34539s
 281   1.64145854e+00  1.64667335e+00  4.15e-03 2.67e-08  2.48e-08  34609s
 282   1.64145863e+00  1.64667317e+00  4.15e-03 2.65e-08  2.48e-08  34736s
 283   1.64146349e+00  1.64667307e+00  4.14e-03 2.63e-08  2.47e-08  34808s
 284   1.64146610e+00  1.64667356e+00  4.14e-03 2.59e-08  2.47e-08  34920s
 285   1.64147010e+00  1.64667420e+00  4.14e-03 2.59e-08  2.47e-08  35062s
 286   1.64147149e+00  1.64667427e+00  4.14e-03 2.60e-08  2.46e-08  35105s
 287   1.64148084e+00  1.64667610e+00  4.13e-03 2.50e-08  2.45e-08  35167s
 288   1.64148437e+00  1.64667641e+00  4.13e-03 2.55e-08  2.44e-08  35220s
 289   1.64149012e+00  1.64667647e+00  4.12e-03 2.58e-08  2.44e-08  35272s
 290   1.64149727e+00  1.64667662e+00  4.12e-03 2.56e-08  2.43e-08  35339s
 291   1.64149731e+00  1.64667663e+00  4.12e-03 2.56e-08  2.43e-08  35398s
 292   1.64149633e+00  1.64667687e+00  4.12e-03 2.60e-08  2.43e-08  35448s
 293   1.64149681e+00  1.64667679e+00  4.12e-03 2.52e-08  2.43e-08  35548s
 294   1.64151277e+00  1.64668125e+00  4.11e-03 2.43e-08  2.42e-08  35671s
 295   1.64308043e+00  1.64667954e+00  2.92e-03 2.27e-08  1.79e-08  35736s
 296   1.64308056e+00  1.64667981e+00  2.92e-03 2.28e-08  1.79e-08  35781s
 297   1.64313364e+00  1.64668564e+00  2.87e-03 2.27e-08  1.75e-08  35877s
 298   1.64313414e+00  1.64668504e+00  2.87e-03 2.25e-08  1.73e-08  36018s
 299   1.64313415e+00  1.64668464e+00  2.87e-03 2.25e-08  1.73e-08  36090s
 300   1.64315423e+00  1.64674310e+00  2.86e-03 2.00e-08  1.72e-08  36156s
 301   1.64315438e+00  1.64674219e+00  2.86e-03 1.99e-08  1.72e-08  36199s
 302   1.64324442e+00  1.64673457e+00  2.78e-03 1.81e-08  1.66e-08  36286s
 303   1.64324682e+00  1.64672275e+00  2.78e-03 1.60e-08  1.64e-08  36362s
 304   1.64325494e+00  1.64671309e+00  2.78e-03 1.47e-08  1.62e-08  36476s
 305   1.64325503e+00  1.64671115e+00  2.78e-03 1.49e-08  1.62e-08  36555s
 306   1.64335042e+00  1.64671043e+00  2.70e-03 1.48e-08  1.57e-08  36633s
 307   1.64335907e+00  1.64670758e+00  2.69e-03 1.49e-08  1.57e-08  36695s
 308   1.64336226e+00  1.64668746e+00  2.69e-03 1.18e-08  1.53e-08  36802s
 309   1.64337135e+00  1.64668564e+00  2.68e-03 1.19e-08  1.53e-08  36870s
 310   1.64337470e+00  1.64667336e+00  2.68e-03 1.02e-08  1.51e-08  36975s
 311   1.64338957e+00  1.64665644e+00  2.66e-03 9.11e-09  1.48e-08  37086s
 312   1.64339071e+00  1.64665341e+00  2.66e-03 8.02e-09  1.48e-08  37162s
 313   1.64339083e+00  1.64665509e+00  2.66e-03 8.62e-09  1.48e-08  37257s
 314   1.64339185e+00  1.64665628e+00  2.66e-03 9.33e-09  1.48e-08  37343s
 315   1.64368102e+00  1.64665312e+00  2.43e-03 8.94e-09  1.35e-08  37413s
 316   1.64368251e+00  1.64665021e+00  2.42e-03 8.78e-09  1.35e-08  37489s
 317   1.64429013e+00  1.64665002e+00  1.94e-03 8.47e-09  1.11e-08  37574s
 318   1.64429210e+00  1.64663946e+00  1.93e-03 7.53e-09  1.10e-08  37666s
 319   1.64429333e+00  1.64663294e+00  1.93e-03 9.42e-09  1.09e-08  37809s
 320   1.64429793e+00  1.64663005e+00  1.93e-03 9.27e-09  1.09e-08  37885s
 321   1.64429843e+00  1.64662073e+00  1.93e-03 8.43e-09  1.08e-08  37986s
 322   1.64430913e+00  1.64662097e+00  1.92e-03 8.16e-09  1.08e-08  38080s
 323   1.64430915e+00  1.64662004e+00  1.92e-03 9.48e-09  1.08e-08  38211s
 324   1.64431141e+00  1.64661679e+00  1.92e-03 8.44e-09  1.07e-08  38305s
 325   1.64431165e+00  1.64661506e+00  1.92e-03 8.80e-09  1.07e-08  38388s
 326   1.64433232e+00  1.64661193e+00  1.90e-03 7.53e-09  1.05e-08  38492s
 327   1.64433235e+00  1.64661077e+00  1.90e-03 9.22e-09  1.05e-08  38550s
 328   1.64472377e+00  1.64660943e+00  1.56e-03 9.09e-09  8.79e-09  38619s
 329   1.64473126e+00  1.64659824e+00  1.56e-03 9.20e-09  8.70e-09  38727s
 330   1.64473473e+00  1.64657108e+00  1.55e-03 6.66e-09  8.53e-09  38841s
 331   1.64473823e+00  1.64655628e+00  1.55e-03 6.42e-09  8.44e-09  38938s
 332   1.64473823e+00  1.64655585e+00  1.55e-03 6.38e-09  8.44e-09  39036s
 333   1.64473975e+00  1.64655948e+00  1.55e-03 5.41e-09  8.43e-09  39124s
 334   1.64473985e+00  1.64655875e+00  1.55e-03 6.84e-09  8.42e-09  39199s
 335   1.64473987e+00  1.64655749e+00  1.55e-03 6.73e-09  8.42e-09  39277s
 336   1.64474911e+00  1.64655712e+00  1.54e-03 6.75e-09  8.38e-09  39332s
 337   1.64475263e+00  1.64654521e+00  1.54e-03 9.00e-09  8.31e-09  39435s
 338   1.64476105e+00  1.64654419e+00  1.53e-03 8.91e-09  8.26e-09  39507s
 339   1.64477076e+00  1.64653237e+00  1.52e-03 6.93e-09  8.17e-09  39618s
 340   1.64477593e+00  1.64652900e+00  1.52e-03 6.55e-09  8.13e-09  39683s
 341   1.64477637e+00  1.64652371e+00  1.52e-03 6.15e-09  8.10e-09  39807s
 342   1.64477784e+00  1.64652358e+00  1.52e-03 8.15e-09  8.10e-09  39912s
 343   1.64477794e+00  1.64656661e+00  1.52e-03 7.47e-09  8.22e-09  40025s
 344   1.64477837e+00  1.64656528e+00  1.52e-03 7.35e-09  8.22e-09  40090s
 345   1.64477853e+00  1.64655908e+00  1.52e-03 7.09e-09  8.19e-09  40164s
 346   1.64478148e+00  1.64656087e+00  1.51e-03 6.36e-09  8.18e-09  40297s
 347   1.64479544e+00  1.64654915e+00  1.50e-03 5.21e-09  8.07e-09  40376s
 348   1.64479556e+00  1.64654742e+00  1.50e-03 5.12e-09  8.07e-09  40458s
 349   1.64479635e+00  1.64654627e+00  1.50e-03 5.05e-09  8.06e-09  40543s
 350   1.64480715e+00  1.64654196e+00  1.49e-03 4.76e-09  7.99e-09  40605s
 351   1.64482618e+00  1.64651804e+00  1.47e-03 2.94e-09  7.83e-09  40735s
 352   1.64483885e+00  1.64651154e+00  1.46e-03 2.63e-09  7.74e-09  40850s
 353   1.64484528e+00  1.64649529e+00  1.46e-03 1.85e-09  7.66e-09  40999s
 354   1.64485931e+00  1.64648929e+00  1.44e-03 1.53e-09  7.57e-09  41083s
 355   1.64486723e+00  1.64648841e+00  1.44e-03 2.09e-09  7.54e-09  41190s
 356   1.64486888e+00  1.64648783e+00  1.43e-03 2.64e-09  7.53e-09  41250s
 357   1.64487664e+00  1.64648593e+00  1.43e-03 2.28e-09  7.48e-09  41313s
 358   1.64487833e+00  1.64648493e+00  1.43e-03 2.44e-09  7.47e-09  41395s
 359   1.64488240e+00  1.64648453e+00  1.42e-03 2.40e-09  7.45e-09  41453s
 360   1.64488285e+00  1.64648452e+00  1.42e-03 2.40e-09  7.45e-09  41507s
 361   1.64489793e+00  1.64651147e+00  1.41e-03 3.13e-09  7.46e-09  41592s
 362   1.64490087e+00  1.64650651e+00  1.41e-03 3.28e-09  7.43e-09  41659s
 363   1.64490345e+00  1.64650431e+00  1.40e-03 3.93e-09  7.41e-09  41743s
 364   1.64490354e+00  1.64650413e+00  1.40e-03 4.15e-09  7.41e-09  41801s
 365   1.64491898e+00  1.64650387e+00  1.39e-03 4.55e-09  7.34e-09  41881s
 366   1.64491956e+00  1.64650072e+00  1.39e-03 5.29e-09  7.33e-09  41953s
 367   1.64493128e+00  1.64648414e+00  1.38e-03 4.05e-09  7.22e-09  42060s
 368   1.64494344e+00  1.64648014e+00  1.37e-03 6.13e-09  7.15e-09  42170s
 369   1.64494599e+00  1.64647948e+00  1.37e-03 6.46e-09  7.14e-09  42271s
 370   1.64495869e+00  1.64647808e+00  1.35e-03 6.98e-09  7.07e-09  42338s
 371   1.64495901e+00  1.64647823e+00  1.35e-03 6.61e-09  7.07e-09  42405s
 372   1.64496309e+00  1.64647986e+00  1.35e-03 6.36e-09  7.06e-09  42470s
 373   1.64497461e+00  1.64647177e+00  1.34e-03 5.47e-09  6.98e-09  42564s
 374   1.64500948e+00  1.64647051e+00  1.31e-03 5.12e-09  6.82e-09  42638s
 375   1.64503021e+00  1.64646954e+00  1.29e-03 5.47e-09  6.72e-09  42703s
 376   1.64503749e+00  1.64646766e+00  1.28e-03 6.15e-09  6.68e-09  42789s
 377   1.64519980e+00  1.64646441e+00  1.13e-03 6.17e-09  5.91e-09  42899s
 378   1.64520318e+00  1.64645799e+00  1.13e-03 5.53e-09  5.87e-09  42983s
 379   1.64520383e+00  1.64645746e+00  1.13e-03 5.17e-09  5.87e-09  43068s
 380   1.64520392e+00  1.64645722e+00  1.13e-03 5.32e-09  5.87e-09  43138s
 381   1.64520455e+00  1.64645726e+00  1.13e-03 5.33e-09  5.86e-09  43205s
 382   1.64520736e+00  1.64645708e+00  1.13e-03 5.34e-09  5.85e-09  43260s
 383   1.64520756e+00  1.64645559e+00  1.13e-03 4.67e-09  5.84e-09  43340s
 384   1.64522867e+00  1.64645536e+00  1.11e-03 4.65e-09  5.74e-09  43416s
 385   1.64522957e+00  1.64645385e+00  1.11e-03 5.00e-09  5.74e-09  43475s
 386   1.64542377e+00  1.64645246e+00  9.30e-04 5.29e-09  4.84e-09  43533s
 387   1.64542636e+00  1.64645167e+00  9.28e-04 4.95e-09  4.83e-09  43616s
 388   1.64542653e+00  1.64645134e+00  9.28e-04 5.36e-09  4.82e-09  43717s
 389   1.64542674e+00  1.64647893e+00  9.27e-04 5.08e-09  4.91e-09  43807s
 390   1.64542676e+00  1.64647892e+00  9.27e-04 4.86e-09  4.91e-09  43888s
 391   1.64548264e+00  1.64647836e+00  8.76e-04 4.89e-09  4.65e-09  43931s
 392   1.64562015e+00  1.64646621e+00  7.50e-04 3.47e-09  3.96e-09  44007s
 393   1.64562444e+00  1.64645860e+00  7.46e-04 2.58e-09  3.92e-09  44140s
 394   1.64562548e+00  1.64645539e+00  7.45e-04 2.25e-09  3.90e-09  44236s
 395   1.64562671e+00  1.64645204e+00  7.44e-04 1.97e-09  3.89e-09  44349s
 396   1.64562883e+00  1.64645204e+00  7.42e-04 7.59e-09  3.89e-09  44397s
 397   1.64564921e+00  1.64645166e+00  7.23e-04 3.17e-09  3.78e-09  44470s
 398   1.64564922e+00  1.64645166e+00  7.23e-04 3.40e-09  3.78e-09  44556s
 399   1.64564997e+00  1.64645384e+00  7.23e-04 2.01e-09  3.79e-09  44656s
 400   1.64565173e+00  1.64645306e+00  7.21e-04 2.00e-09  3.78e-09  44708s
 401   1.64565186e+00  1.64645258e+00  7.21e-04 1.98e-09  3.77e-09  44783s
 402   1.64565976e+00  1.64645237e+00  7.14e-04 1.95e-09  3.74e-09  44849s
 403   1.64565976e+00  1.64645235e+00  7.14e-04 1.99e-09  3.74e-09  44893s
 404   1.64566052e+00  1.64645232e+00  7.13e-04 2.07e-09  3.73e-09  44955s
 405   1.64566699e+00  1.64645150e+00  7.07e-04 1.78e-09  3.70e-09  45055s
 406   1.64571199e+00  1.64645024e+00  6.66e-04 1.56e-09  3.49e-09  45139s
 407   1.64571519e+00  1.64644974e+00  6.63e-04 1.56e-09  3.47e-09  45197s
 408   1.64571632e+00  1.64644874e+00  6.62e-04 1.60e-09  3.46e-09  45262s
 409   1.64571884e+00  1.64644696e+00  6.59e-04 2.14e-09  3.44e-09  45333s
 410   1.64572016e+00  1.64644683e+00  6.58e-04 2.14e-09  3.44e-09  45389s
 411   1.64574301e+00  1.64644671e+00  6.37e-04 2.31e-09  3.33e-09  45435s
 412   1.64574648e+00  1.64644556e+00  6.34e-04 2.04e-09  3.31e-09  45512s
 413   1.64574793e+00  1.64644462e+00  6.32e-04 1.84e-09  3.30e-09  45605s
 414   1.64577591e+00  1.64644416e+00  6.07e-04 2.03e-09  3.17e-09  45665s
 415   1.64577769e+00  1.64644378e+00  6.05e-04 2.02e-09  3.16e-09  45738s
 416   1.64577772e+00  1.64644303e+00  6.05e-04 1.95e-09  3.16e-09  45812s
 417   1.64578211e+00  1.64644302e+00  6.01e-04 2.24e-09  3.14e-09  45888s
 418   1.64578245e+00  1.64644255e+00  6.01e-04 2.83e-09  3.13e-09  45997s
 419   1.64578245e+00  1.64644255e+00  6.01e-04 2.84e-09  3.13e-09  46087s
 420   1.64578419e+00  1.64644239e+00  5.99e-04 2.85e-09  3.13e-09  46156s
 421   1.64578597e+00  1.64644232e+00  5.98e-04 2.93e-09  3.12e-09  46222s
 422   1.64578597e+00  1.64644232e+00  5.98e-04 2.93e-09  3.12e-09  46292s
 423   1.64578636e+00  1.64644164e+00  5.97e-04 2.78e-09  3.11e-09  46364s
 424   1.64578639e+00  1.64644111e+00  5.97e-04 2.51e-09  3.11e-09  46419s
 425   1.64578640e+00  1.64644108e+00  5.97e-04 2.50e-09  3.11e-09  46490s
 426   1.64578709e+00  1.64644105e+00  5.97e-04 2.51e-09  3.11e-09  46543s
 427   1.64578934e+00  1.64644041e+00  5.95e-04 2.45e-09  3.09e-09  46597s
 428   1.64581401e+00  1.64643905e+00  5.71e-04 2.10e-09  2.97e-09  46715s
 429   1.64581367e+00  1.64643907e+00  5.72e-04 3.05e-09  2.98e-09  46758s
 430   1.64581383e+00  1.64643940e+00  5.72e-04 3.76e-09  2.98e-09  46870s
 431   1.64581599e+00  1.64644973e+00  5.70e-04 2.66e-09  3.00e-09  46969s
 432   1.64581959e+00  1.64644903e+00  5.66e-04 3.35e-09  2.98e-09  47103s
 433   1.64582496e+00  1.64644518e+00  5.61e-04 2.87e-09  2.94e-09  47261s
 434   1.64583875e+00  1.64644186e+00  5.48e-04 2.49e-09  2.86e-09  47350s
 435   1.64583916e+00  1.64644108e+00  5.48e-04 2.84e-09  2.86e-09  47448s
 436   1.64583929e+00  1.64644027e+00  5.48e-04 3.52e-09  2.86e-09  47501s
 437   1.64584399e+00  1.64644023e+00  5.43e-04 3.41e-09  2.83e-09  47574s
 438   1.64586950e+00  1.64643914e+00  5.19e-04 3.21e-09  2.71e-09  47646s
 439   1.64586952e+00  1.64643889e+00  5.19e-04 3.39e-09  2.71e-09  47723s
 440   1.64586955e+00  1.64643865e+00  5.19e-04 3.23e-09  2.71e-09  47797s
 441   1.64586960e+00  1.64643863e+00  5.19e-04 3.17e-09  2.71e-09  47892s
 442   1.64593212e+00  1.64643961e+00  4.61e-04 4.94e-09  2.42e-09  47986s
 443   1.64593444e+00  1.64643828e+00  4.59e-04 4.57e-09  2.40e-09  48068s
 444   1.64593459e+00  1.64643823e+00  4.59e-04 4.57e-09  2.40e-09  48130s
 445   1.64593541e+00  1.64643788e+00  4.58e-04 4.45e-09  2.40e-09  48190s
 446   1.64594740e+00  1.64643747e+00  4.47e-04 4.24e-09  2.34e-09  48292s
 447   1.64595002e+00  1.64643740e+00  4.45e-04 4.24e-09  2.32e-09  48356s
 448   1.64595330e+00  1.64643716e+00  4.41e-04 4.19e-09  2.31e-09  48423s
 449   1.64595345e+00  1.64643712e+00  4.41e-04 4.16e-09  2.31e-09  48505s
 450   1.64595347e+00  1.64643675e+00  4.41e-04 3.84e-09  2.31e-09  48588s
 451   1.64595367e+00  1.64643602e+00  4.41e-04 3.63e-09  2.30e-09  48669s
 452   1.64595383e+00  1.64643574e+00  4.41e-04 3.56e-09  2.30e-09  48738s
 453   1.64596282e+00  1.64643547e+00  4.33e-04 3.56e-09  2.26e-09  48799s
 454   1.64596323e+00  1.64643542e+00  4.32e-04 2.80e-09  2.26e-09  48861s
 455   1.64596331e+00  1.64643541e+00  4.32e-04 2.80e-09  2.25e-09  48913s
 456   1.64596648e+00  1.64643502e+00  4.29e-04 2.67e-09  2.24e-09  49011s
 457   1.64597709e+00  1.64643451e+00  4.19e-04 2.69e-09  2.19e-09  49104s
 458   1.64597713e+00  1.64643431e+00  4.19e-04 2.52e-09  2.19e-09  49172s
 459   1.64597714e+00  1.64643429e+00  4.19e-04 1.98e-09  2.19e-09  49224s
 460   1.64597725e+00  1.64643428e+00  4.19e-04 1.97e-09  2.18e-09  49284s
 461   1.64597902e+00  1.64643424e+00  4.17e-04 1.99e-09  2.18e-09  49334s
 462   1.64597903e+00  1.64643425e+00  4.17e-04 1.99e-09  2.18e-09  49412s
 463   1.64597941e+00  1.64643413e+00  4.17e-04 1.95e-09  2.17e-09  49480s
 464   1.64597958e+00  1.64643402e+00  4.17e-04 2.08e-09  2.17e-09  49562s
 465   1.64597972e+00  1.64643384e+00  4.17e-04 1.94e-09  2.17e-09  49624s
 466   1.64598611e+00  1.64643430e+00  4.11e-04 2.11e-09  2.14e-09  49687s
 467   1.64598612e+00  1.64643427e+00  4.11e-04 2.08e-09  2.14e-09  49861s
 468   1.64598654e+00  1.64643462e+00  4.10e-04 2.20e-09  2.14e-09  49941s
 469   1.64598834e+00  1.64643551e+00  4.09e-04 2.35e-09  2.14e-09  50015s
 470   1.64599079e+00  1.64643515e+00  4.06e-04 2.83e-09  2.12e-09  50084s
 471   1.64599167e+00  1.64643508e+00  4.05e-04 2.96e-09  2.12e-09  50135s
 472   1.64599174e+00  1.64643489e+00  4.05e-04 2.93e-09  2.12e-09  50218s
 473   1.64599174e+00  1.64643489e+00  4.05e-04 2.88e-09  2.12e-09  50277s
 474   1.64599258e+00  1.64643485e+00  4.05e-04 2.88e-09  2.11e-09  50331s
 475   1.64599260e+00  1.64643484e+00  4.05e-04 2.89e-09  2.11e-09  50395s
 476   1.64599265e+00  1.64643444e+00  4.05e-04 2.49e-09  2.11e-09  50487s
 477   1.64599266e+00  1.64643444e+00  4.05e-04 2.89e-09  2.11e-09  50565s
 478   1.64599271e+00  1.64643440e+00  4.04e-04 2.95e-09  2.11e-09  50620s
 479   1.64599376e+00  1.64643484e+00  4.03e-04 3.02e-09  2.11e-09  50684s
 480   1.64599447e+00  1.64643472e+00  4.03e-04 3.21e-09  2.10e-09  50734s
 481   1.64599467e+00  1.64643470e+00  4.03e-04 3.40e-09  2.10e-09  50814s
 482   1.64599471e+00  1.64643466e+00  4.03e-04 3.42e-09  2.10e-09  50873s
 483   1.64599472e+00  1.64643462e+00  4.03e-04 3.16e-09  2.10e-09  50926s
 484   1.64599475e+00  1.64643457e+00  4.03e-04 3.14e-09  2.10e-09  50992s
 485   1.64599479e+00  1.64643442e+00  4.02e-04 3.06e-09  2.10e-09  51055s
 486   1.64599662e+00  1.64643411e+00  4.01e-04 3.74e-09  2.09e-09  51150s
 487   1.64599664e+00  1.64643347e+00  4.01e-04 4.28e-09  2.09e-09  51248s
 488   1.64599671e+00  1.64643313e+00  4.01e-04 3.78e-09  2.09e-09  51305s
 489   1.64599671e+00  1.64643313e+00  4.01e-04 3.82e-09  2.09e-09  51396s
 490   1.64599671e+00  1.64643313e+00  4.01e-04 3.82e-09  2.09e-09  51452s
 491   1.64599687e+00  1.64643363e+00  4.01e-04 3.79e-09  2.09e-09  51538s
 492   1.64599745e+00  1.64643339e+00  4.00e-04 3.64e-09  2.09e-09  51676s
 493   1.64599841e+00  1.64643301e+00  3.99e-04 3.47e-09  2.08e-09  51744s
 494   1.64600186e+00  1.64643270e+00  3.96e-04 3.48e-09  2.06e-09  51797s
 495   1.64600288e+00  1.64643260e+00  3.95e-04 4.63e-09  2.06e-09  51865s
 496   1.64600291e+00  1.64643260e+00  3.95e-04 4.61e-09  2.06e-09  51935s
 497   1.64600511e+00  1.64643255e+00  3.93e-04 4.58e-09  2.05e-09  51987s
 498   1.64600511e+00  1.64643252e+00  3.93e-04 4.53e-09  2.05e-09  52055s
 499   1.64600541e+00  1.64643272e+00  3.92e-04 4.30e-09  2.05e-09  52159s
 500   1.64600603e+00  1.64643258e+00  3.92e-04 4.29e-09  2.04e-09  52222s
 501   1.64600664e+00  1.64643251e+00  3.91e-04 4.25e-09  2.04e-09  52312s
 502   1.64600688e+00  1.64643253e+00  3.91e-04 4.19e-09  2.04e-09  52416s
 503   1.64600707e+00  1.64643251e+00  3.91e-04 4.21e-09  2.04e-09  52465s
 504   1.64600763e+00  1.64643252e+00  3.90e-04 4.09e-09  2.03e-09  52575s
 505   1.64600773e+00  1.64643229e+00  3.90e-04 4.18e-09  2.03e-09  52657s
 506   1.64600762e+00  1.64643233e+00  3.90e-04 3.57e-09  2.03e-09  52716s
 507   1.64600766e+00  1.64643230e+00  3.90e-04 3.55e-09  2.03e-09  52784s
 508   1.64601273e+00  1.64643290e+00  3.86e-04 3.51e-09  2.01e-09  52873s
 509   1.64601366e+00  1.64643211e+00  3.85e-04 3.42e-09  2.00e-09  52926s
 510   1.64601375e+00  1.64643179e+00  3.85e-04 3.49e-09  2.00e-09  53009s
 511   1.64601427e+00  1.64643162e+00  3.84e-04 3.72e-09  2.00e-09  53057s
 512   1.64601432e+00  1.64643126e+00  3.84e-04 3.43e-09  2.00e-09  53121s
 513   1.64601694e+00  1.64643117e+00  3.82e-04 3.57e-09  1.99e-09  53175s
 514   1.64601740e+00  1.64643115e+00  3.81e-04 3.55e-09  1.98e-09  53229s
 515   1.64601740e+00  1.64643115e+00  3.81e-04 3.10e-09  1.98e-09  53287s
 516   1.64601808e+00  1.64643097e+00  3.81e-04 3.22e-09  1.98e-09  53361s
 517   1.64602221e+00  1.64643064e+00  3.77e-04 3.10e-09  1.96e-09  53445s
 518   1.64602220e+00  1.64643064e+00  3.77e-04 3.26e-09  1.96e-09  53526s
 519   1.64602228e+00  1.64643045e+00  3.77e-04 3.56e-09  1.96e-09  53629s
 520   1.64602232e+00  1.64643042e+00  3.76e-04 3.59e-09  1.96e-09  53683s
 521   1.64602232e+00  1.64643042e+00  3.76e-04 3.58e-09  1.96e-09  53762s
 522   1.64602233e+00  1.64643032e+00  3.76e-04 5.06e-09  1.96e-09  53902s
 523   1.64602238e+00  1.64643029e+00  3.76e-04 5.04e-09  1.96e-09  53998s
 524   1.64602305e+00  1.64643033e+00  3.76e-04 2.92e-09  1.95e-09  54108s
 525   1.64602305e+00  1.64643017e+00  3.76e-04 3.03e-09  1.95e-09  54218s
 526   1.64603826e+00  1.64643013e+00  3.61e-04 3.07e-09  1.88e-09  54275s
 527   1.64603838e+00  1.64642984e+00  3.61e-04 2.86e-09  1.88e-09  54344s
 528   1.64603839e+00  1.64642983e+00  3.61e-04 2.91e-09  1.88e-09  54399s
 529   1.64603839e+00  1.64642983e+00  3.61e-04 2.91e-09  1.88e-09  54466s
 530   1.64603842e+00  1.64642979e+00  3.61e-04 2.92e-09  1.88e-09  54509s
 531   1.64603839e+00  1.64642979e+00  3.61e-04 2.86e-09  1.88e-09  54560s
 532   1.64603932e+00  1.64642979e+00  3.60e-04 2.86e-09  1.88e-09  54617s
 533   1.64603998e+00  1.64642961e+00  3.60e-04 3.02e-09  1.87e-09  54708s
 534   1.64603999e+00  1.64642958e+00  3.60e-04 2.81e-09  1.87e-09  54820s
 535   1.64604030e+00  1.64643144e+00  3.59e-04 2.22e-09  1.88e-09  54929s
 536   1.64604033e+00  1.64643122e+00  3.59e-04 2.24e-09  1.88e-09  55027s
 537   1.64604040e+00  1.64643121e+00  3.59e-04 2.24e-09  1.87e-09  55078s
 538   1.64604184e+00  1.64643104e+00  3.58e-04 2.21e-09  1.87e-09  55151s
 539   1.64604697e+00  1.64643026e+00  3.53e-04 2.85e-09  1.84e-09  55260s
 540   1.64604711e+00  1.64643019e+00  3.53e-04 2.59e-09  1.84e-09  55316s
 541   1.64604716e+00  1.64643018e+00  3.53e-04 2.63e-09  1.84e-09  55378s
 542   1.64604721e+00  1.64643014e+00  3.53e-04 2.67e-09  1.84e-09  55433s
 543   1.64604724e+00  1.64643013e+00  3.53e-04 2.67e-09  1.84e-09  55487s
 544   1.64604724e+00  1.64643013e+00  3.53e-04 2.67e-09  1.84e-09  55545s
 545   1.64604774e+00  1.64643018e+00  3.52e-04 2.62e-09  1.84e-09  55653s
 546   1.64604774e+00  1.64643018e+00  3.52e-04 2.62e-09  1.84e-09  55715s
 547   1.64604776e+00  1.64643018e+00  3.52e-04 2.63e-09  1.84e-09  55770s
 548   1.64604801e+00  1.64643012e+00  3.52e-04 2.78e-09  1.83e-09  55814s
 549   1.64604801e+00  1.64643009e+00  3.52e-04 2.89e-09  1.83e-09  55912s

Barrier solved model in 549 iterations and 55911.75 seconds (35659.44 work units)
Optimal objective 1.64604697e+00

