Set parameter Username
Academic license - for non-commercial use only - expires 2027-02-09
Set parameter Threads to value 4
Set parameter Method to value 2
Set parameter BarOrder to value 1
Set parameter BarHomogeneous to value 1
Set parameter NumericFocus to value 2
Set parameter Crossover to value 0
Gurobi Optimizer version 9.5.1 build v9.5.1rc2 (linux64)
Thread count: 32 physical cores, 64 logical processors, using up to 4 threads
Optimize a model with 7037744 rows, 6709211 columns and 43705998 nonzeros
Model fingerprint: 0xc5a3b7d3
Coefficient statistics:
  Matrix range     [2e-04, 3e+00]
  Objective range  [1e+00, 1e+00]
  Bounds range     [0e+00, 0e+00]
  RHS range        [7e-04, 1e+00]
Presolve removed 1870197 rows and 5442496 columns (presolve time = 5s) ...
Presolve removed 2102830 rows and 5560366 columns (presolve time = 13s) ...
Presolve removed 2112464 rows and 5570000 columns (presolve time = 17s) ...
Presolve removed 2335464 rows and 5793000 columns (presolve time = 30s) ...
Presolve removed 2791805 rows and 5793001 columns (presolve time = 37s) ...
Presolve removed 2791805 rows and 5793001 columns (presolve time = 41s) ...
Presolve removed 2791805 rows and 5793001 columns
Presolve time: 41.56s
Presolved: 4245939 rows, 916210 columns, 29337895 nonzeros
Ordering time: 4.60s

Barrier statistics:
 Dense cols : 330
 AA' NZ     : 1.121e+08
 Factor NZ  : 1.577e+08 (roughly 3.4 GB of memory)
 Factor Ops : 1.224e+10 (roughly 1 second per iteration)
 Threads    : 4

                  Objective                Residual
Iter       Primal          Dual         Primal    Dual     Compl     Time
   0   3.17789761e+00  6.25000000e+01  5.89e+07 6.25e-02  1.00e+06  3568s
   1   4.60256215e+00  1.29180753e+06  5.38e+07 6.72e+02  8.88e+05  3579s
   2   5.44387459e+00  3.89975966e+06  4.06e+07 3.22e+02  5.30e+05  3592s
   3   4.43703131e+01  4.49987503e+06  2.50e+07 1.92e+02  3.16e+05  3610s
   4   6.00405482e+00  1.44645249e+05  1.34e+06 6.09e+00  8.74e+02  3628s
   5   5.32982365e+00  5.58572550e+04  6.09e+05 2.22e+00  2.37e+02  3641s
   6   5.16966494e+00  3.67953396e+04  4.46e+05 1.40e+00  1.43e+02  3658s
   7   5.02467743e+00  2.48404145e+04  3.00e+05 9.22e-01  8.47e+01  3674s
   8   4.95002301e+00  1.84898460e+04  2.10e+05 6.78e-01  5.62e+01  3694s
   9   5.16215977e+00  1.04220437e+04  1.88e+05 3.90e-01  4.60e+01  3712s
  10   5.06869914e+00  9.05971978e+03  1.92e+05 3.56e-01  5.00e+01  3729s
  11   4.65607217e+00  8.26553829e+03  1.69e+05 3.35e-01  4.62e+01  3749s
  12   3.86814974e+00  5.45037165e+03  1.30e+05 2.23e-01  3.33e+01  3766s
  13   3.58158686e+00  4.08229980e+03  8.78e+04 1.66e-01  2.28e+01  3783s
  14   3.61267538e+00  1.72225026e+03  5.95e+04 6.94e-02  1.41e+01  3802s
  15   3.91911287e+00  6.74801272e+02  4.30e+04 2.71e-02  9.62e+00  3823s
  16   4.16745763e+00  3.81942209e+02  3.14e+04 1.51e-02  6.94e+00  3842s
  17   4.51326959e+00  2.49194584e+02  2.22e+04 9.75e-03  4.88e+00  3855s
  18   4.96445145e+00  1.73455090e+02  1.63e+04 6.98e-03  3.64e+00  3870s
  19   5.60570468e+00  1.28175611e+02  1.16e+04 5.07e-03  2.62e+00  3887s
  20   5.98337133e+00  1.00277046e+02  8.29e+03 3.75e-03  1.84e+00  3901s
  21   6.97147810e+00  7.83998396e+01  5.76e+03 2.64e-03  1.23e+00  3915s
  22   7.71538158e+00  6.59345976e+01  3.44e+03 1.94e-03  6.94e-01  3934s
  23   7.95599608e+00  5.21561454e+01  2.32e+03 1.34e-03  4.17e-01  3959s
  24   6.64071483e+00  4.52814040e+01  1.73e+03 1.13e-03  3.01e-01  3985s
  25   6.21363722e+00  3.72485749e+01  1.60e+03 8.88e-04  2.46e-01  4011s
  26   5.35985672e+00  3.28750957e+01  1.31e+03 7.47e-04  1.85e-01  4037s
  27   4.24503016e+00  2.80988942e+01  9.69e+02 5.96e-04  1.23e-01  4064s
  28   3.03628364e+00  1.96016437e+01  5.76e+02 3.76e-04  5.28e-02  4090s
  29   2.05562500e+00  1.05328242e+01  2.14e+02 1.72e-04  1.11e-02  4118s
  30   1.76308971e+00  6.44716035e+00  8.21e+01 9.51e-05  2.75e-03  4143s
  31   1.66033320e+00  5.00245343e+00  3.62e+01 6.63e-05  1.03e-03  4170s
  32   1.62089358e+00  4.09757522e+00  1.88e+01 4.91e-05  4.85e-04  4191s
  33   1.60228116e+00  3.58559936e+00  1.31e+01 3.91e-05  3.22e-04  4214s
  34   1.58002766e+00  3.12293487e+00  7.73e+00 3.03e-05  1.89e-04  4240s
  35   1.54949076e+00  2.80757225e+00  4.06e+00 2.44e-05  1.12e-04  4262s
  36   1.52256274e+00  2.60245988e+00  2.24e+00 2.06e-05  7.79e-05  4289s
  37   1.49637631e+00  2.38454603e+00  1.27e+00 1.66e-05  5.64e-05  4317s
  38   1.47163730e+00  2.14396279e+00  7.81e-01 1.24e-05  4.05e-05  4343s
  39   1.45557399e+00  2.02704813e+00  4.94e-01 1.04e-05  3.26e-05  4370s
  40   1.45296677e+00  1.92651731e+00  3.93e-01 8.61e-06  2.65e-05  4393s
  41   1.45695361e+00  1.87016428e+00  3.11e-01 7.62e-06  2.25e-05  4411s
  42   1.46200238e+00  1.83359820e+00  2.80e-01 6.94e-06  2.00e-05  4438s
  43   1.46921570e+00  1.78140179e+00  2.39e-01 5.89e-06  1.65e-05  4472s
  44   1.47230080e+00  1.73571584e+00  2.18e-01 4.96e-06  1.37e-05  4507s
  45   1.47933027e+00  1.70933871e+00  1.77e-01 4.38e-06  1.17e-05  4545s
  46   1.48955388e+00  1.67048755e+00  1.41e-01 3.49e-06  8.95e-06  4586s
  47   1.49665959e+00  1.63461898e+00  1.24e-01 2.55e-06  6.42e-06  4629s
  48   1.50080419e+00  1.63281189e+00  1.15e-01 2.47e-06  6.12e-06  4677s
  49   1.50870566e+00  1.63004256e+00  1.01e-01 2.36e-06  5.68e-06  4724s
  50   1.51226290e+00  1.62400188e+00  9.63e-02 2.12e-06  5.09e-06  4761s
  51   1.51471268e+00  1.62240361e+00  9.25e-02 2.05e-06  4.89e-06  4817s
  52   1.51870521e+00  1.61726897e+00  8.68e-02 1.81e-06  4.31e-06  4866s
  53   1.52214233e+00  1.61711344e+00  8.22e-02 1.74e-06  4.12e-06  4921s
  54   1.52573768e+00  1.61703752e+00  7.78e-02 1.71e-06  3.99e-06  4976s
  55   1.53240907e+00  1.61541620e+00  7.17e-02 1.59e-06  3.65e-06  5019s
  56   1.53750282e+00  1.61509151e+00  6.75e-02 1.53e-06  3.50e-06  5065s
  57   1.54082006e+00  1.61473529e+00  6.44e-02 1.44e-06  3.26e-06  5126s
  58   1.54404385e+00  1.61450740e+00  6.15e-02 1.30e-06  2.96e-06  5194s
  59   1.55327695e+00  1.61453031e+00  5.47e-02 1.29e-06  2.81e-06  5250s
  60   1.55770687e+00  1.61540728e+00  5.15e-02 1.18e-06  2.56e-06  5328s
  61   1.56210037e+00  1.61994247e+00  4.84e-02 7.97e-07  1.87e-06  5404s
  62   1.57847044e+00  1.62125098e+00  3.81e-02 7.38e-07  1.58e-06  5525s
  63   1.57868772e+00  1.62126111e+00  3.80e-02 7.38e-07  1.58e-06  5558s
  64   1.57976473e+00  1.62290879e+00  3.72e-02 8.13e-07  1.45e-06  5642s
  65   1.58352038e+00  1.62417806e+00  3.48e-02 7.83e-07  1.22e-06  5689s
  66   1.58501640e+00  1.62432913e+00  3.38e-02 7.75e-07  1.20e-06  5750s
  67   1.58510974e+00  1.62444559e+00  3.37e-02 7.69e-07  1.19e-06  5800s
  68   1.58742990e+00  1.62463615e+00  3.26e-02 7.54e-07  1.17e-06  5839s
  69   1.59038592e+00  1.62515091e+00  3.05e-02 7.28e-07  1.09e-06  5894s
  70   1.59240004e+00  1.62591920e+00  2.92e-02 6.91e-07  1.03e-06  5922s
  71   1.59276723e+00  1.62655248e+00  2.90e-02 6.35e-07  9.82e-07  5951s
  72   1.59430684e+00  1.62675013e+00  2.79e-02 6.12e-07  9.55e-07  5990s
  73   1.59578456e+00  1.62728755e+00  2.69e-02 5.92e-07  9.16e-07  6030s
  74   1.59667973e+00  1.62765951e+00  2.63e-02 5.73e-07  8.89e-07  6084s
  75   1.59670195e+00  1.62772356e+00  2.63e-02 5.76e-07  8.85e-07  6120s
  76   1.59970462e+00  1.62822162e+00  2.47e-02 5.58e-07  8.46e-07  6173s
  77   1.59989290e+00  1.62865323e+00  2.46e-02 5.32e-07  8.19e-07  6220s
  78   1.60098998e+00  1.62884545e+00  2.39e-02 5.21e-07  8.01e-07  6253s
  79   1.60101319e+00  1.62933017e+00  2.39e-02 5.02e-07  7.78e-07  6280s
  80   1.60229842e+00  1.62974410e+00  2.31e-02 4.86e-07  7.50e-07  6322s
  81   1.60430127e+00  1.62988769e+00  2.19e-02 4.79e-07  7.25e-07  6361s
  82   1.60581324e+00  1.63102956e+00  2.11e-02 4.55e-07  6.97e-07  6400s
  83   1.60735737e+00  1.63138138e+00  2.02e-02 4.42e-07  6.74e-07  6455s
  84   1.60785027e+00  1.63173394e+00  2.00e-02 4.23e-07  6.59e-07  6486s
  85   1.60833397e+00  1.63214963e+00  1.97e-02 4.12e-07  6.43e-07  6530s
  86   1.60923894e+00  1.63259511e+00  1.92e-02 3.99e-07  6.23e-07  6568s
  87   1.60979299e+00  1.63309739e+00  1.89e-02 3.76e-07  6.05e-07  6601s
  88   1.61289440e+00  1.63440937e+00  1.73e-02 3.41e-07  5.50e-07  6647s
  89   1.61882637e+00  1.63561322e+00  1.45e-02 3.10e-07  4.79e-07  6694s
  90   1.62213270e+00  1.63667641e+00  1.28e-02 2.80e-07  4.32e-07  6733s
  91   1.62521722e+00  1.63818584e+00  1.12e-02 2.50e-07  3.78e-07  6785s
  92   1.62656841e+00  1.64020225e+00  1.05e-02 2.01e-07  3.26e-07  6818s
  93   1.62692320e+00  1.64063999e+00  1.03e-02 1.91e-07  3.14e-07  6839s
  94   1.62951613e+00  1.64149536e+00  9.08e-03 1.70e-07  2.77e-07  6883s
  95   1.63163915e+00  1.64235384e+00  8.05e-03 1.44e-07  2.43e-07  6934s
  96   1.63250368e+00  1.64303260e+00  7.62e-03 1.26e-07  2.20e-07  6976s
  97   1.63250881e+00  1.64304238e+00  7.61e-03 1.26e-07  2.20e-07  7009s
  98   1.63283365e+00  1.64338046e+00  7.44e-03 1.13e-07  2.05e-07  7045s
  99   1.63312060e+00  1.64348679e+00  7.31e-03 1.11e-07  2.01e-07  7083s
 100   1.63325736e+00  1.64368621e+00  7.23e-03 9.92e-08  1.92e-07  7133s
 101   1.63333686e+00  1.64381233e+00  7.18e-03 9.49e-08  1.87e-07  7175s
 102   1.63333822e+00  1.64381243e+00  7.18e-03 9.49e-08  1.87e-07  7214s
 103   1.63337129e+00  1.64386302e+00  7.17e-03 9.32e-08  1.85e-07  7250s
 104   1.63407185e+00  1.64399453e+00  6.78e-03 8.82e-08  1.74e-07  7295s
 105   1.63411129e+00  1.64411338e+00  6.76e-03 8.46e-08  1.71e-07  7329s
 106   1.63430509e+00  1.64471741e+00  6.67e-03 6.99e-08  1.60e-07  7382s
 107   1.63430388e+00  1.64473086e+00  6.67e-03 7.08e-08  1.61e-07  7413s
 108   1.63445308e+00  1.64491603e+00  6.60e-03 6.63e-08  1.56e-07  7453s
 109   1.63457387e+00  1.64497740e+00  6.54e-03 6.55e-08  1.54e-07  7486s
 110   1.63464879e+00  1.64517339e+00  6.51e-03 6.21e-08  1.50e-07  7519s
 111   1.63483134e+00  1.64526009e+00  6.42e-03 5.90e-08  1.47e-07  7555s
 112   1.63487099e+00  1.64548514e+00  6.40e-03 5.55e-08  1.44e-07  7600s
 113   1.63487611e+00  1.64548562e+00  6.40e-03 5.55e-08  1.44e-07  7636s
 114   1.63487634e+00  1.64548567e+00  6.40e-03 5.55e-08  1.44e-07  7662s
 115   1.63491576e+00  1.64553898e+00  6.38e-03 5.44e-08  1.43e-07  7704s
 116   1.63494263e+00  1.64559987e+00  6.37e-03 5.31e-08  1.42e-07  7760s
 117   1.63492994e+00  1.64559999e+00  6.38e-03 5.31e-08  1.42e-07  7787s
 118   1.63495963e+00  1.64561176e+00  6.36e-03 5.29e-08  1.42e-07  7833s
 119   1.63496304e+00  1.64561053e+00  6.36e-03 5.28e-08  1.42e-07  7883s
 120   1.63500413e+00  1.64565060e+00  6.34e-03 5.23e-08  1.41e-07  7930s
 121   1.63504623e+00  1.64569673e+00  6.32e-03 5.20e-08  1.39e-07  7965s
 122   1.63506300e+00  1.64580662e+00  6.31e-03 5.06e-08  1.38e-07  8052s
 123   1.63508211e+00  1.64589550e+00  6.30e-03 4.90e-08  1.36e-07  8116s
 124   1.63512883e+00  1.64591334e+00  6.29e-03 4.87e-08  1.36e-07  8156s
 125   1.63518568e+00  1.64594029e+00  6.26e-03 4.82e-08  1.35e-07  8201s
 126   1.63518919e+00  1.64594513e+00  6.26e-03 4.80e-08  1.35e-07  8241s
 127   1.63526496e+00  1.64602444e+00  6.22e-03 4.71e-08  1.33e-07  8291s
 128   1.63530801e+00  1.64608973e+00  6.20e-03 4.60e-08  1.32e-07  8371s
 129   1.63534474e+00  1.64613444e+00  6.19e-03 4.43e-08  1.31e-07  8399s
 130   1.63535265e+00  1.64622579e+00  6.18e-03 4.36e-08  1.29e-07  8433s
 131   1.63536286e+00  1.64623683e+00  6.18e-03 4.34e-08  1.29e-07  8472s
 132   1.63537114e+00  1.64627325e+00  6.17e-03 4.32e-08  1.29e-07  8525s
 133   1.63537267e+00  1.64627352e+00  6.17e-03 4.32e-08  1.29e-07  8557s
 134   1.63537481e+00  1.64631075e+00  6.17e-03 4.26e-08  1.28e-07  8640s
 135   1.63553359e+00  1.64631833e+00  6.10e-03 4.27e-08  1.27e-07  8667s
 136   1.63556587e+00  1.64636040e+00  6.08e-03 4.16e-08  1.26e-07  8735s
 137   1.63562082e+00  1.64642374e+00  6.06e-03 4.03e-08  1.25e-07  8767s
 138   1.63567745e+00  1.64642806e+00  6.04e-03 4.03e-08  1.25e-07  8807s
 139   1.63567517e+00  1.64642846e+00  6.04e-03 4.03e-08  1.25e-07  8833s
 140   1.63569185e+00  1.64648592e+00  6.03e-03 3.96e-08  1.24e-07  8865s
 141   1.63573861e+00  1.64659989e+00  6.01e-03 3.80e-08  1.22e-07  8909s
 142   1.63579235e+00  1.64665390e+00  5.98e-03 3.71e-08  1.21e-07  8950s
 143   1.63589813e+00  1.64681843e+00  5.94e-03 3.39e-08  1.18e-07  9000s
 144   1.63591900e+00  1.64686666e+00  5.93e-03 3.30e-08  1.17e-07  9041s
 145   1.63595953e+00  1.64692817e+00  5.91e-03 3.20e-08  1.16e-07  9078s
 146   1.63596247e+00  1.64692844e+00  5.91e-03 3.19e-08  1.16e-07  9112s
 147   1.63595934e+00  1.64692878e+00  5.91e-03 3.20e-08  1.16e-07  9171s
 148   1.63596018e+00  1.64692887e+00  5.91e-03 3.20e-08  1.16e-07  9208s
 149   1.63596731e+00  1.64695731e+00  5.90e-03 3.23e-08  1.15e-07  9253s
 150   1.63602295e+00  1.64701826e+00  5.88e-03 3.14e-08  1.14e-07  9320s
 151   1.63604472e+00  1.64708802e+00  5.87e-03 3.04e-08  1.13e-07  9376s
 152   1.63607602e+00  1.64709186e+00  5.85e-03 3.04e-08  1.13e-07  9408s
 153   1.63618150e+00  1.64720470e+00  5.80e-03 2.97e-08  1.10e-07  9440s
 154   1.63618643e+00  1.64720648e+00  5.80e-03 2.96e-08  1.10e-07  9468s
 155   1.63618714e+00  1.64720556e+00  5.80e-03 2.97e-08  1.10e-07  9515s
 156   1.63628350e+00  1.64721120e+00  5.76e-03 2.96e-08  1.09e-07  9563s
 157   1.63634653e+00  1.64732560e+00  5.73e-03 2.86e-08  1.07e-07  9611s
 158   1.63635145e+00  1.64732658e+00  5.72e-03 2.85e-08  1.07e-07  9633s
 159   1.63638539e+00  1.64734396e+00  5.71e-03 2.82e-08  1.06e-07  9670s
 160   1.63638655e+00  1.64734347e+00  5.71e-03 2.81e-08  1.06e-07  9704s
 161   1.63645884e+00  1.64736350e+00  5.67e-03 2.77e-08  1.06e-07  9753s
 162   1.63648072e+00  1.64737921e+00  5.66e-03 2.80e-08  1.05e-07  9816s
 163   1.63648171e+00  1.64737918e+00  5.66e-03 2.79e-08  1.05e-07  9858s
 164   1.63650835e+00  1.64742866e+00  5.65e-03 2.73e-08  1.04e-07  9910s
 165   1.63661152e+00  1.64753941e+00  5.60e-03 2.58e-08  1.02e-07  9957s
 166   1.63663837e+00  1.64754448e+00  5.59e-03 2.54e-08  1.01e-07  9996s
 167   1.63664515e+00  1.64755146e+00  5.59e-03 2.58e-08  1.01e-07  10041s
 168   1.63664893e+00  1.64755201e+00  5.58e-03 2.58e-08  1.01e-07  10073s
 169   1.63667591e+00  1.64758420e+00  5.57e-03 2.47e-08  1.00e-07  10110s
 170   1.63675587e+00  1.64761886e+00  5.53e-03 2.37e-08  9.92e-08  10167s
 171   1.63677967e+00  1.64763312e+00  5.52e-03 2.34e-08  9.87e-08  10202s
 172   1.63678151e+00  1.64767007e+00  5.52e-03 2.31e-08  9.81e-08  10285s
 173   1.63678194e+00  1.64767011e+00  5.52e-03 2.31e-08  9.80e-08  10310s
 174   1.63681875e+00  1.64770393e+00  5.51e-03 2.25e-08  9.72e-08  10377s
 175   1.63681763e+00  1.64770406e+00  5.51e-03 2.26e-08  9.72e-08  10420s
 176   1.63683251e+00  1.64772888e+00  5.50e-03 2.24e-08  9.67e-08  10465s
 177   1.63686824e+00  1.64777341e+00  5.48e-03 2.16e-08  9.56e-08  10512s
 178   1.63686941e+00  1.64778065e+00  5.48e-03 2.23e-08  9.55e-08  10552s
 179   1.63687121e+00  1.64778081e+00  5.48e-03 2.23e-08  9.55e-08  10585s
 180   1.63689999e+00  1.64779602e+00  5.47e-03 2.17e-08  9.50e-08  10657s
 181   1.63698678e+00  1.64788098e+00  5.43e-03 1.92e-08  9.26e-08  10705s
 182   1.63699884e+00  1.64790243e+00  5.42e-03 1.89e-08  9.20e-08  10779s
 183   1.63699909e+00  1.64790212e+00  5.42e-03 1.90e-08  9.20e-08  10814s
 184   1.63700077e+00  1.64790224e+00  5.42e-03 1.90e-08  9.20e-08  10849s
 185   1.63700190e+00  1.64790590e+00  5.42e-03 1.88e-08  9.19e-08  10936s
 186   1.63700727e+00  1.64790603e+00  5.42e-03 1.88e-08  9.19e-08  10974s
 187   1.63708973e+00  1.64791556e+00  5.38e-03 1.84e-08  9.11e-08  11015s
 188   1.63710466e+00  1.64792682e+00  5.37e-03 1.77e-08  9.07e-08  11079s
 189   1.63710598e+00  1.64792783e+00  5.37e-03 1.77e-08  9.07e-08  11119s
 190   1.63714091e+00  1.64794050e+00  5.35e-03 1.62e-08  9.02e-08  11150s
 191   1.63715373e+00  1.64794099e+00  5.35e-03 1.63e-08  9.01e-08  11176s
 192   1.63715797e+00  1.64794116e+00  5.34e-03 1.62e-08  9.00e-08  11203s
 193   1.63716041e+00  1.64796095e+00  5.34e-03 1.71e-08  8.96e-08  11252s
 194   1.63720816e+00  1.64796448e+00  5.32e-03 1.63e-08  8.92e-08  11277s
 195   1.63721093e+00  1.64796551e+00  5.32e-03 1.62e-08  8.91e-08  11312s
 196   1.63722518e+00  1.64800030e+00  5.31e-03 1.56e-08  8.82e-08  11422s
 197   1.63729210e+00  1.64800570e+00  5.28e-03 1.47e-08  8.76e-08  11461s
 198   1.63729222e+00  1.64800576e+00  5.28e-03 1.47e-08  8.76e-08  11493s
 199   1.63729988e+00  1.64800869e+00  5.28e-03 1.47e-08  8.74e-08  11529s
 200   1.63730347e+00  1.64801513e+00  5.28e-03 1.39e-08  8.73e-08  11607s
 201   1.63733876e+00  1.64801834e+00  5.26e-03 1.27e-08  8.69e-08  11633s
 202   1.63736274e+00  1.64802961e+00  5.25e-03 1.31e-08  8.64e-08  11687s
 203   1.63737646e+00  1.64803242e+00  5.24e-03 1.32e-08  8.62e-08  11716s
 204   1.63738166e+00  1.64803709e+00  5.24e-03 1.39e-08  8.60e-08  11771s
 205   1.63739897e+00  1.64804097e+00  5.23e-03 1.37e-08  8.58e-08  11825s
 206   1.63741107e+00  1.64805408e+00  5.22e-03 1.30e-08  8.53e-08  11886s
 207   1.63741115e+00  1.64805411e+00  5.22e-03 1.30e-08  8.53e-08  11935s
 208   1.63744840e+00  1.64805689e+00  5.21e-03 1.27e-08  8.50e-08  11974s
 209   1.63744989e+00  1.64805741e+00  5.21e-03 1.27e-08  8.50e-08  12004s
 210   1.63745449e+00  1.64806421e+00  5.20e-03 1.28e-08  8.47e-08  12045s
 211   1.63746122e+00  1.64806712e+00  5.20e-03 1.32e-08  8.45e-08  12095s
 212   1.63746339e+00  1.64806900e+00  5.20e-03 1.26e-08  8.45e-08  12146s
 213   1.63746228e+00  1.64806917e+00  5.20e-03 1.26e-08  8.45e-08  12194s
 214   1.63746339e+00  1.64807153e+00  5.20e-03 1.28e-08  8.44e-08  12295s
 215   1.63747979e+00  1.64807437e+00  5.19e-03 1.33e-08  8.42e-08  12322s
 216   1.63748552e+00  1.64807636e+00  5.19e-03 1.25e-08  8.40e-08  12373s
 217   1.63748772e+00  1.64807720e+00  5.19e-03 1.25e-08  8.40e-08  12408s
 218   1.63749018e+00  1.64807740e+00  5.19e-03 1.24e-08  8.40e-08  12441s
 219   1.63749102e+00  1.64808325e+00  5.19e-03 1.22e-08  8.39e-08  12513s
 220   1.63749203e+00  1.64808329e+00  5.18e-03 1.22e-08  8.39e-08  12556s
 221   1.63749704e+00  1.64808724e+00  5.18e-03 1.15e-08  8.37e-08  12598s
 222   1.63749807e+00  1.64809016e+00  5.18e-03 1.11e-08  8.36e-08  12646s
 223   1.63749780e+00  1.64809031e+00  5.18e-03 1.11e-08  8.36e-08  12692s
 224   1.63749938e+00  1.64809040e+00  5.18e-03 1.11e-08  8.36e-08  12721s
 225   1.63751987e+00  1.64809237e+00  5.17e-03 1.08e-08  8.34e-08  12761s
 226   1.63752009e+00  1.64809239e+00  5.17e-03 1.08e-08  8.34e-08  12789s
 227   1.63757961e+00  1.64809691e+00  5.14e-03 1.17e-08  8.28e-08  12832s
 228   1.63761645e+00  1.64810277e+00  5.13e-03 9.97e-09  8.25e-08  12859s
 229   1.63761917e+00  1.64810454e+00  5.13e-03 1.02e-08  8.24e-08  12907s
 230   1.63762426e+00  1.64811095e+00  5.12e-03 9.94e-09  8.22e-08  12983s
 231   1.63763089e+00  1.64811413e+00  5.12e-03 9.58e-09  8.19e-08  13025s
 232   1.63764559e+00  1.64811433e+00  5.11e-03 9.52e-09  8.17e-08  13065s
 233   1.63764577e+00  1.64811454e+00  5.11e-03 9.70e-09  8.17e-08  13111s
 234   1.63764878e+00  1.64811473e+00  5.11e-03 9.70e-09  8.17e-08  13142s
 235   1.63764886e+00  1.64811471e+00  5.11e-03 9.70e-09  8.17e-08  13170s
 236   1.63774257e+00  1.64811563e+00  5.07e-03 9.61e-09  8.10e-08  13207s
 237   1.63774260e+00  1.64811563e+00  5.07e-03 9.61e-09  8.10e-08  13228s
 238   1.63774262e+00  1.64811562e+00  5.07e-03 9.61e-09  8.10e-08  13252s
 239   1.63773738e+00  1.64811633e+00  5.07e-03 9.61e-09  8.11e-08  13293s
 240   1.63773753e+00  1.64811637e+00  5.07e-03 9.67e-09  8.11e-08  13338s
 241   1.63773754e+00  1.64811633e+00  5.07e-03 9.65e-09  8.11e-08  13380s
 242   1.63773760e+00  1.64811577e+00  5.07e-03 9.12e-09  8.11e-08  13411s
 243   1.63775305e+00  1.64811651e+00  5.06e-03 9.07e-09  8.09e-08  13452s
 244   1.63776949e+00  1.64812307e+00  5.05e-03 8.71e-09  8.07e-08  13557s
 245   1.63778034e+00  1.64812368e+00  5.05e-03 8.83e-09  8.06e-08  13590s
 246   1.63779048e+00  1.64812397e+00  5.04e-03 8.84e-09  8.05e-08  13649s
 247   1.63779597e+00  1.64812897e+00  5.04e-03 9.14e-09  8.04e-08  13679s
 248   1.63779844e+00  1.64812931e+00  5.04e-03 9.23e-09  8.03e-08  13718s
 249   1.63788372e+00  1.64813743e+00  5.00e-03 9.22e-09  7.97e-08  13757s
 250   1.63788514e+00  1.64813737e+00  5.00e-03 9.14e-09  7.96e-08  13794s
 251   1.63788690e+00  1.64813736e+00  5.00e-03 9.14e-09  7.96e-08  13826s
 252   1.63788381e+00  1.64813751e+00  5.00e-03 9.50e-09  7.97e-08  13850s
 253   1.63788383e+00  1.64813778e+00  5.00e-03 9.98e-09  7.97e-08  13891s
 254   1.63798659e+00  1.64813818e+00  4.95e-03 9.96e-09  7.90e-08  13934s
 255   1.63800284e+00  1.64813858e+00  4.94e-03 1.02e-08  7.88e-08  13970s
 256   1.63800616e+00  1.64813848e+00  4.94e-03 1.01e-08  7.87e-08  14030s
 257   1.63801330e+00  1.64814013e+00  4.94e-03 9.98e-09  7.85e-08  14080s
 258   1.63828666e+00  1.64813968e+00  4.80e-03 9.50e-09  7.64e-08  14108s
 259   1.63830562e+00  1.64813912e+00  4.79e-03 9.16e-09  7.59e-08  14154s
 260   1.63830789e+00  1.64813842e+00  4.79e-03 9.61e-09  7.58e-08  14188s
 261   1.63830696e+00  1.64813840e+00  4.79e-03 9.61e-09  7.59e-08  14215s
 262   1.63830898e+00  1.64813895e+00  4.79e-03 9.52e-09  7.60e-08  14251s
 263   1.63830895e+00  1.64813918e+00  4.79e-03 9.45e-09  7.60e-08  14290s
 264   1.63832558e+00  1.64814188e+00  4.78e-03 8.93e-09  7.57e-08  14342s
 265   1.63834893e+00  1.64814199e+00  4.77e-03 9.14e-09  7.55e-08  14378s
 266   1.63835262e+00  1.64814188e+00  4.77e-03 8.87e-09  7.54e-08  14416s
 267   1.63836651e+00  1.64814205e+00  4.76e-03 9.00e-09  7.53e-08  14466s
 268   1.63837418e+00  1.64814197e+00  4.76e-03 9.12e-09  7.52e-08  14504s
 269   1.63841184e+00  1.64814179e+00  4.74e-03 1.01e-08  7.49e-08  14535s
 270   1.63841301e+00  1.64814086e+00  4.74e-03 9.77e-09  7.48e-08  14580s
 271   1.63842778e+00  1.64814107e+00  4.74e-03 9.52e-09  7.47e-08  14628s
 272   1.63842794e+00  1.64814111e+00  4.73e-03 9.98e-09  7.47e-08  14664s
 273   1.63843402e+00  1.64814084e+00  4.73e-03 1.08e-08  7.45e-08  14711s
 274   1.63845754e+00  1.64814080e+00  4.72e-03 1.07e-08  7.43e-08  14749s
 275   1.63845924e+00  1.64814083e+00  4.72e-03 1.07e-08  7.43e-08  14786s
 276   1.63845997e+00  1.64814055e+00  4.72e-03 1.06e-08  7.42e-08  14826s
 277   1.63846685e+00  1.64814054e+00  4.72e-03 1.06e-08  7.42e-08  14854s
 278   1.63847153e+00  1.64814036e+00  4.71e-03 1.06e-08  7.41e-08  14886s
 279   1.63848270e+00  1.64814049e+00  4.71e-03 1.02e-08  7.40e-08  14932s
 280   1.63849487e+00  1.64814570e+00  4.70e-03 9.15e-09  7.36e-08  14999s
 281   1.63855582e+00  1.64814515e+00  4.67e-03 9.49e-09  7.31e-08  15032s
 282   1.63856095e+00  1.64814435e+00  4.67e-03 1.02e-08  7.30e-08  15075s
 283   1.63856387e+00  1.64814409e+00  4.67e-03 1.04e-08  7.30e-08  15110s
 284   1.63857632e+00  1.64814451e+00  4.66e-03 1.04e-08  7.29e-08  15146s
 285   1.63857858e+00  1.64814459e+00  4.66e-03 1.03e-08  7.29e-08  15182s
 286   1.63857861e+00  1.64814460e+00  4.66e-03 1.03e-08  7.29e-08  15231s
 287   1.63860121e+00  1.64814451e+00  4.65e-03 9.42e-09  7.27e-08  15271s
 288   1.63862429e+00  1.64814231e+00  4.64e-03 9.21e-09  7.24e-08  15312s
 289   1.63862500e+00  1.64814227e+00  4.64e-03 9.21e-09  7.24e-08  15343s
 290   1.63867869e+00  1.64814248e+00  4.61e-03 9.20e-09  7.21e-08  15371s
 291   1.63870334e+00  1.64814295e+00  4.60e-03 8.79e-09  7.18e-08  15413s
 292   1.63869810e+00  1.64814317e+00  4.60e-03 8.85e-09  7.19e-08  15453s
 293   1.63870054e+00  1.64814261e+00  4.60e-03 8.91e-09  7.19e-08  15496s
 294   1.63870054e+00  1.64814274e+00  4.60e-03 9.21e-09  7.19e-08  15539s
 295   1.63870282e+00  1.64814287e+00  4.60e-03 9.21e-09  7.19e-08  15574s
 296   1.63870303e+00  1.64814285e+00  4.60e-03 9.22e-09  7.19e-08  15610s
 297   1.63870083e+00  1.64814341e+00  4.60e-03 9.15e-09  7.19e-08  15639s
 298   1.63870267e+00  1.64814309e+00  4.60e-03 9.05e-09  7.19e-08  15679s
 299   1.63876282e+00  1.64814364e+00  4.57e-03 8.89e-09  7.14e-08  15727s
 300   1.63876282e+00  1.64814354e+00  4.57e-03 9.37e-09  7.14e-08  15775s
 301   1.63876240e+00  1.64814402e+00  4.57e-03 9.44e-09  7.14e-08  15822s
 302   1.63876646e+00  1.64814378e+00  4.57e-03 9.34e-09  7.14e-08  15854s
 303   1.63876911e+00  1.64814379e+00  4.57e-03 9.47e-09  7.14e-08  15896s
 304   1.63878440e+00  1.64814353e+00  4.56e-03 9.54e-09  7.12e-08  15936s
 305   1.63879203e+00  1.64816517e+00  4.56e-03 8.95e-09  7.11e-08  15991s
 306   1.63881574e+00  1.64816089e+00  4.55e-03 9.68e-09  7.07e-08  16033s
 307   1.63884411e+00  1.64815922e+00  4.53e-03 9.67e-09  7.05e-08  16067s
 308   1.63884430e+00  1.64815926e+00  4.53e-03 9.69e-09  7.05e-08  16107s
 309   1.63885554e+00  1.64815801e+00  4.53e-03 9.50e-09  7.03e-08  16172s
 310   1.63887611e+00  1.64815528e+00  4.52e-03 9.00e-09  7.00e-08  16226s
 311   1.63892003e+00  1.64815509e+00  4.50e-03 8.99e-09  6.97e-08  16254s
 312   1.63892417e+00  1.64815428e+00  4.49e-03 8.72e-09  6.97e-08  16285s
 313   1.63892452e+00  1.64815407e+00  4.49e-03 8.31e-09  6.97e-08  16364s
 314   1.63892508e+00  1.64815251e+00  4.49e-03 8.50e-09  6.96e-08  16430s
 315   1.63892368e+00  1.64815287e+00  4.49e-03 8.23e-09  6.97e-08  16465s
 316   1.63894025e+00  1.64815070e+00  4.49e-03 8.06e-09  6.95e-08  16490s
 317   1.63895089e+00  1.64814632e+00  4.48e-03 8.88e-09  6.93e-08  16532s
 318   1.63895685e+00  1.64814409e+00  4.48e-03 9.73e-09  6.92e-08  16579s
 319   1.63895696e+00  1.64814415e+00  4.48e-03 9.86e-09  6.92e-08  16606s
 320   1.63898120e+00  1.64814267e+00  4.47e-03 8.58e-09  6.90e-08  16664s
 321   1.63898135e+00  1.64814266e+00  4.47e-03 8.58e-09  6.90e-08  16711s
 322   1.63899289e+00  1.64814108e+00  4.46e-03 8.00e-09  6.89e-08  16755s
 323   1.63897979e+00  1.64814148e+00  4.47e-03 8.11e-09  6.91e-08  16802s
 324   1.63898239e+00  1.64814118e+00  4.47e-03 8.03e-09  6.90e-08  16834s
 325   1.63899613e+00  1.64814078e+00  4.46e-03 7.61e-09  6.88e-08  16895s
 326   1.63899666e+00  1.64813914e+00  4.46e-03 9.07e-09  6.88e-08  16946s
 327   1.63899865e+00  1.64813894e+00  4.46e-03 9.18e-09  6.87e-08  16983s
 328   1.63900113e+00  1.64813743e+00  4.46e-03 9.13e-09  6.87e-08  17016s
 329   1.63900116e+00  1.64813675e+00  4.46e-03 1.01e-08  6.87e-08  17055s
 330   1.63900314e+00  1.64813573e+00  4.46e-03 1.01e-08  6.86e-08  17098s
 331   1.63900331e+00  1.64813573e+00  4.46e-03 1.01e-08  6.86e-08  17126s
 332   1.63900029e+00  1.64813959e+00  4.46e-03 8.51e-09  6.87e-08  17162s
 333   1.63901011e+00  1.64813916e+00  4.45e-03 8.52e-09  6.86e-08  17194s
 334   1.63901846e+00  1.64813744e+00  4.45e-03 8.46e-09  6.85e-08  17221s
 335   1.63901905e+00  1.64813678e+00  4.45e-03 8.61e-09  6.85e-08  17251s
 336   1.63902192e+00  1.64813551e+00  4.45e-03 8.94e-09  6.85e-08  17294s
 337   1.63903223e+00  1.64813549e+00  4.44e-03 9.06e-09  6.84e-08  17328s
 338   1.63903602e+00  1.64813414e+00  4.44e-03 9.43e-09  6.84e-08  17370s
 339   1.63905754e+00  1.64813258e+00  4.43e-03 9.11e-09  6.82e-08  17423s
 340   1.63911261e+00  1.64813027e+00  4.40e-03 8.92e-09  6.78e-08  17451s
 341   1.63912167e+00  1.64812627e+00  4.40e-03 9.25e-09  6.76e-08  17491s
 342   1.63914226e+00  1.64812285e+00  4.39e-03 9.27e-09  6.74e-08  17540s
 343   1.63914354e+00  1.64812192e+00  4.39e-03 9.22e-09  6.74e-08  17571s
 344   1.63915311e+00  1.64812021e+00  4.38e-03 9.06e-09  6.73e-08  17597s
 345   1.63921636e+00  1.64811984e+00  4.35e-03 9.43e-09  6.69e-08  17680s
 346   1.63921644e+00  1.64811973e+00  4.35e-03 9.21e-09  6.69e-08  17718s
 347   1.63921943e+00  1.64811968e+00  4.35e-03 9.20e-09  6.69e-08  17754s
 348   1.63922597e+00  1.64811807e+00  4.35e-03 9.85e-09  6.68e-08  17789s
 349   1.63922939e+00  1.64811701e+00  4.34e-03 1.08e-08  6.68e-08  17819s
 350   1.63923534e+00  1.64811589e+00  4.34e-03 1.18e-08  6.68e-08  17849s
 351   1.63923565e+00  1.64811597e+00  4.34e-03 1.18e-08  6.68e-08  17913s
 352   1.63923676e+00  1.64811594e+00  4.34e-03 1.18e-08  6.67e-08  17946s
 353   1.63923590e+00  1.64811533e+00  4.34e-03 1.31e-08  6.68e-08  17977s
 354   1.63923889e+00  1.64811475e+00  4.34e-03 1.33e-08  6.67e-08  18012s
 355   1.63924634e+00  1.64811199e+00  4.33e-03 1.32e-08  6.66e-08  18047s
 356   1.63924487e+00  1.64811283e+00  4.34e-03 1.29e-08  6.66e-08  18092s
 357   1.63926094e+00  1.64811163e+00  4.33e-03 1.38e-08  6.65e-08  18140s
 358   1.63926687e+00  1.64811138e+00  4.32e-03 1.39e-08  6.65e-08  18177s
 359   1.63926781e+00  1.64811082e+00  4.32e-03 1.36e-08  6.64e-08  18226s
 360   1.63926861e+00  1.64811092e+00  4.32e-03 1.27e-08  6.64e-08  18265s
 361   1.63927110e+00  1.64811069e+00  4.32e-03 1.29e-08  6.64e-08  18296s
 362   1.63931130e+00  1.64811521e+00  4.30e-03 1.08e-08  6.59e-08  18341s
 363   1.63931710e+00  1.64811267e+00  4.30e-03 1.26e-08  6.59e-08  18391s
 364   1.63933080e+00  1.64811281e+00  4.29e-03 1.26e-08  6.59e-08  18430s
 365   1.63933078e+00  1.64811219e+00  4.29e-03 1.38e-08  6.59e-08  18460s
 366   1.63933173e+00  1.64811211e+00  4.29e-03 1.38e-08  6.59e-08  18502s
 367   1.63933574e+00  1.64811357e+00  4.29e-03 1.16e-08  6.59e-08  18536s
 368   1.63933601e+00  1.64811345e+00  4.29e-03 1.16e-08  6.59e-08  18577s
 369   1.63935737e+00  1.64811128e+00  4.28e-03 1.30e-08  6.57e-08  18606s
 370   1.63935749e+00  1.64811019e+00  4.28e-03 1.36e-08  6.57e-08  18639s
 371   1.63936399e+00  1.64810840e+00  4.28e-03 1.46e-08  6.57e-08  18679s
 372   1.63936828e+00  1.64810743e+00  4.28e-03 1.51e-08  6.56e-08  18712s
 373   1.63936850e+00  1.64810677e+00  4.27e-03 1.49e-08  6.56e-08  18755s
 374   1.63937638e+00  1.64810617e+00  4.27e-03 1.53e-08  6.55e-08  18788s
 375   1.63940139e+00  1.64810468e+00  4.26e-03 1.61e-08  6.53e-08  18821s
 376   1.63940891e+00  1.64810307e+00  4.25e-03 1.68e-08  6.52e-08  18864s
 377   1.63940898e+00  1.64810231e+00  4.25e-03 1.79e-08  6.52e-08  18907s
 378   1.63940958e+00  1.64810069e+00  4.25e-03 1.85e-08  6.52e-08  18949s
 379   1.63942752e+00  1.64809697e+00  4.25e-03 1.99e-08  6.50e-08  18986s
 380   1.63943003e+00  1.64809520e+00  4.24e-03 2.10e-08  6.50e-08  19029s
 381   1.63943930e+00  1.64809329e+00  4.24e-03 2.21e-08  6.49e-08  19074s
 382   1.63944226e+00  1.64809209e+00  4.24e-03 2.24e-08  6.49e-08  19120s
 383   1.63944311e+00  1.64809103e+00  4.24e-03 2.33e-08  6.49e-08  19173s
 384   1.63944335e+00  1.64809112e+00  4.24e-03 2.27e-08  6.49e-08  19213s
 385   1.63944374e+00  1.64809039e+00  4.24e-03 2.31e-08  6.48e-08  19274s
 386   1.63949332e+00  1.64808865e+00  4.21e-03 2.43e-08  6.45e-08  19302s
 387   1.63949908e+00  1.64808646e+00  4.21e-03 2.52e-08  6.44e-08  19338s
 388   1.63950061e+00  1.64808840e+00  4.21e-03 2.53e-08  6.44e-08  19380s
 389   1.63952227e+00  1.64808781e+00  4.20e-03 2.57e-08  6.42e-08  19416s
 390   1.63952426e+00  1.64808692e+00  4.20e-03 2.58e-08  6.42e-08  19458s
 391   1.63952668e+00  1.64808522e+00  4.20e-03 2.67e-08  6.42e-08  19491s
 392   1.63952784e+00  1.64808524e+00  4.19e-03 2.68e-08  6.42e-08  19526s
 393   1.63952788e+00  1.64808551e+00  4.19e-03 2.61e-08  6.42e-08  19560s
 394   1.63953374e+00  1.64808498e+00  4.19e-03 2.67e-08  6.41e-08  19600s
 395   1.63953375e+00  1.64808496e+00  4.19e-03 2.67e-08  6.41e-08  19654s
 396   1.63953558e+00  1.64808490e+00  4.19e-03 2.67e-08  6.41e-08  19685s
 397   1.63953738e+00  1.64808342e+00  4.19e-03 2.72e-08  6.41e-08  19756s
 398   1.63954230e+00  1.64808201e+00  4.19e-03 2.81e-08  6.40e-08  19794s
 399   1.63954814e+00  1.64808022e+00  4.18e-03 2.83e-08  6.40e-08  19836s
 400   1.63955030e+00  1.64807771e+00  4.18e-03 2.89e-08  6.39e-08  19879s
 401   1.63955386e+00  1.64807603e+00  4.18e-03 2.94e-08  6.39e-08  19923s
 402   1.63957089e+00  1.64807510e+00  4.17e-03 3.01e-08  6.37e-08  19996s
 403   1.63957912e+00  1.64807366e+00  4.17e-03 3.08e-08  6.37e-08  20021s
 404   1.63960396e+00  1.64807174e+00  4.16e-03 3.10e-08  6.35e-08  20083s
 405   1.63960457e+00  1.64807021e+00  4.16e-03 3.13e-08  6.34e-08  20136s
 406   1.63961301e+00  1.64806882e+00  4.15e-03 3.15e-08  6.34e-08  20176s
 407   1.63962314e+00  1.64807086e+00  4.15e-03 3.18e-08  6.33e-08  20213s
 408   1.63962278e+00  1.64807094e+00  4.15e-03 3.17e-08  6.33e-08  20246s
 409   1.63982719e+00  1.64806866e+00  4.05e-03 3.27e-08  6.18e-08  20287s
 410   1.63982865e+00  1.64806851e+00  4.05e-03 3.22e-08  6.18e-08  20321s
 411   1.63982871e+00  1.64806796e+00  4.05e-03 3.26e-08  6.18e-08  20358s
 412   1.63983578e+00  1.64807026e+00  4.04e-03 3.26e-08  6.17e-08  20398s
 413   1.63984736e+00  1.64806875e+00  4.04e-03 3.29e-08  6.16e-08  20445s
 414   1.63986896e+00  1.64806749e+00  4.03e-03 3.36e-08  6.15e-08  20477s
 415   1.63986944e+00  1.64806734e+00  4.03e-03 3.34e-08  6.15e-08  20523s
 416   1.63989110e+00  1.64806462e+00  4.01e-03 3.40e-08  6.13e-08  20568s
 417   1.63989735e+00  1.64806426e+00  4.01e-03 3.40e-08  6.12e-08  20603s
 418   1.63989780e+00  1.64806388e+00  4.01e-03 3.40e-08  6.12e-08  20646s
 419   1.63990491e+00  1.64806161e+00  4.01e-03 3.45e-08  6.11e-08  20695s
 420   1.63990924e+00  1.64805972e+00  4.01e-03 3.50e-08  6.11e-08  20725s
 421   1.63990899e+00  1.64806006e+00  4.01e-03 3.50e-08  6.11e-08  20761s
 422   1.63990987e+00  1.64806004e+00  4.00e-03 3.50e-08  6.11e-08  20807s
 423   1.63991013e+00  1.64805972e+00  4.00e-03 3.48e-08  6.11e-08  20850s
 424   1.63991039e+00  1.64805920e+00  4.00e-03 3.49e-08  6.11e-08  20928s
 425   1.63991183e+00  1.64805945e+00  4.00e-03 3.49e-08  6.11e-08  20952s
 426   1.63991517e+00  1.64805628e+00  4.00e-03 3.48e-08  6.10e-08  20996s
 427   1.63991566e+00  1.64805521e+00  4.00e-03 3.47e-08  6.10e-08  21034s
 428   1.63991789e+00  1.64805721e+00  4.00e-03 3.48e-08  6.10e-08  21089s
 429   1.63991790e+00  1.64805704e+00  4.00e-03 3.48e-08  6.10e-08  21140s
 430   1.63992867e+00  1.64805941e+00  4.00e-03 3.48e-08  6.09e-08  21189s
 431   1.64010707e+00  1.64805678e+00  3.91e-03 3.46e-08  5.96e-08  21261s
 432   1.64010706e+00  1.64805675e+00  3.91e-03 3.46e-08  5.96e-08  21297s
 433   1.64010776e+00  1.64805664e+00  3.91e-03 3.46e-08  5.96e-08  21345s
 434   1.64011075e+00  1.64805483e+00  3.90e-03 3.45e-08  5.95e-08  21392s
 435   1.64011322e+00  1.64805435e+00  3.90e-03 3.46e-08  5.95e-08  21422s
 436   1.64011359e+00  1.64805339e+00  3.90e-03 3.44e-08  5.95e-08  21508s
 437   1.64012233e+00  1.64805329e+00  3.90e-03 3.44e-08  5.94e-08  21538s
 438   1.64012221e+00  1.64805387e+00  3.90e-03 3.37e-08  5.94e-08  21586s
 439   1.64012207e+00  1.64805542e+00  3.90e-03 4.68e-08  5.94e-08  21628s
 440   1.64012264e+00  1.64805534e+00  3.90e-03 4.67e-08  5.94e-08  21658s
 441   1.64012541e+00  1.64805413e+00  3.90e-03 4.66e-08  5.94e-08  21706s
 442   1.64012589e+00  1.64805311e+00  3.90e-03 4.64e-08  5.94e-08  21743s
 443   1.64012907e+00  1.64805292e+00  3.89e-03 4.58e-08  5.93e-08  21810s
 444   1.64017971e+00  1.64805229e+00  3.87e-03 4.50e-08  5.90e-08  21862s
 445   1.64017985e+00  1.64805187e+00  3.87e-03 4.46e-08  5.90e-08  21903s
 446   1.64017920e+00  1.64805206e+00  3.87e-03 4.41e-08  5.90e-08  21929s
 447   1.64017910e+00  1.64805252e+00  3.87e-03 4.44e-08  5.90e-08  21967s
 448   1.64024111e+00  1.64805074e+00  3.84e-03 4.42e-08  5.85e-08  22003s
 449   1.64024888e+00  1.64804797e+00  3.83e-03 4.25e-08  5.84e-08  22053s
 450   1.64026903e+00  1.64804672e+00  3.83e-03 4.21e-08  5.83e-08  22095s
 451   1.64032226e+00  1.64804620e+00  3.80e-03 4.21e-08  5.80e-08  22135s
 452   1.64033054e+00  1.64804404e+00  3.79e-03 4.15e-08  5.79e-08  22175s
 453   1.64034700e+00  1.64804216e+00  3.79e-03 4.01e-08  5.78e-08  22214s
 454   1.64034801e+00  1.64804202e+00  3.79e-03 4.00e-08  5.78e-08  22245s
 455   1.64035085e+00  1.64804120e+00  3.78e-03 4.01e-08  5.77e-08  22290s
 456   1.64035116e+00  1.64804216e+00  3.78e-03 3.95e-08  5.77e-08  22338s
 457   1.64035181e+00  1.64804045e+00  3.78e-03 3.91e-08  5.77e-08  22404s
 458   1.64036047e+00  1.64803869e+00  3.78e-03 3.78e-08  5.76e-08  22439s
 459   1.64038944e+00  1.64803942e+00  3.77e-03 4.09e-08  5.76e-08  22486s
 460   1.64039575e+00  1.64803768e+00  3.76e-03 4.13e-08  5.75e-08  22515s
 461   1.64040213e+00  1.64803760e+00  3.76e-03 4.13e-08  5.74e-08  22541s
 462   1.64040379e+00  1.64803603e+00  3.76e-03 4.16e-08  5.74e-08  22575s
 463   1.64040429e+00  1.64803503e+00  3.76e-03 4.10e-08  5.74e-08  22607s
 464   1.64040428e+00  1.64803502e+00  3.76e-03 4.10e-08  5.74e-08  22656s
 465   1.64040437e+00  1.64803436e+00  3.76e-03 4.13e-08  5.74e-08  22693s
 466   1.64041091e+00  1.64803333e+00  3.75e-03 4.15e-08  5.73e-08  22733s
 467   1.64060971e+00  1.64803257e+00  3.66e-03 4.18e-08  5.59e-08  22761s
 468   1.64061057e+00  1.64803275e+00  3.66e-03 4.24e-08  5.59e-08  22798s
 469   1.64068136e+00  1.64803212e+00  3.62e-03 4.29e-08  5.53e-08  22828s
 470   1.64069483e+00  1.64803060e+00  3.61e-03 4.29e-08  5.52e-08  22862s
 471   1.64074261e+00  1.64802953e+00  3.59e-03 4.33e-08  5.49e-08  22905s
 472   1.64074968e+00  1.64802923e+00  3.59e-03 4.36e-08  5.48e-08  22955s
 473   1.64078878e+00  1.64802848e+00  3.57e-03 4.36e-08  5.45e-08  23009s
 474   1.64078909e+00  1.64802827e+00  3.57e-03 4.36e-08  5.45e-08  23035s
 475   1.64079499e+00  1.64802768e+00  3.56e-03 4.36e-08  5.44e-08  23073s
 476   1.64079615e+00  1.64802778e+00  3.56e-03 4.39e-08  5.44e-08  23121s
 477   1.64079794e+00  1.64802669e+00  3.56e-03 4.36e-08  5.44e-08  23147s
 478   1.64080908e+00  1.64802620e+00  3.56e-03 4.32e-08  5.43e-08  23238s
 479   1.64081009e+00  1.64802474e+00  3.56e-03 4.27e-08  5.42e-08  23270s
 480   1.64081032e+00  1.64802480e+00  3.56e-03 4.27e-08  5.42e-08  23295s
 481   1.64092034e+00  1.64802442e+00  3.50e-03 4.27e-08  5.35e-08  23344s
 482   1.64093169e+00  1.64802363e+00  3.50e-03 4.26e-08  5.34e-08  23368s
 483   1.64093240e+00  1.64802329e+00  3.50e-03 4.27e-08  5.34e-08  23399s
 484   1.64094668e+00  1.64802491e+00  3.49e-03 4.25e-08  5.33e-08  23427s
 485   1.64094681e+00  1.64802446e+00  3.49e-03 4.24e-08  5.33e-08  23452s
 486   1.64094774e+00  1.64802423e+00  3.49e-03 4.23e-08  5.33e-08  23485s
 487   1.64095307e+00  1.64802441e+00  3.49e-03 4.21e-08  5.32e-08  23533s
 488   1.64095330e+00  1.64802375e+00  3.49e-03 4.18e-08  5.32e-08  23570s
 489   1.64095729e+00  1.64802338e+00  3.48e-03 4.15e-08  5.32e-08  23639s
 490   1.64097211e+00  1.64802614e+00  3.48e-03 4.11e-08  5.31e-08  23677s
 491   1.64096987e+00  1.64802626e+00  3.48e-03 4.11e-08  5.32e-08  23708s
 492   1.64097002e+00  1.64802580e+00  3.48e-03 4.11e-08  5.32e-08  23738s
 493   1.64100093e+00  1.64802517e+00  3.46e-03 4.10e-08  5.29e-08  23794s
 494   1.64100163e+00  1.64802512e+00  3.46e-03 4.10e-08  5.29e-08  23826s
 495   1.64100322e+00  1.64802510e+00  3.46e-03 4.10e-08  5.29e-08  23859s
 496   1.64100356e+00  1.64802434e+00  3.46e-03 4.09e-08  5.29e-08  23902s
 497   1.64101096e+00  1.64802313e+00  3.46e-03 4.06e-08  5.28e-08  23933s
 498   1.64101120e+00  1.64802180e+00  3.46e-03 4.04e-08  5.28e-08  23977s
 499   1.64103276e+00  1.64802255e+00  3.45e-03 4.04e-08  5.27e-08  24006s
 500   1.64104783e+00  1.64802186e+00  3.44e-03 4.04e-08  5.26e-08  24036s
 501   1.64105215e+00  1.64802126e+00  3.44e-03 4.02e-08  5.25e-08  24099s
 502   1.64105738e+00  1.64801946e+00  3.44e-03 3.99e-08  5.25e-08  24129s
 503   1.64106033e+00  1.64801820e+00  3.43e-03 3.94e-08  5.24e-08  24195s
 504   1.64106771e+00  1.64801767e+00  3.43e-03 3.93e-08  5.24e-08  24222s
 505   1.64107851e+00  1.64801703e+00  3.42e-03 3.93e-08  5.23e-08  24259s
 506   1.64109841e+00  1.64801486e+00  3.41e-03 3.88e-08  5.21e-08  24291s
 507   1.64109885e+00  1.64801463e+00  3.41e-03 3.88e-08  5.21e-08  24323s
 508   1.64110180e+00  1.64801559e+00  3.41e-03 3.84e-08  5.21e-08  24359s
 509   1.64110192e+00  1.64801467e+00  3.41e-03 3.85e-08  5.21e-08  24391s
 510   1.64124505e+00  1.64801297e+00  3.34e-03 3.81e-08  5.11e-08  24433s
 511   1.64124614e+00  1.64801037e+00  3.34e-03 3.77e-08  5.11e-08  24488s
 512   1.64124770e+00  1.64801160e+00  3.34e-03 3.73e-08  5.10e-08  24525s
 513   1.64124921e+00  1.64801194e+00  3.34e-03 3.73e-08  5.10e-08  24551s
 514   1.64124949e+00  1.64801175e+00  3.34e-03 3.73e-08  5.10e-08  24577s
 515   1.64124955e+00  1.64801140e+00  3.34e-03 3.73e-08  5.10e-08  24603s
 516   1.64125020e+00  1.64801117e+00  3.34e-03 3.73e-08  5.10e-08  24639s
 517   1.64125154e+00  1.64801055e+00  3.34e-03 3.71e-08  5.10e-08  24688s
 518   1.64125186e+00  1.64800942e+00  3.34e-03 3.70e-08  5.10e-08  24719s
 519   1.64127380e+00  1.64800943e+00  3.33e-03 3.70e-08  5.09e-08  24756s
 520   1.64135196e+00  1.64800772e+00  3.29e-03 3.66e-08  5.03e-08  24795s
 521   1.64135460e+00  1.64800228e+00  3.29e-03 3.58e-08  5.02e-08  24837s
 522   1.64135652e+00  1.64800070e+00  3.28e-03 3.52e-08  5.02e-08  24904s
 523   1.64135981e+00  1.64800029e+00  3.28e-03 3.51e-08  5.01e-08  24940s
 524   1.64135999e+00  1.64800189e+00  3.28e-03 3.46e-08  5.01e-08  25016s
 525   1.64136241e+00  1.64800251e+00  3.28e-03 3.44e-08  5.01e-08  25058s
 526   1.64136298e+00  1.64799868e+00  3.28e-03 3.37e-08  5.01e-08  25085s
 527   1.64136310e+00  1.64799817e+00  3.28e-03 3.37e-08  5.01e-08  25116s
 528   1.64136273e+00  1.64799955e+00  3.28e-03 3.37e-08  5.01e-08  25148s
 529   1.64137785e+00  1.64799900e+00  3.27e-03 3.34e-08  5.00e-08  25193s
 530   1.64138064e+00  1.64799795e+00  3.27e-03 3.33e-08  4.99e-08  25226s
 531   1.64138142e+00  1.64798806e+00  3.27e-03 3.15e-08  4.98e-08  25265s
 532   1.64140025e+00  1.64798557e+00  3.26e-03 3.09e-08  4.97e-08  25294s
 533   1.64140124e+00  1.64798544e+00  3.26e-03 3.09e-08  4.96e-08  25326s
 534   1.64140128e+00  1.64798549e+00  3.26e-03 3.09e-08  4.96e-08  25355s
 535   1.64140199e+00  1.64798315e+00  3.26e-03 3.06e-08  4.96e-08  25392s
 536   1.64140331e+00  1.64798131e+00  3.26e-03 2.81e-08  4.95e-08  25464s
 537   1.64140365e+00  1.64797492e+00  3.26e-03 2.71e-08  4.95e-08  25498s
 538   1.64140902e+00  1.64796959e+00  3.26e-03 2.63e-08  4.94e-08  25534s
 539   1.64141010e+00  1.64796878e+00  3.26e-03 2.62e-08  4.94e-08  25561s
 540   1.64140944e+00  1.64796931e+00  3.26e-03 2.63e-08  4.94e-08  25597s
 541   1.64145326e+00  1.64796189e+00  3.24e-03 2.48e-08  4.90e-08  25646s
 542   1.64146534e+00  1.64794324e+00  3.23e-03 2.26e-08  4.88e-08  25673s
 543   1.64148705e+00  1.64793494e+00  3.22e-03 2.14e-08  4.85e-08  25719s
 544   1.64148925e+00  1.64793492e+00  3.22e-03 2.14e-08  4.85e-08  25747s
 545   1.64148934e+00  1.64793423e+00  3.22e-03 2.13e-08  4.85e-08  25797s
 546   1.64149014e+00  1.64793415e+00  3.22e-03 2.12e-08  4.85e-08  25833s
 547   1.64149318e+00  1.64793364e+00  3.22e-03 2.13e-08  4.85e-08  25860s
 548   1.64149814e+00  1.64792319e+00  3.21e-03 1.98e-08  4.83e-08  25886s
 549   1.64150626e+00  1.64792274e+00  3.21e-03 1.97e-08  4.83e-08  25913s
 550   1.64151960e+00  1.64792093e+00  3.20e-03 1.95e-08  4.82e-08  25947s
 551   1.64152005e+00  1.64790998e+00  3.20e-03 1.82e-08  4.81e-08  25981s
 552   1.64152972e+00  1.64790743e+00  3.20e-03 1.83e-08  4.80e-08  26021s
 553   1.64155116e+00  1.64788123e+00  3.19e-03 1.55e-08  4.76e-08  26067s
 554   1.64155268e+00  1.64788105e+00  3.19e-03 1.55e-08  4.76e-08  26103s
 555   1.64156311e+00  1.64798674e+00  3.18e-03 1.45e-08  4.81e-08  26132s
 556   1.64156515e+00  1.64798570e+00  3.18e-03 1.45e-08  4.81e-08  26192s
 557   1.64156673e+00  1.64798490e+00  3.18e-03 1.45e-08  4.81e-08  26222s
 558   1.64159389e+00  1.64798807e+00  3.16e-03 1.32e-08  4.78e-08  26261s
 559   1.64165198e+00  1.64798326e+00  3.13e-03 1.34e-08  4.74e-08  26296s
 560   1.64165203e+00  1.64798315e+00  3.13e-03 1.34e-08  4.74e-08  26327s
 561   1.64165344e+00  1.64798154e+00  3.13e-03 1.33e-08  4.74e-08  26360s
 562   1.64165346e+00  1.64798164e+00  3.13e-03 1.34e-08  4.74e-08  26390s
 563   1.64167408e+00  1.64798053e+00  3.12e-03 1.33e-08  4.72e-08  26422s
 564   1.64167729e+00  1.64795660e+00  3.12e-03 1.18e-08  4.70e-08  26485s
 565   1.64189839e+00  1.64794630e+00  3.01e-03 1.12e-08  4.54e-08  26553s
 566   1.64190063e+00  1.64791754e+00  3.01e-03 1.01e-08  4.51e-08  26599s
 567   1.64193887e+00  1.64790816e+00  2.99e-03 9.73e-09  4.48e-08  26638s
 568   1.64193913e+00  1.64789158e+00  2.99e-03 9.77e-09  4.46e-08  26706s
 569   1.64197278e+00  1.64787728e+00  2.97e-03 1.01e-08  4.43e-08  26764s
 570   1.64198129e+00  1.64787306e+00  2.96e-03 1.01e-08  4.42e-08  26799s
 571   1.64198499e+00  1.64782891e+00  2.96e-03 9.96e-09  4.39e-08  26852s
 572   1.64200665e+00  1.64781359e+00  2.95e-03 9.34e-09  4.36e-08  26886s
 573   1.64201427e+00  1.64780644e+00  2.95e-03 8.72e-09  4.35e-08  26923s
 574   1.64205460e+00  1.64780506e+00  2.93e-03 8.59e-09  4.32e-08  26958s
 575   1.64205499e+00  1.64780385e+00  2.93e-03 8.59e-09  4.32e-08  27001s
 576   1.64205511e+00  1.64780248e+00  2.93e-03 8.47e-09  4.32e-08  27051s
 577   1.64205558e+00  1.64779877e+00  2.93e-03 9.73e-09  4.32e-08  27084s
 578   1.64207703e+00  1.64780471e+00  2.91e-03 7.80e-09  4.30e-08  27129s
 579   1.64208192e+00  1.64779974e+00  2.91e-03 7.58e-09  4.29e-08  27151s
 580   1.64208210e+00  1.64778824e+00  2.91e-03 7.20e-09  4.29e-08  27186s
 581   1.64208228e+00  1.64778502e+00  2.91e-03 7.10e-09  4.28e-08  27234s
 582   1.64208347e+00  1.64779228e+00  2.91e-03 6.90e-09  4.29e-08  27274s
 583   1.64228717e+00  1.64782064e+00  2.81e-03 5.42e-09  4.15e-08  27302s
 584   1.64229078e+00  1.64780881e+00  2.80e-03 5.72e-09  4.14e-08  27359s
 585   1.64235726e+00  1.64776727e+00  2.77e-03 6.39e-09  4.07e-08  27404s
 586   1.64235903e+00  1.64776715e+00  2.77e-03 6.39e-09  4.06e-08  27453s
 587   1.64236096e+00  1.64776251e+00  2.77e-03 6.28e-09  4.06e-08  27506s
 588   1.64236925e+00  1.64776710e+00  2.76e-03 6.20e-09  4.06e-08  27563s
 589   1.64236968e+00  1.64776683e+00  2.76e-03 6.21e-09  4.06e-08  27587s
 590   1.64237944e+00  1.64776356e+00  2.76e-03 6.02e-09  4.05e-08  27632s
 591   1.64238202e+00  1.64774995e+00  2.76e-03 5.68e-09  4.03e-08  27689s
 592   1.64244445e+00  1.64774321e+00  2.72e-03 5.46e-09  3.98e-08  27720s
 593   1.64245280e+00  1.64772303e+00  2.72e-03 4.56e-09  3.96e-08  27771s
 594   1.64246970e+00  1.64772249e+00  2.71e-03 4.64e-09  3.95e-08  27808s
 595   1.64247312e+00  1.64789234e+00  2.71e-03 8.61e-09  4.05e-08  27853s
 596   1.64247663e+00  1.64787010e+00  2.70e-03 7.98e-09  4.03e-08  27917s
 597   1.64247693e+00  1.64787008e+00  2.70e-03 7.98e-09  4.03e-08  27945s
 598   1.64249659e+00  1.64783467e+00  2.69e-03 6.37e-09  4.00e-08  27981s
 599   1.64259848e+00  1.64781572e+00  2.64e-03 5.90e-09  3.91e-08  28016s
 600   1.64259884e+00  1.64781517e+00  2.64e-03 5.89e-09  3.91e-08  28063s
 601   1.64260060e+00  1.64789623e+00  2.64e-03 5.01e-09  3.96e-08  28098s
 602   1.64262269e+00  1.64787348e+00  2.63e-03 4.70e-09  3.93e-08  28127s
 603   1.64294627e+00  1.64782112e+00  2.46e-03 3.97e-09  3.65e-08  28160s
 604   1.64294682e+00  1.64781455e+00  2.45e-03 3.87e-09  3.65e-08  28188s
 605   1.64294720e+00  1.64781410e+00  2.45e-03 3.86e-09  3.64e-08  28220s
 606   1.64294922e+00  1.64780862e+00  2.45e-03 3.74e-09  3.64e-08  28257s
 607   1.64294925e+00  1.64780856e+00  2.45e-03 3.74e-09  3.64e-08  28298s
 608   1.64295075e+00  1.64780695e+00  2.45e-03 3.70e-09  3.64e-08  28325s
 609   1.64295813e+00  1.64779307e+00  2.45e-03 3.40e-09  3.62e-08  28349s
 610   1.64295778e+00  1.64779315e+00  2.45e-03 3.39e-09  3.62e-08  28373s
 611   1.64300201e+00  1.64778897e+00  2.43e-03 3.28e-09  3.59e-08  28407s
 612   1.64300202e+00  1.64778886e+00  2.43e-03 3.28e-09  3.59e-08  28468s
 613   1.64302054e+00  1.64785078e+00  2.42e-03 5.67e-09  3.62e-08  28501s
 614   1.64302386e+00  1.64778580e+00  2.42e-03 4.56e-09  3.57e-08  28565s
 615   1.64303990e+00  1.64773934e+00  2.41e-03 4.15e-09  3.53e-08  28594s
 616   1.64304068e+00  1.64773743e+00  2.41e-03 4.20e-09  3.53e-08  28633s
 617   1.64304312e+00  1.64773729e+00  2.41e-03 4.20e-09  3.53e-08  28663s
 618   1.64304572e+00  1.64774658e+00  2.40e-03 4.97e-09  3.53e-08  28706s
 619   1.64312475e+00  1.64773753e+00  2.36e-03 4.65e-09  3.47e-08  28754s
 620   1.64313195e+00  1.64771897e+00  2.36e-03 4.60e-09  3.45e-08  28781s
 621   1.64313138e+00  1.64771913e+00  2.36e-03 4.50e-09  3.45e-08  28807s
 622   1.64313915e+00  1.64771099e+00  2.35e-03 5.08e-09  3.44e-08  28841s
 623   1.64313917e+00  1.64771031e+00  2.35e-03 4.63e-09  3.44e-08  28863s
 624   1.64314112e+00  1.64770218e+00  2.35e-03 3.88e-09  3.43e-08  28898s
 625   1.64314559e+00  1.64770125e+00  2.35e-03 3.89e-09  3.43e-08  28926s
 626   1.64314753e+00  1.64769921e+00  2.35e-03 4.02e-09  3.43e-08  28971s
 627   1.64316499e+00  1.64769822e+00  2.34e-03 4.72e-09  3.41e-08  29011s
 628   1.64319349e+00  1.64769076e+00  2.32e-03 3.85e-09  3.39e-08  29050s
 629   1.64319484e+00  1.64768817e+00  2.32e-03 4.00e-09  3.38e-08  29090s
 630   1.64319506e+00  1.64768812e+00  2.32e-03 4.00e-09  3.38e-08  29128s
 631   1.64321441e+00  1.64768335e+00  2.31e-03 3.86e-09  3.37e-08  29173s
 632   1.64323659e+00  1.64768246e+00  2.30e-03 3.80e-09  3.35e-08  29210s
 633   1.64323915e+00  1.64768087e+00  2.30e-03 3.12e-09  3.35e-08  29234s
 634   1.64324602e+00  1.64766751e+00  2.30e-03 3.14e-09  3.33e-08  29262s
 635   1.64325044e+00  1.64763510e+00  2.29e-03 2.33e-09  3.31e-08  29318s
 636   1.64325429e+00  1.64762221e+00  2.29e-03 4.98e-09  3.30e-08  29358s
 637   1.64325779e+00  1.64761763e+00  2.29e-03 4.81e-09  3.29e-08  29392s
 638   1.64326327e+00  1.64760118e+00  2.29e-03 6.22e-09  3.28e-08  29417s
 639   1.64326758e+00  1.64759944e+00  2.28e-03 6.39e-09  3.27e-08  29447s
 640   1.64326759e+00  1.64759922e+00  2.28e-03 6.04e-09  3.27e-08  29484s
 641   1.64329169e+00  1.64760182e+00  2.27e-03 6.02e-09  3.26e-08  29530s
 642   1.64332359e+00  1.64759978e+00  2.26e-03 7.50e-09  3.23e-08  29570s
 643   1.64332797e+00  1.64759054e+00  2.25e-03 8.03e-09  3.22e-08  29645s
 644   1.64334656e+00  1.64758597e+00  2.24e-03 8.44e-09  3.20e-08  29684s
 645   1.64341299e+00  1.64757657e+00  2.21e-03 7.53e-09  3.15e-08  29718s
 646   1.64341395e+00  1.64757478e+00  2.21e-03 8.26e-09  3.15e-08  29770s
 647   1.64341566e+00  1.64762456e+00  2.21e-03 8.79e-09  3.17e-08  29815s
 648   1.64341934e+00  1.64766779e+00  2.20e-03 7.94e-09  3.20e-08  29846s
 649   1.64471699e+00  1.64762732e+00  1.50e-03 5.43e-09  2.13e-08  29889s
 650   1.64471722e+00  1.64762481e+00  1.50e-03 5.47e-09  2.13e-08  29944s
 651   1.64472141e+00  1.64762619e+00  1.50e-03 6.37e-09  2.12e-08  29995s
 652   1.64472397e+00  1.64762125e+00  1.50e-03 6.02e-09  2.12e-08  30079s
 653   1.64472811e+00  1.64760527e+00  1.50e-03 7.66e-09  2.10e-08  30116s
 654   1.64472827e+00  1.64760527e+00  1.50e-03 7.66e-09  2.10e-08  30150s
 655   1.64472829e+00  1.64760446e+00  1.50e-03 7.91e-09  2.10e-08  30183s
 656   1.64472924e+00  1.64760726e+00  1.49e-03 7.92e-09  2.11e-08  30243s
 657   1.64473570e+00  1.64760498e+00  1.49e-03 8.89e-09  2.10e-08  30270s
 658   1.64473873e+00  1.64759641e+00  1.49e-03 1.13e-08  2.09e-08  30339s
 659   1.64473910e+00  1.64758263e+00  1.49e-03 1.16e-08  2.08e-08  30373s
 660   1.64474713e+00  1.64758432e+00  1.49e-03 1.21e-08  2.08e-08  30417s
 661   1.64474732e+00  1.64758422e+00  1.49e-03 1.25e-08  2.08e-08  30452s
 662   1.64476248e+00  1.64758338e+00  1.48e-03 1.23e-08  2.07e-08  30505s
 663   1.64482328e+00  1.64758123e+00  1.44e-03 1.23e-08  2.02e-08  30533s
 664   1.64482799e+00  1.64756881e+00  1.44e-03 1.39e-08  2.01e-08  30567s
 665   1.64483508e+00  1.64756153e+00  1.44e-03 1.34e-08  2.00e-08  30602s
 666   1.64483521e+00  1.64756133e+00  1.44e-03 1.31e-08  2.00e-08  30635s
 667   1.64483551e+00  1.64756131e+00  1.44e-03 1.32e-08  2.00e-08  30661s
 668   1.64483891e+00  1.64755762e+00  1.44e-03 1.31e-08  1.99e-08  30692s
 669   1.64484000e+00  1.64754995e+00  1.43e-03 1.25e-08  1.99e-08  30810s
 670   1.64484027e+00  1.64754980e+00  1.43e-03 1.25e-08  1.99e-08  30843s
 671   1.64484561e+00  1.64754426e+00  1.43e-03 1.17e-08  1.98e-08  30880s
 672   1.64484449e+00  1.64754504e+00  1.43e-03 1.74e-08  1.98e-08  30903s
 673   1.64484483e+00  1.64754284e+00  1.43e-03 1.68e-08  1.98e-08  30952s
 674   1.64485198e+00  1.64766927e+00  1.43e-03 1.62e-08  2.06e-08  31052s
 675   1.64488610e+00  1.64765504e+00  1.41e-03 1.54e-08  2.02e-08  31093s
 676   1.64488638e+00  1.64761768e+00  1.41e-03 1.23e-08  2.00e-08  31178s
 677   1.64491276e+00  1.64760861e+00  1.40e-03 1.11e-08  1.97e-08  31215s
 678   1.64492221e+00  1.64760796e+00  1.39e-03 1.10e-08  1.97e-08  31245s
 679   1.64492555e+00  1.64760579e+00  1.39e-03 1.25e-08  1.96e-08  31278s
 680   1.64492565e+00  1.64760192e+00  1.39e-03 1.24e-08  1.96e-08  31309s
 681   1.64492763e+00  1.64759723e+00  1.39e-03 1.22e-08  1.96e-08  31346s
 682   1.64494273e+00  1.64759635e+00  1.38e-03 1.44e-08  1.95e-08  31398s
 683   1.64494303e+00  1.64759506e+00  1.38e-03 1.44e-08  1.94e-08  31425s
 684   1.64494393e+00  1.64764897e+00  1.38e-03 1.06e-08  1.98e-08  31498s
 685   1.64495697e+00  1.64763214e+00  1.37e-03 1.09e-08  1.96e-08  31525s
 686   1.64496169e+00  1.64762352e+00  1.37e-03 1.35e-08  1.95e-08  31561s
 687   1.64500415e+00  1.64762024e+00  1.35e-03 1.31e-08  1.92e-08  31593s
 688   1.64503092e+00  1.64760297e+00  1.33e-03 1.26e-08  1.89e-08  31651s
 689   1.64504664e+00  1.64757661e+00  1.32e-03 1.16e-08  1.86e-08  31687s
 690   1.64506136e+00  1.64756335e+00  1.32e-03 1.35e-08  1.84e-08  31729s
 691   1.64506144e+00  1.64756064e+00  1.32e-03 1.32e-08  1.84e-08  31763s
 692   1.64506813e+00  1.64755568e+00  1.31e-03 1.40e-08  1.83e-08  31801s
 693   1.64507659e+00  1.64754024e+00  1.31e-03 1.23e-08  1.81e-08  31858s
 694   1.64527261e+00  1.64753130e+00  1.20e-03 1.15e-08  1.66e-08  31883s
 695   1.64527640e+00  1.64752775e+00  1.20e-03 1.20e-08  1.66e-08  31911s
 696   1.64527807e+00  1.64752403e+00  1.20e-03 1.21e-08  1.65e-08  31943s
 697   1.64527821e+00  1.64752265e+00  1.20e-03 1.18e-08  1.65e-08  31973s
 698   1.64528695e+00  1.64752264e+00  1.19e-03 1.38e-08  1.65e-08  32012s
 699   1.64530111e+00  1.64751835e+00  1.18e-03 1.30e-08  1.63e-08  32062s
 700   1.64531498e+00  1.64751407e+00  1.18e-03 1.27e-08  1.62e-08  32134s
 701   1.64532498e+00  1.64750882e+00  1.17e-03 1.31e-08  1.61e-08  32204s
 702   1.64532594e+00  1.64750418e+00  1.17e-03 1.22e-08  1.61e-08  32257s
 703   1.64532913e+00  1.64750058e+00  1.17e-03 1.41e-08  1.60e-08  32296s
 704   1.64532991e+00  1.64749790e+00  1.17e-03 1.38e-08  1.60e-08  32346s
 705   1.64533115e+00  1.64757571e+00  1.17e-03 1.23e-08  1.65e-08  32380s
 706   1.64533194e+00  1.64756107e+00  1.17e-03 1.11e-08  1.64e-08  32421s
 707   1.64533656e+00  1.64755311e+00  1.16e-03 1.21e-08  1.63e-08  32448s
 708   1.64533690e+00  1.64753556e+00  1.16e-03 1.02e-08  1.62e-08  32486s
 709   1.64533866e+00  1.64753072e+00  1.16e-03 1.04e-08  1.61e-08  32523s
 710   1.64535778e+00  1.64752038e+00  1.15e-03 1.10e-08  1.59e-08  32563s
 711   1.64535842e+00  1.64751926e+00  1.15e-03 1.17e-08  1.59e-08  32590s
 712   1.64536039e+00  1.64751858e+00  1.15e-03 1.16e-08  1.59e-08  32616s
 713   1.64536599e+00  1.64752495e+00  1.15e-03 1.27e-08  1.59e-08  32707s
 714   1.64536847e+00  1.64752356e+00  1.15e-03 1.23e-08  1.59e-08  32745s
 715   1.64538834e+00  1.64752368e+00  1.14e-03 1.56e-08  1.57e-08  32779s
 716   1.64540279e+00  1.64751603e+00  1.13e-03 1.35e-08  1.56e-08  32812s
 717   1.64540300e+00  1.64751590e+00  1.13e-03 1.45e-08  1.56e-08  32844s
 718   1.64540755e+00  1.64751341e+00  1.12e-03 1.51e-08  1.55e-08  32871s
 719   1.64540759e+00  1.64751336e+00  1.12e-03 1.51e-08  1.55e-08  32906s
 720   1.64540990e+00  1.64751507e+00  1.12e-03 1.72e-08  1.55e-08  32944s
 721   1.64542129e+00  1.64750899e+00  1.12e-03 1.86e-08  1.54e-08  32973s
 722   1.64542514e+00  1.64750626e+00  1.12e-03 1.75e-08  1.54e-08  33011s
 723   1.64542517e+00  1.64750495e+00  1.12e-03 1.60e-08  1.53e-08  33055s
 724   1.64542527e+00  1.64750484e+00  1.12e-03 1.62e-08  1.53e-08  33083s
 725   1.64542618e+00  1.64750258e+00  1.11e-03 1.25e-08  1.53e-08  33148s
 726   1.64543460e+00  1.64749409e+00  1.11e-03 1.09e-08  1.52e-08  33194s
 727   1.64544967e+00  1.64749072e+00  1.10e-03 1.03e-08  1.51e-08  33229s
 728   1.64544997e+00  1.64748870e+00  1.10e-03 1.14e-08  1.51e-08  33281s
 729   1.64547433e+00  1.64748820e+00  1.09e-03 1.28e-08  1.49e-08  33323s
 730   1.64559441e+00  1.64748793e+00  1.02e-03 1.33e-08  1.40e-08  33386s
 731   1.64559406e+00  1.64748833e+00  1.54e-03 1.36e-08  1.40e-08  33434s
 732   1.64559545e+00  1.64748617e+00  1.54e-03 1.47e-08  1.40e-08  33471s
 733   1.64559589e+00  1.64748543e+00  1.54e-03 1.55e-08  1.40e-08  33498s
 734   1.64559590e+00  1.64748536e+00  1.54e-03 1.55e-08  1.40e-08  33523s
 735   1.64563054e+00  1.64749255e+00  1.51e-03 1.49e-08  1.38e-08  33576s
 736   1.64563779e+00  1.64749020e+00  1.51e-03 1.47e-08  1.37e-08  33640s
 737   1.64563779e+00  1.64749020e+00  1.51e-03 1.47e-08  1.37e-08  33668s
 738   1.64564761e+00  1.64751123e+00  1.50e-03 1.58e-08  1.38e-08  33696s
 739   1.64566693e+00  1.64750742e+00  1.48e-03 1.94e-08  1.36e-08  33722s
 740   1.64571293e+00  1.64748976e+00  1.44e-03 1.52e-08  1.32e-08  33769s

Barrier performed 740 iterations in 33769.15 seconds (17775.96 work units)
Sub-optimal termination - objective 1.64559441e+00

