Set parameter Username
Academic license - for non-commercial use only - expires 2027-02-09
Set parameter Threads to value 4
Set parameter Method to value 2
Set parameter BarOrder to value 1
Set parameter BarHomogeneous to value 1
Set parameter NumericFocus to value 2
Set parameter Crossover to value 0
Gurobi Optimizer version 9.5.1 build v9.5.1rc2 (linux64)
Thread count: 32 physical cores, 64 logical processors, using up to 4 threads
Optimize a model with 2429763 rows, 1951375 columns and 13731570 nonzeros
Model fingerprint: 0x473eb66f
Coefficient statistics:
  Matrix range     [5e-04, 3e+00]
  Objective range  [1e+00, 1e+00]
  Bounds range     [0e+00, 0e+00]
  RHS range        [7e-04, 1e+00]
Presolve removed 766829 rows and 1548815 columns (presolve time = 7s) ...
Presolve removed 771061 rows and 1548816 columns
Presolve time: 8.68s
Presolved: 1658702 rows, 402559 columns, 10505737 nonzeros
Ordering time: 0.99s

Barrier statistics:
 Dense cols : 199
 AA' NZ     : 1.848e+07
 Factor NZ  : 2.727e+07 (roughly 900 MB of memory)
 Factor Ops : 1.243e+09 (less than 1 second per iteration)
 Threads    : 4

                  Objective                Residual
Iter       Primal          Dual         Primal    Dual     Compl     Time
   0   1.74181805e+01  2.50000000e+02  2.65e+07 6.25e-02  1.00e+06   593s
   1   1.74181805e+00  1.55020354e+06  1.95e+07 2.85e+02  5.05e+05   595s
   2   1.68275774e+01  3.41624832e+06  1.60e+07 1.00e+02  2.77e+05   598s
   3   7.82004106e+01  1.59834200e+06  1.11e+07 5.61e+01  1.80e+05   601s
   4   7.54868314e+01  9.96961944e+05  5.04e+06 3.70e+01  6.60e+04   605s
   5   5.96573288e+00  3.16492657e+04  1.23e+05 1.11e+00  7.03e+01   607s
   6   2.29779634e+00  2.70618476e+03  4.75e+03 1.08e-01  4.37e-01   610s
   7   2.16150562e+00  6.26222750e+02  1.35e+03 2.48e-02  7.44e-02   613s
   8   2.12485073e+00  2.61393687e+02  3.76e+02 1.03e-02  2.08e-02   617s
   9   2.11388352e+00  1.52271667e+02  2.11e+02 5.93e-03  1.13e-02   621s
  10   2.11195437e+00  1.36238568e+02  1.78e+02 5.30e-03  9.67e-03   623s
  11   2.11129449e+00  1.26709030e+02  1.65e+02 4.92e-03  8.96e-03   627s
  12   2.11122169e+00  1.21762568e+02  1.59e+02 4.72e-03  8.64e-03   630s
  13   2.11185483e+00  1.18134362e+02  1.49e+02 4.58e-03  8.23e-03   634s
  14   2.11486067e+00  1.02979410e+02  1.37e+02 3.97e-03  7.84e-03   639s
  15   2.10728105e+00  7.98880032e+01  1.22e+02 2.97e-03  7.41e-03   644s
  16   2.03506097e+00  3.43306259e+01  1.01e+02 1.12e-03  4.56e-03   649s
  17   2.00371417e+00  2.39871811e+01  9.20e+01 7.48e-04  3.54e-03   654s
  18   1.82398036e+00  1.19230654e+01  4.38e+01 3.57e-04  1.18e-03   659s
  19   1.76920936e+00  5.74898984e+00  2.98e+01 1.37e-04  5.40e-04   664s
  20   1.72648225e+00  3.82407594e+00  1.99e+01 7.02e-05  2.94e-04   668s
  21   1.66119984e+00  3.21877120e+00  7.56e+00 5.03e-05  1.23e-04   671s
  22   1.64486138e+00  2.77916408e+00  5.44e+00 3.65e-05  8.45e-05   675s
  23   1.61762183e+00  2.67375145e+00  3.35e+00 3.32e-05  6.06e-05   678s
  24   1.59147567e+00  2.48940357e+00  2.12e+00 2.77e-05  4.41e-05   681s
  25   1.54998526e+00  2.14122284e+00  1.18e+00 1.83e-05  2.69e-05   685s
  26   1.50559407e+00  1.83692667e+00  6.55e-01 1.03e-05  1.49e-05   691s
  27   1.48564800e+00  1.68264023e+00  3.71e-01 6.19e-06  8.13e-06   697s
  28   1.47886414e+00  1.61684295e+00  2.27e-01 4.31e-06  5.14e-06   702s
  29   1.47730312e+00  1.57911972e+00  1.56e-01 3.12e-06  3.47e-06   706s
  30   1.47981470e+00  1.54867273e+00  8.31e-02 2.07e-06  2.03e-06   710s
  31   1.48568072e+00  1.53685333e+00  5.16e-02 1.52e-06  1.37e-06   715s
  32   1.48768226e+00  1.53353976e+00  4.60e-02 1.30e-06  1.16e-06   720s
  33   1.49516988e+00  1.52672407e+00  3.20e-02 9.45e-07  7.75e-07   728s
  34   1.50622672e+00  1.52442304e+00  1.70e-02 7.10e-07  5.04e-07   737s
  35   1.51001268e+00  1.52542850e+00  1.35e-02 4.11e-07  2.97e-07   752s
  36   1.51907553e+00  1.52880790e+00  8.21e-03 2.53e-07  1.76e-07   769s
  37   1.52502639e+00  1.53323598e+00  6.20e-03 1.79e-07  1.32e-07   792s
  38   1.52777524e+00  1.53540073e+00  5.53e-03 1.56e-07  1.19e-07   814s
  39   1.53230988e+00  1.53789286e+00  4.37e-03 1.22e-07  9.51e-08   832s
  40   1.53619220e+00  1.53978837e+00  3.46e-03 1.01e-07  7.92e-08   859s
  41   1.53934375e+00  1.54351186e+00  2.69e-03 6.59e-08  5.79e-08   902s
  42   1.54099628e+00  1.54525943e+00  2.19e-03 4.81e-08  4.55e-08   914s
  43   1.54296788e+00  1.54651937e+00  1.60e-03 3.21e-08  3.25e-08   925s
  44   1.54368469e+00  1.54684984e+00  1.39e-03 2.75e-08  2.81e-08   935s
  45   1.54457533e+00  1.54733646e+00  1.15e-03 2.16e-08  2.27e-08   946s
  46   1.54591260e+00  1.54785667e+00  7.67e-04 1.32e-08  1.45e-08   960s
  47   1.54659886e+00  1.54822422e+00  5.60e-04 6.94e-09  9.35e-09   974s
  48   1.54734840e+00  1.54829297e+00  3.24e-04 4.85e-09  5.95e-09   985s
  49   1.54771290e+00  1.54831586e+00  2.13e-04 3.85e-09  4.28e-09   995s
  50   1.54782864e+00  1.54833002e+00  1.71e-04 2.91e-09  3.36e-09  1001s
  51   1.54788259e+00  1.54833767e+00  1.54e-04 2.69e-09  3.08e-09  1006s
  52   1.54793522e+00  1.54834728e+00  1.39e-04 2.43e-09  2.79e-09  1012s
  53   1.54794425e+00  1.54836885e+00  1.37e-04 1.49e-09  2.21e-09  1021s
  54   1.54799811e+00  1.54837659e+00  1.21e-04 1.10e-09  1.82e-09  1030s
  55   1.54800425e+00  1.54838505e+00  1.19e-04 8.14e-10  1.61e-09  1038s
  56   1.54804352e+00  1.54839688e+00  1.07e-04 4.63e-10  1.31e-09  1047s
  57   1.54806691e+00  1.54839965e+00  1.00e-04 3.62e-10  1.19e-09  1057s
  58   1.54807299e+00  1.54840036e+00  9.86e-05 2.97e-10  1.13e-09  1065s
  59   1.54807712e+00  1.54840081e+00  9.74e-05 2.66e-10  1.10e-09  1075s
  60   1.54809319e+00  1.54840131e+00  9.26e-05 2.41e-10  1.04e-09  1083s
  61   1.54809740e+00  1.54840358e+00  9.14e-05 1.81e-10  9.99e-10  1092s
  62   1.54810365e+00  1.54840414e+00  8.95e-05 1.57e-10  9.66e-10  1102s
  63   1.54810502e+00  1.54840522e+00  8.91e-05 1.46e-10  9.46e-10  1110s
  64   1.54816909e+00  1.54840518e+00  7.00e-05 1.36e-10  7.55e-10  1117s
  65   1.54816978e+00  1.54840521e+00  6.98e-05 2.18e-10  7.50e-10  1125s
  66   1.54817164e+00  1.54840513e+00  6.93e-05 1.88e-10  7.35e-10  1131s
  67   1.54817388e+00  1.54840548e+00  6.86e-05 1.54e-10  7.21e-10  1139s
  68   1.54817513e+00  1.54840552e+00  6.82e-05 3.24e-10  7.17e-10  1144s
  69   1.54817705e+00  1.54840570e+00  6.77e-05 1.85e-10  7.02e-10  1154s
  70   1.54818075e+00  1.54840598e+00  6.66e-05 4.23e-10  6.80e-10  1168s
  71   1.54818233e+00  1.54840583e+00  6.61e-05 3.40e-10  6.71e-10  1177s
  72   1.54818428e+00  1.54840596e+00  6.55e-05 4.13e-10  6.64e-10  1184s
  73   1.54818480e+00  1.54840564e+00  6.54e-05 3.15e-10  6.58e-10  1193s
  74   1.54819027e+00  1.54840528e+00  6.37e-05 3.27e-10  6.39e-10  1200s
  75   1.54820439e+00  1.54840495e+00  5.95e-05 2.96e-10  5.94e-10  1209s
  76   1.54820508e+00  1.54840460e+00  5.93e-05 2.12e-10  5.89e-10  1221s
  77   1.54820629e+00  1.54840423e+00  5.89e-05 1.89e-10  5.82e-10  1227s
  78   1.54820662e+00  1.54840415e+00  5.88e-05 1.80e-10  5.80e-10  1237s
  79   1.54820673e+00  1.54840423e+00  5.88e-05 2.46e-10  5.80e-10  1246s
  80   1.54820692e+00  1.54840405e+00  5.87e-05 1.91e-10  5.78e-10  1254s
  81   1.54820750e+00  1.54840391e+00  5.86e-05 1.62e-10  5.76e-10  1263s
  82   1.54821008e+00  1.54840380e+00  5.78e-05 1.40e-10  5.67e-10  1275s
  83   1.54821116e+00  1.54840371e+00  5.75e-05 1.21e-10  5.64e-10  1286s
  84   1.54821262e+00  1.54840363e+00  5.70e-05 1.06e-10  5.59e-10  1295s
  85   1.54822164e+00  1.54840348e+00  5.43e-05 8.15e-11  5.32e-10  1307s
  86   1.54822167e+00  1.54840378e+00  5.43e-05 1.38e-10  5.33e-10  1315s
  87   1.54822215e+00  1.54840374e+00  5.42e-05 1.33e-10  5.31e-10  1321s
  88   1.54822312e+00  1.54840360e+00  5.39e-05 1.11e-10  5.28e-10  1329s
  89   1.54822611e+00  1.54840336e+00  5.30e-05 8.03e-11  5.18e-10  1341s
  90   1.54823045e+00  1.54840307e+00  5.17e-05 9.81e-11  5.04e-10  1353s
  91   1.54823521e+00  1.54840290e+00  5.02e-05 9.19e-11  4.90e-10  1361s
  92   1.54823580e+00  1.54840284e+00  5.01e-05 2.58e-10  4.88e-10  1370s
  93   1.54824331e+00  1.54840287e+00  4.78e-05 2.01e-10  4.66e-10  1377s
  94   1.54824873e+00  1.54840270e+00  4.62e-05 1.06e-10  4.50e-10  1387s
  95   1.54825113e+00  1.54840267e+00  4.55e-05 5.95e-11  4.43e-10  1396s
  96   1.54825239e+00  1.54840271e+00  4.51e-05 2.46e-10  4.39e-10  1407s
  97   1.54825369e+00  1.54840260e+00  4.47e-05 1.56e-10  4.35e-10  1416s
  98   1.54826324e+00  1.54840254e+00  4.18e-05 7.23e-11  4.07e-10  1425s
  99   1.54827163e+00  1.54840246e+00  3.93e-05 3.74e-11  3.82e-10  1441s
 100   1.54827214e+00  1.54840257e+00  3.91e-05 1.56e-10  3.81e-10  1453s
 101   1.54833483e+00  1.54840254e+00  2.02e-05 6.60e-11  1.98e-10  1461s
 102   1.54834088e+00  1.54840243e+00  1.84e-05 3.23e-11  1.80e-10  1472s
 103   1.54834088e+00  1.54840238e+00  1.84e-05 1.62e-11  1.80e-10  1481s
 104   1.54834245e+00  1.54840233e+00  1.79e-05 4.68e-11  1.76e-10  1490s
 105   1.54834343e+00  1.54840233e+00  1.76e-05 4.38e-11  1.73e-10  1498s
 106   1.54834357e+00  1.54840230e+00  1.76e-05 4.05e-11  1.72e-10  1509s
 107   1.54834367e+00  1.54840238e+00  1.76e-05 4.45e-11  1.72e-10  1522s
 108   1.54834415e+00  1.54840232e+00  1.74e-05 1.91e-11  1.71e-10  1537s
 109   1.54834625e+00  1.54840233e+00  1.68e-05 2.66e-11  1.64e-10  1550s
 110   1.54834627e+00  1.54840228e+00  1.68e-05 3.91e-11  1.64e-10  1561s
 111   1.54834785e+00  1.54840235e+00  1.63e-05 8.15e-11  1.60e-10  1570s
 112   1.54834832e+00  1.54840243e+00  1.62e-05 4.86e-11  1.59e-10  1582s
 113   1.54835382e+00  1.54840233e+00  1.45e-05 2.38e-11  1.42e-10  1595s
 114   1.54835412e+00  1.54840227e+00  1.44e-05 1.65e-11  1.41e-10  1609s
 115   1.54835420e+00  1.54840250e+00  1.44e-05 1.01e-10  1.42e-10  1621s
 116   1.54835438e+00  1.54840236e+00  1.44e-05 1.04e-10  1.41e-10  1633s
 117   1.54835455e+00  1.54840244e+00  1.43e-05 7.84e-10  1.40e-10  1642s
 118   1.54835745e+00  1.54840233e+00  1.34e-05 4.30e-10  1.32e-10  1655s
 119   1.54835766e+00  1.54840242e+00  1.34e-05 1.77e-10  1.31e-10  1665s
 120   1.54835828e+00  1.54840231e+00  1.32e-05 9.59e-11  1.29e-10  1676s
 121   1.54835842e+00  1.54840233e+00  1.32e-05 2.42e-10  1.29e-10  1686s
 122   1.54835846e+00  1.54840241e+00  1.31e-05 2.81e-10  1.29e-10  1697s
 123   1.54835849e+00  1.54840240e+00  1.31e-05 2.45e-10  1.29e-10  1708s
 124   1.54835859e+00  1.54840230e+00  1.31e-05 1.31e-10  1.28e-10  1720s
 125   1.54835880e+00  1.54840225e+00  1.30e-05 1.12e-10  1.27e-10  1731s
 126   1.54835885e+00  1.54840234e+00  1.30e-05 1.08e-10  1.28e-10  1741s
 127   1.54835948e+00  1.54840227e+00  1.28e-05 5.98e-11  1.26e-10  1753s
 128   1.54836246e+00  1.54840223e+00  1.19e-05 3.04e-11  1.17e-10  1769s
 129   1.54836250e+00  1.54840221e+00  1.19e-05 1.86e-11  1.17e-10  1776s
 130   1.54836355e+00  1.54840219e+00  1.16e-05 2.30e-11  1.13e-10  1791s
 131   1.54836371e+00  1.54840224e+00  1.16e-05 1.54e-10  1.13e-10  1808s
 132   1.54836544e+00  1.54840269e+00  1.10e-05 1.90e-10  1.09e-10  1818s
 133   1.54836652e+00  1.54840245e+00  1.07e-05 9.60e-11  1.05e-10  1827s
 134   1.54836706e+00  1.54840232e+00  1.06e-05 5.47e-11  1.04e-10  1839s
 135   1.54836747e+00  1.54840228e+00  1.04e-05 7.80e-11  1.02e-10  1850s
 136   1.54838453e+00  1.54840223e+00  5.28e-06 4.00e-11  5.20e-11  1869s
 137   1.54838490e+00  1.54840225e+00  5.17e-06 2.33e-11  5.09e-11  1885s
 138   1.54838526e+00  1.54840226e+00  5.06e-06 3.10e-10  4.99e-11  1899s
 139   1.54838602e+00  1.54840226e+00  4.84e-06 2.97e-10  4.76e-11  1903s
 140   1.54838604e+00  1.54840223e+00  4.83e-06 2.54e-10  4.75e-11  1913s
 141   1.54838675e+00  1.54840220e+00  4.62e-06 1.36e-10  4.53e-11  1929s
 142   1.54838737e+00  1.54840218e+00  4.43e-06 2.94e-11  4.35e-11  1947s
 143   1.54838738e+00  1.54840223e+00  4.43e-06 3.43e-11  4.36e-11  1965s
 144   1.54838741e+00  1.54840223e+00  4.42e-06 5.38e-10  4.35e-11  1980s
 145   1.54838762e+00  1.54840220e+00  4.36e-06 5.66e-11  4.28e-11  1998s
 146   1.54839177e+00  1.54840218e+00  3.11e-06 3.52e-11  3.05e-11  2015s
 147   1.54839178e+00  1.54840222e+00  3.11e-06 3.96e-11  3.06e-11  2028s
 148   1.54839192e+00  1.54840219e+00  3.07e-06 1.50e-11  3.01e-11  2047s
 149   1.54839237e+00  1.54840218e+00  2.93e-06 3.57e-11  2.88e-11  2055s
 150   1.54839242e+00  1.54840217e+00  2.92e-06 2.23e-11  2.86e-11  2060s
 151   1.54839246e+00  1.54840217e+00  2.90e-06 3.23e-11  2.85e-11  2070s
 152   1.54839286e+00  1.54840216e+00  2.78e-06 1.43e-11  2.73e-11  2090s
 153   1.54839298e+00  1.54840216e+00  2.75e-06 3.31e-11  2.70e-11  2101s
 154   1.54839315e+00  1.54840216e+00  2.70e-06 1.94e-11  2.64e-11  2120s
 155   1.54839325e+00  1.54840216e+00  2.68e-06 2.14e-11  2.62e-11  2130s
 156   1.54839334e+00  1.54840216e+00  2.65e-06 1.86e-11  2.59e-11  2140s
 157   1.54839350e+00  1.54840216e+00  2.59e-06 1.73e-11  2.54e-11  2153s
 158   1.54839364e+00  1.54840216e+00  2.55e-06 1.36e-11  2.50e-11  2164s
 159   1.54839383e+00  1.54840216e+00  2.50e-06 3.29e-11  2.44e-11  2177s
 160   1.54839418e+00  1.54840216e+00  2.39e-06 3.28e-11  2.34e-11  2192s
 161   1.54839429e+00  1.54840216e+00  2.35e-06 1.75e-11  2.31e-11  2202s
 162   1.54839432e+00  1.54840216e+00  2.34e-06 2.61e-11  2.30e-11  2215s
 163   1.54839448e+00  1.54840216e+00  2.29e-06 2.03e-11  2.25e-11  2228s
 164   1.54839453e+00  1.54840216e+00  2.28e-06 1.74e-11  2.24e-11  2242s
 165   1.54839483e+00  1.54840216e+00  2.19e-06 1.42e-11  2.15e-11  2250s
 166   1.54839513e+00  1.54840216e+00  2.09e-06 6.91e-12  2.06e-11  2260s
 167   1.54839536e+00  1.54840216e+00  2.02e-06 3.24e-11  2.00e-11  2268s
 168   1.54839537e+00  1.54840216e+00  2.02e-06 3.98e-11  1.99e-11  2278s
 169   1.54839538e+00  1.54840216e+00  2.02e-06 2.70e-11  1.99e-11  2286s
 170   1.54839643e+00  1.54840216e+00  1.71e-06 2.11e-11  1.68e-11  2300s
 171   1.54839653e+00  1.54840216e+00  1.67e-06 2.20e-11  1.65e-11  2309s
 172   1.54839655e+00  1.54840216e+00  1.67e-06 1.80e-10  1.65e-11  2318s
 173   1.54839699e+00  1.54840216e+00  1.54e-06 8.71e-11  1.52e-11  2325s
 174   1.54839740e+00  1.54840216e+00  1.41e-06 3.49e-11  1.40e-11  2337s
 175   1.54839741e+00  1.54840216e+00  1.41e-06 3.47e-11  1.40e-11  2345s
 176   1.54839741e+00  1.54840245e+00  1.41e-06 3.66e-10  1.49e-11  2350s
 177   1.54839741e+00  1.54840281e+00  1.41e-06 3.09e-10  1.58e-11  2371s
 178   1.54839742e+00  1.54840282e+00  1.40e-06 3.08e-10  1.58e-11  2389s
 179   1.54839743e+00  1.54840283e+00  1.40e-06 4.55e-10  1.58e-11  2408s
 180   1.54839744e+00  1.54840286e+00  1.40e-06 3.03e-10  1.59e-11  2429s
 181   1.54839745e+00  1.54840288e+00  1.40e-06 1.00e-09  1.59e-11  2456s
 182   1.54839748e+00  1.54840322e+00  1.39e-06 1.01e-09  1.68e-11  2472s
 183   1.54840169e+00  1.54840229e+00  1.39e-07 1.21e-10  1.76e-12  2508s
 184   1.54840198e+00  1.54840219e+00  5.10e-08 1.00e-10  6.30e-13  2524s
 185   1.54840202e+00  1.54840218e+00  3.70e-08 9.55e-10  4.66e-13  2535s
 186   1.54840214e+00  1.54840216e+00  3.48e-08 1.24e-10  6.49e-14  2547s

Barrier solved model in 186 iterations and 2547.15 seconds (1423.37 work units)
Optimal objective 1.54840214e+00

