Set parameter Username
Academic license - for non-commercial use only - expires 2027-02-09
Set parameter Threads to value 4
Set parameter Method to value 2
Set parameter BarOrder to value 1
Set parameter BarHomogeneous to value 1
Set parameter NumericFocus to value 2
Set parameter Crossover to value 0
Gurobi Optimizer version 9.5.1 build v9.5.1rc2 (linux64)
Thread count: 32 physical cores, 64 logical processors, using up to 4 threads
Optimize a model with 13434776 rows, 19156814 columns and 99627681 nonzeros
Model fingerprint: 0x23cd201b
Coefficient statistics:
  Matrix range     [2e-04, 3e+00]
  Objective range  [1e+00, 1e+00]
  Bounds range     [0e+00, 0e+00]
  RHS range        [7e-04, 1e+00]
Presolve removed 0 rows and 0 columns (presolve time = 9s) ...
Presolve removed 3358065 rows and 16167996 columns (presolve time = 11s) ...
Presolve removed 3358065 rows and 16399176 columns (presolve time = 16s) ...
Presolve removed 3358065 rows and 16399252 columns (presolve time = 20s) ...
Presolve removed 5629088 rows and 16399252 columns (presolve time = 27s) ...
Presolve removed 5629836 rows and 16400000 columns (presolve time = 31s) ...
Presolve removed 5634864 rows and 16405028 columns (presolve time = 54s) ...
Presolve removed 5646416 rows and 16405029 columns (presolve time = 58s) ...
Presolve removed 5646416 rows and 16405029 columns (presolve time = 60s) ...
Presolve removed 5646416 rows and 16405029 columns
Presolve time: 66.12s
Presolved: 7788360 rows, 2751785 columns, 55745141 nonzeros
Elapsed ordering time = 5s
Ordering time: 8.49s

Barrier statistics:
 Dense cols : 355
 AA' NZ     : 1.544e+08
 Factor NZ  : 2.404e+08 (roughly 5.0 GB of memory)
 Factor Ops : 2.145e+10 (roughly 1 second per iteration)
 Threads    : 4

                  Objective                Residual
Iter       Primal          Dual         Primal    Dual     Compl     Time
   0   3.34396438e+00  3.12500000e+01  1.15e+08 6.25e-02  1.00e+06  5782s
   1   3.79127945e+00  4.71153726e+05  1.04e+08 8.12e+02  9.16e+05  5796s
   2   5.37960522e+00  1.12213208e+06  9.79e+07 7.96e+02  8.64e+05  5813s
   3   4.64086055e+01  8.34307496e+06  5.52e+07 3.53e+02  4.72e+05  5836s
   4   9.62300218e+00  1.57950246e+05  7.14e+06 7.61e+00  2.44e+03  5858s
   5   8.74628105e+00  5.11770033e+04  3.77e+06 1.87e+00  7.13e+02  5886s
   6   8.95641066e+00  2.80911168e+04  2.06e+06 1.01e+00  3.31e+02  5906s
   7   9.18626325e+00  2.01304535e+04  1.45e+06 7.20e-01  2.23e+02  5922s
   8   9.19494207e+00  1.41804205e+04  1.18e+06 5.02e-01  1.70e+02  5939s
   9   9.31752195e+00  1.02381370e+04  9.88e+05 3.63e-01  1.38e+02  5956s
  10   9.40948975e+00  5.77849654e+03  8.26e+05 2.36e-01  1.20e+02  5976s
  11   8.75550899e+00  4.83842597e+03  7.29e+05 2.05e-01  1.09e+02  6000s
  12   7.29439509e+00  3.76596674e+03  5.30e+05 1.67e-01  8.22e+01  6030s
  13   7.48697419e+00  1.77776057e+03  3.31e+05 7.63e-02  4.95e+01  6061s
  14   7.56864669e+00  6.79944376e+02  2.19e+05 2.90e-02  3.17e+01  6092s
  15   8.03789137e+00  3.16515139e+02  1.19e+05 1.31e-02  1.71e+01  6119s
  16   8.80764644e+00  1.95517210e+02  8.02e+04 7.92e-03  1.15e+01  6143s
  17   9.21365052e+00  1.43979334e+02  6.19e+04 5.49e-03  8.84e+00  6162s
  18   1.10501892e+01  1.25889451e+02  4.36e+04 4.57e-03  6.25e+00  6181s
  19   1.19054512e+01  1.10271427e+02  3.35e+04 3.58e-03  4.71e+00  6201s
  20   1.23113326e+01  9.44978211e+01  2.98e+04 2.62e-03  3.99e+00  6220s
  21   1.53430523e+01  8.52063201e+01  2.01e+04 2.07e-03  2.65e+00  6245s
  22   1.79683641e+01  7.31040141e+01  1.40e+04 1.41e-03  1.75e+00  6276s
  23   1.85159693e+01  6.23293882e+01  1.21e+04 9.98e-04  1.43e+00  6317s
  24   1.69006848e+01  5.46266142e+01  1.09e+04 8.57e-04  1.26e+00  6360s
  25   1.50985584e+01  4.67448572e+01  9.61e+03 6.84e-04  1.06e+00  6404s
  26   1.25268495e+01  4.34284693e+01  8.03e+03 6.00e-04  8.61e-01  6448s
  27   1.06507859e+01  3.78863670e+01  6.87e+03 4.37e-04  6.55e-01  6489s
  28   8.30063716e+00  3.17854940e+01  5.50e+03 2.85e-04  4.20e-01  6538s
  29   3.74893794e+00  2.11505314e+01  2.99e+03 1.25e-04  1.33e-01  6586s
  30   3.00472071e+00  1.46509576e+01  2.39e+03 7.19e-05  6.86e-02  6630s
  31   1.87354795e+00  8.85825544e+00  9.64e+02 2.93e-05  1.42e-02  6675s
  32   1.61442014e+00  5.62349474e+00  3.47e+02 1.48e-05  2.89e-03  6719s
  33   1.61426234e+00  2.93687416e+00  8.31e+01 4.74e-06  2.69e-04  6772s
  34   1.57939426e+00  2.23644325e+00  2.85e+01 2.29e-06  5.88e-05  6818s
  35   1.56795491e+00  2.02667537e+00  1.93e+01 1.58e-06  3.29e-05  6872s
  36   1.56203706e+00  1.89010154e+00  9.32e+00 1.12e-06  1.47e-05  6918s
  37   1.57034958e+00  1.82771302e+00  5.89e+00 8.55e-07  8.94e-06  6964s
  38   1.57377792e+00  1.80588699e+00  5.40e+00 7.68e-07  7.92e-06  7005s
  39   1.58497271e+00  1.78011667e+00  4.59e+00 6.48e-07  6.45e-06  7063s
  40   1.59328475e+00  1.76784208e+00  3.87e+00 5.85e-07  5.42e-06  7122s
  41   1.59721426e+00  1.75104822e+00  3.62e+00 4.93e-07  4.81e-06  7189s
  42   1.60837395e+00  1.73962469e+00  2.72e+00 4.30e-07  3.71e-06  7258s
  43   1.61737332e+00  1.72731284e+00  2.24e+00 3.58e-07  3.01e-06  7334s
  44   1.62332452e+00  1.71778989e+00  1.92e+00 3.08e-07  2.55e-06  7411s
  45   1.62879487e+00  1.71177172e+00  1.57e+00 2.77e-07  2.14e-06  7496s
  46   1.63011683e+00  1.70629220e+00  1.48e+00 2.49e-07  2.00e-06  7581s
  47   1.63166503e+00  1.70448979e+00  1.36e+00 2.42e-07  1.88e-06  7669s
  48   1.63209121e+00  1.70180878e+00  1.34e+00 2.30e-07  1.82e-06  7746s
  49   1.63348791e+00  1.70065022e+00  1.22e+00 2.25e-07  1.70e-06  7839s
  50   1.63438592e+00  1.69853616e+00  1.14e+00 2.16e-07  1.61e-06  7934s
  51   1.63524706e+00  1.69269829e+00  1.05e+00 1.91e-07  1.47e-06  8033s
  52   1.63642560e+00  1.68929860e+00  9.40e-01 1.77e-07  1.34e-06  8126s
  53   1.63802046e+00  1.68547695e+00  7.92e-01 1.61e-07  1.16e-06  8220s
  54   1.63885028e+00  1.68151291e+00  7.25e-01 1.44e-07  1.06e-06  8337s
  55   1.63928020e+00  1.67943702e+00  6.47e-01 1.36e-07  9.70e-07  8453s
  56   1.64019599e+00  1.67734362e+00  5.20e-01 1.27e-07  8.35e-07  8567s
  57   1.64019596e+00  1.67581132e+00  4.34e-01 1.21e-07  7.45e-07  8681s
  58   1.64048997e+00  1.67198764e+00  4.06e-01 1.06e-07  6.80e-07  8823s
  59   1.64100638e+00  1.66626730e+00  3.39e-01 8.32e-08  5.58e-07  8947s
  60   1.64133918e+00  1.66076042e+00  3.00e-01 6.18e-08  4.65e-07  9084s
  61   1.64174499e+00  1.65697615e+00  2.56e-01 4.74e-08  3.84e-07  9212s
  62   1.64174603e+00  1.65475920e+00  2.21e-01 4.00e-08  3.31e-07  9393s
  63   1.64152517e+00  1.65222758e+00  1.92e-01 3.26e-08  2.79e-07  9579s
  64   1.64106336e+00  1.65079381e+00  1.61e-01 2.92e-08  2.38e-07  9789s
  65   1.64078200e+00  1.64969923e+00  1.30e-01 2.62e-08  1.99e-07  10040s
  66   1.64077874e+00  1.64955135e+00  1.29e-01 2.68e-08  1.97e-07  10085s
  67   1.64077812e+00  1.64954837e+00  1.29e-01 2.68e-08  1.97e-07  10154s
  68   1.64077394e+00  1.64948118e+00  1.29e-01 2.68e-08  1.95e-07  10212s
  69   1.64077023e+00  1.64946414e+00  1.29e-01 2.69e-08  1.95e-07  10261s
  70   1.64076710e+00  1.64943346e+00  1.28e-01 2.77e-08  1.95e-07  10327s
  71   1.64077454e+00  1.64943854e+00  1.29e-01 2.73e-08  1.95e-07  10373s
  72   1.64076726e+00  1.64941545e+00  1.28e-01 2.76e-08  1.95e-07  10426s
  73   1.64076598e+00  1.64939955e+00  1.28e-01 2.76e-08  1.94e-07  10479s
  74   1.64076449e+00  1.64938724e+00  1.28e-01 2.73e-08  1.94e-07  10525s
  75   1.64076220e+00  1.64927505e+00  1.28e-01 2.74e-08  1.92e-07  10574s
  76   1.64076942e+00  1.64928305e+00  1.28e-01 2.72e-08  1.93e-07  10617s
  77   1.64076573e+00  1.64927043e+00  1.28e-01 2.77e-08  1.92e-07  10668s
  78   1.64076601e+00  1.64918292e+00  1.27e-01 2.77e-08  1.91e-07  10713s
  79   1.64076983e+00  1.64918364e+00  1.27e-01 2.77e-08  1.91e-07  10752s
  80   1.64076958e+00  1.64918086e+00  1.27e-01 2.77e-08  1.91e-07  10781s
  81   1.64077794e+00  1.64891501e+00  1.19e-01 2.71e-08  1.80e-07  10861s
  82   1.64077953e+00  1.64891429e+00  1.19e-01 2.71e-08  1.80e-07  10911s
  83   1.64078187e+00  1.64884539e+00  1.18e-01 2.84e-08  1.79e-07  11005s
  84   1.64078117e+00  1.64878840e+00  1.18e-01 2.76e-08  1.78e-07  11063s
  85   1.64078094e+00  1.64877906e+00  1.18e-01 2.75e-08  1.78e-07  11122s
  86   1.64079034e+00  1.64878055e+00  1.18e-01 2.74e-08  1.78e-07  11177s
  87   1.64079177e+00  1.64870609e+00  1.18e-01 3.49e-08  1.77e-07  11274s
  88   1.64079851e+00  1.64871976e+00  1.18e-01 3.46e-08  1.77e-07  11323s
  89   1.64079904e+00  1.64869787e+00  1.18e-01 3.44e-08  1.77e-07  11363s
  90   1.64079967e+00  1.64869943e+00  1.18e-01 3.43e-08  1.77e-07  11409s
  91   1.64081175e+00  1.64869311e+00  1.17e-01 3.39e-08  1.77e-07  11483s
  92   1.64082292e+00  1.64867342e+00  1.16e-01 3.38e-08  1.75e-07  11529s
  93   1.64082144e+00  1.64866527e+00  1.16e-01 3.40e-08  1.75e-07  11580s
  94   1.64082565e+00  1.64837702e+00  1.15e-01 3.82e-08  1.71e-07  11685s
  95   1.64092593e+00  1.64808783e+00  1.03e-01 3.70e-08  1.56e-07  11809s
  96   1.64092931e+00  1.64802859e+00  1.03e-01 3.75e-08  1.55e-07  11840s
  97   1.64094905e+00  1.64773094e+00  1.01e-01 3.58e-08  1.50e-07  11922s
  98   1.64095787e+00  1.64772725e+00  1.01e-01 3.60e-08  1.50e-07  11953s
  99   1.64101610e+00  1.64762634e+00  9.75e-02 3.89e-08  1.45e-07  12011s
 100   1.64101710e+00  1.64762781e+00  9.75e-02 3.92e-08  1.45e-07  12079s
 101   1.64101812e+00  1.64763062e+00  9.75e-02 4.04e-08  1.45e-07  12129s
 102   1.64102060e+00  1.64761955e+00  9.74e-02 4.03e-08  1.45e-07  12180s
 103   1.64103443e+00  1.64761830e+00  9.70e-02 4.03e-08  1.45e-07  12232s
 104   1.64103458e+00  1.64761841e+00  9.70e-02 4.03e-08  1.45e-07  12278s
 105   1.64104107e+00  1.64761567e+00  9.68e-02 4.01e-08  1.45e-07  12332s
 106   1.64104405e+00  1.64761325e+00  9.67e-02 3.99e-08  1.44e-07  12381s
 107   1.64104390e+00  1.64761119e+00  9.67e-02 4.02e-08  1.44e-07  12424s
 108   1.64115504e+00  1.64746966e+00  9.05e-02 3.95e-08  1.37e-07  12533s
 109   1.64115563e+00  1.64746263e+00  9.05e-02 4.00e-08  1.37e-07  12626s
 110   1.64115662e+00  1.64746622e+00  9.05e-02 4.03e-08  1.37e-07  12669s
 111   1.64115835e+00  1.64746808e+00  9.05e-02 4.03e-08  1.37e-07  12723s
 112   1.64115883e+00  1.64746973e+00  9.05e-02 3.98e-08  1.37e-07  12787s
 113   1.64115707e+00  1.64746226e+00  9.05e-02 4.02e-08  1.37e-07  12828s
 114   1.64115675e+00  1.64746012e+00  9.05e-02 3.88e-08  1.37e-07  12906s
 115   1.64131074e+00  1.64739260e+00  8.48e-02 3.77e-08  1.30e-07  12965s
 116   1.64131494e+00  1.64734832e+00  8.46e-02 3.64e-08  1.29e-07  13010s
 117   1.64131919e+00  1.64733508e+00  8.45e-02 3.70e-08  1.29e-07  13058s
 118   1.64132190e+00  1.64733054e+00  8.44e-02 3.71e-08  1.29e-07  13104s
 119   1.64132140e+00  1.64732397e+00  8.44e-02 4.06e-08  1.29e-07  13147s
 120   1.64132197e+00  1.64732707e+00  8.44e-02 4.02e-08  1.29e-07  13201s
 121   1.64132315e+00  1.64730574e+00  8.43e-02 4.58e-08  1.28e-07  13312s
 122   1.64132423e+00  1.64730777e+00  8.43e-02 4.56e-08  1.29e-07  13365s
 123   1.64132808e+00  1.64730844e+00  8.43e-02 4.58e-08  1.29e-07  13427s
 124   1.64132661e+00  1.64730304e+00  8.43e-02 4.83e-08  1.29e-07  13496s
 125   1.64132810e+00  1.64729638e+00  8.43e-02 4.81e-08  1.28e-07  13548s
 126   1.64132817e+00  1.64729647e+00  8.43e-02 4.81e-08  1.28e-07  13603s
 127   1.64133149e+00  1.64728631e+00  8.41e-02 4.89e-08  1.28e-07  13646s
 128   1.64139277e+00  1.64721795e+00  8.28e-02 4.67e-08  1.26e-07  13734s
 129   1.64139952e+00  1.64722470e+00  8.29e-02 4.86e-08  1.26e-07  13791s
 130   1.64140163e+00  1.64722185e+00  8.28e-02 4.79e-08  1.26e-07  13844s
 131   1.64140126e+00  1.64721996e+00  8.28e-02 4.90e-08  1.26e-07  13906s
 132   1.64141767e+00  1.64716563e+00  8.24e-02 4.75e-08  1.24e-07  14020s
 133   1.64142259e+00  1.64715872e+00  8.22e-02 4.80e-08  1.24e-07  14080s
 134   1.64142229e+00  1.64715321e+00  8.22e-02 4.90e-08  1.24e-07  14159s
 135   1.64141733e+00  1.64714563e+00  8.21e-02 4.85e-08  1.24e-07  14218s
 136   1.64176650e+00  1.64699148e+00  7.54e-02 4.46e-08  1.14e-07  14326s
 137   1.64177418e+00  1.64696296e+00  7.52e-02 4.49e-08  1.14e-07  14374s
 138   1.64177534e+00  1.64696521e+00  7.52e-02 4.51e-08  1.14e-07  14428s
 139   1.64179719e+00  1.64690753e+00  7.47e-02 4.09e-08  1.12e-07  14520s
 140   1.64179831e+00  1.64690667e+00  7.47e-02 4.10e-08  1.12e-07  14569s
 141   1.64180189e+00  1.64690696e+00  7.46e-02 4.04e-08  1.12e-07  14632s
 142   1.64180152e+00  1.64690266e+00  7.46e-02 4.00e-08  1.12e-07  14690s
 143   1.64180440e+00  1.64690764e+00  7.47e-02 3.80e-08  1.12e-07  14739s
 144   1.64180438e+00  1.64690689e+00  7.47e-02 3.75e-08  1.12e-07  14818s
 145   1.64180414e+00  1.64690560e+00  7.47e-02 3.78e-08  1.12e-07  14866s
 146   1.64180998e+00  1.64689013e+00  7.46e-02 4.66e-08  1.11e-07  14916s
 147   1.64181258e+00  1.64689116e+00  7.47e-02 4.77e-08  1.11e-07  14968s
 148   1.64184096e+00  1.64688094e+00  7.40e-02 4.59e-08  1.10e-07  15019s
 149   1.64184254e+00  1.64688163e+00  7.40e-02 4.60e-08  1.10e-07  15074s
 150   1.64189053e+00  1.64687678e+00  7.30e-02 4.63e-08  1.09e-07  15121s
 151   1.64189059e+00  1.64687708e+00  7.30e-02 4.62e-08  1.09e-07  15168s
 152   1.64189100e+00  1.64687970e+00  7.30e-02 4.58e-08  1.09e-07  15220s
 153   1.64189245e+00  1.64688256e+00  7.30e-02 4.39e-08  1.09e-07  15266s
 154   1.64189732e+00  1.64686916e+00  7.29e-02 4.32e-08  1.09e-07  15339s
 155   1.64205933e+00  1.64684059e+00  6.98e-02 4.17e-08  1.05e-07  15434s
 156   1.64207012e+00  1.64683479e+00  6.96e-02 3.99e-08  1.04e-07  15502s
 157   1.64207087e+00  1.64683626e+00  6.96e-02 4.13e-08  1.04e-07  15559s
 158   1.64210047e+00  1.64683221e+00  6.92e-02 2.99e-08  1.03e-07  15632s
 159   1.64224497e+00  1.64680399e+00  6.67e-02 2.32e-08  9.94e-08  15745s
 160   1.64238004e+00  1.64679145e+00  6.44e-02 2.07e-08  9.62e-08  15812s
 161   1.64255146e+00  1.64678234e+00  6.16e-02 2.14e-08  9.26e-08  15877s
 162   1.64255137e+00  1.64677902e+00  6.16e-02 2.17e-08  9.26e-08  15944s
 163   1.64255143e+00  1.64677918e+00  6.16e-02 2.15e-08  9.26e-08  15995s
 164   1.64262970e+00  1.64677085e+00  6.03e-02 2.43e-08  9.04e-08  16068s
 165   1.64264899e+00  1.64676296e+00  6.00e-02 2.23e-08  8.96e-08  16124s
 166   1.64266330e+00  1.64676040e+00  5.97e-02 2.30e-08  8.92e-08  16173s
 167   1.64281280e+00  1.64675332e+00  5.75e-02 2.27e-08  8.62e-08  16226s
 168   1.64293145e+00  1.64674933e+00  5.57e-02 2.35e-08  8.37e-08  16270s
 169   1.64298320e+00  1.64674852e+00  5.49e-02 2.05e-08  8.26e-08  16334s
 170   1.64298720e+00  1.64674631e+00  5.48e-02 2.01e-08  8.24e-08  16392s
 171   1.64299578e+00  1.64674619e+00  5.47e-02 1.98e-08  8.22e-08  16456s
 172   1.64306886e+00  1.64674113e+00  5.35e-02 1.91e-08  8.04e-08  16543s
 173   1.64307405e+00  1.64674096e+00  5.35e-02 1.89e-08  8.03e-08  16604s
 174   1.64307411e+00  1.64673909e+00  5.34e-02 1.90e-08  8.02e-08  16669s
 175   1.64307417e+00  1.64673960e+00  5.35e-02 1.84e-08  8.02e-08  16717s
 176   1.64307430e+00  1.64673980e+00  5.35e-02 1.84e-08  8.03e-08  16765s
 177   1.64312676e+00  1.64673740e+00  5.26e-02 2.03e-08  7.91e-08  16825s
 178   1.64314350e+00  1.64673726e+00  5.24e-02 1.87e-08  7.87e-08  16912s
 179   1.64315257e+00  1.64673765e+00  5.22e-02 1.73e-08  7.83e-08  16966s
 180   1.64317093e+00  1.64673808e+00  5.20e-02 1.58e-08  7.80e-08  17022s
 181   1.64317433e+00  1.64673582e+00  5.19e-02 1.65e-08  7.77e-08  17127s
 182   1.64344353e+00  1.64673393e+00  4.80e-02 1.54e-08  7.30e-08  17247s
 183   1.64352907e+00  1.64673381e+00  4.67e-02 1.49e-08  7.11e-08  17325s
 184   1.64356585e+00  1.64673397e+00  4.62e-02 1.48e-08  7.04e-08  17384s
 185   1.64357294e+00  1.64673482e+00  4.61e-02 1.33e-08  7.03e-08  17446s
 186   1.64361777e+00  1.64673640e+00  4.55e-02 1.31e-08  6.94e-08  17493s
 187   1.64368835e+00  1.64673652e+00  4.45e-02 1.34e-08  6.75e-08  17626s
 188   1.64369780e+00  1.64673759e+00  4.43e-02 1.37e-08  6.74e-08  17680s
 189   1.64369888e+00  1.64673710e+00  4.43e-02 1.36e-08  6.73e-08  17752s
 190   1.64369901e+00  1.64673850e+00  4.43e-02 1.40e-08  6.74e-08  17799s
 191   1.64369928e+00  1.64673887e+00  4.43e-02 1.40e-08  6.74e-08  17856s
 192   1.64369958e+00  1.64673562e+00  4.43e-02 1.38e-08  6.73e-08  17917s
 193   1.64370132e+00  1.64673575e+00  4.43e-02 1.38e-08  6.73e-08  17989s
 194   1.64373885e+00  1.64673972e+00  4.38e-02 1.38e-08  6.63e-08  18071s
 195   1.64374450e+00  1.64673971e+00  4.37e-02 1.38e-08  6.62e-08  18131s
 196   1.64374692e+00  1.64674105e+00  4.37e-02 1.35e-08  6.60e-08  18196s
 197   1.64379245e+00  1.64674548e+00  4.31e-02 2.48e-08  6.51e-08  18279s
 198   1.64414234e+00  1.64675509e+00  3.85e-02 2.31e-08  5.92e-08  18424s
 199   1.64432697e+00  1.64675859e+00  3.59e-02 2.00e-08  5.56e-08  18521s
 200   1.64442302e+00  1.64677060e+00  3.46e-02 1.28e-08  5.29e-08  18596s
 201   1.64449246e+00  1.64677093e+00  3.36e-02 1.26e-08  5.17e-08  18647s
 202   1.64451886e+00  1.64677278e+00  3.32e-02 1.08e-08  5.09e-08  18724s
 203   1.64452521e+00  1.64677291e+00  3.31e-02 1.03e-08  5.05e-08  18800s
 204   1.64452599e+00  1.64677345e+00  3.31e-02 1.05e-08  5.04e-08  18851s
 205   1.64452620e+00  1.64677395e+00  3.31e-02 1.05e-08  5.04e-08  18905s
 206   1.64454160e+00  1.64677434e+00  3.29e-02 1.03e-08  4.99e-08  18964s
 207   1.64454297e+00  1.64677511e+00  3.29e-02 1.18e-08  4.99e-08  19068s
 208   1.64454206e+00  1.64677547e+00  3.29e-02 1.18e-08  5.00e-08  19139s
 209   1.64456608e+00  1.64677960e+00  3.26e-02 1.16e-08  4.90e-08  19240s
 210   1.64456634e+00  1.64677951e+00  3.25e-02 1.12e-08  4.90e-08  19293s
 211   1.64469972e+00  1.64677985e+00  3.06e-02 1.11e-08  4.67e-08  19362s
 212   1.64511180e+00  1.64678381e+00  2.49e-02 1.30e-08  3.91e-08  19429s
 213   1.64514314e+00  1.64678390e+00  2.44e-02 1.26e-08  3.85e-08  19500s
 214   1.64524684e+00  1.64678344e+00  2.31e-02 1.32e-08  3.68e-08  19571s
 215   1.64524690e+00  1.64678353e+00  2.31e-02 1.36e-08  3.68e-08  19634s
 216   1.64528523e+00  1.64678358e+00  2.26e-02 1.59e-08  3.62e-08  19774s
 217   1.64533483e+00  1.64678542e+00  2.18e-02 1.64e-08  3.50e-08  19842s
 218   1.64534156e+00  1.64678499e+00  2.17e-02 1.44e-08  3.47e-08  19921s
 219   1.64537653e+00  1.64678506e+00  2.12e-02 1.35e-08  3.40e-08  19989s
 220   1.64537654e+00  1.64678497e+00  2.12e-02 1.34e-08  3.40e-08  20033s
 221   1.64544495e+00  1.64678496e+00  2.01e-02 1.40e-08  3.25e-08  20094s
 222   1.64546972e+00  1.64678482e+00  1.98e-02 1.41e-08  3.20e-08  20133s
 223   1.64549265e+00  1.64678464e+00  1.94e-02 1.41e-08  3.15e-08  20201s
 224   1.64551787e+00  1.64678453e+00  1.90e-02 1.41e-08  3.09e-08  20279s
 225   1.64557206e+00  1.64678189e+00  1.81e-02 1.38e-08  2.95e-08  20332s
 226   1.64558175e+00  1.64678193e+00  1.80e-02 1.38e-08  2.93e-08  20403s
 227   1.64559123e+00  1.64678004e+00  1.78e-02 1.35e-08  2.88e-08  20476s
 228   1.64562058e+00  1.64677800e+00  1.74e-02 1.71e-08  2.79e-08  20512s
 229   1.64564898e+00  1.64677638e+00  1.69e-02 1.69e-08  2.72e-08  20553s
 230   1.64566353e+00  1.64677615e+00  1.67e-02 1.69e-08  2.69e-08  20587s
 231   1.64566352e+00  1.64677579e+00  1.67e-02 1.72e-08  2.69e-08  20645s
 232   1.64567160e+00  1.64677272e+00  1.66e-02 1.57e-08  2.63e-08  20723s
 233   1.64567657e+00  1.64677184e+00  1.65e-02 1.56e-08  2.61e-08  20766s
 234   1.64573268e+00  1.64676690e+00  1.55e-02 1.33e-08  2.45e-08  20822s
 235   1.64574836e+00  1.64676246e+00  1.53e-02 1.28e-08  2.39e-08  20950s
 236   1.64575021e+00  1.64675520e+00  1.53e-02 8.88e-09  2.31e-08  21088s
 237   1.64584346e+00  1.64675028e+00  1.37e-02 8.72e-09  2.09e-08  21167s
 238   1.64584376e+00  1.64675021e+00  1.37e-02 8.68e-09  2.09e-08  21220s
 239   1.64584412e+00  1.64675013e+00  1.37e-02 8.68e-09  2.08e-08  21265s
 240   1.64587256e+00  1.64674520e+00  1.32e-02 7.33e-09  1.98e-08  21396s
 241   1.64588171e+00  1.64674249e+00  1.31e-02 7.03e-09  1.95e-08  21460s
 242   1.64588228e+00  1.64674177e+00  1.31e-02 6.91e-09  1.94e-08  21543s
 243   1.64592032e+00  1.64673552e+00  1.25e-02 7.01e-09  1.80e-08  21600s
 244   1.64593706e+00  1.64672812e+00  1.22e-02 6.46e-09  1.73e-08  21733s
 245   1.64596874e+00  1.64672301e+00  1.17e-02 5.53e-09  1.62e-08  21838s
 246   1.64596900e+00  1.64671846e+00  1.17e-02 6.28e-09  1.60e-08  21888s
 247   1.64597789e+00  1.64671676e+00  1.15e-02 8.49e-09  1.57e-08  21951s
 248   1.64598926e+00  1.64671422e+00  1.13e-02 1.00e-08  1.54e-08  22054s
 249   1.64598958e+00  1.64671416e+00  1.13e-02 1.00e-08  1.54e-08  22108s
 250   1.64599429e+00  1.64671366e+00  1.13e-02 1.07e-08  1.53e-08  22148s
 251   1.64601162e+00  1.64670831e+00  1.10e-02 1.06e-08  1.46e-08  22218s
 252   1.64602301e+00  1.64670573e+00  1.08e-02 1.27e-08  1.43e-08  22254s
 253   1.64602355e+00  1.64670331e+00  1.08e-02 1.48e-08  1.42e-08  22300s
 254   1.64602355e+00  1.64670331e+00  1.08e-02 1.48e-08  1.42e-08  22362s
 255   1.64603502e+00  1.64670028e+00  1.06e-02 1.43e-08  1.39e-08  22424s
 256   1.64603632e+00  1.64669902e+00  1.05e-02 1.62e-08  1.38e-08  22465s
 257   1.64603721e+00  1.64669712e+00  1.05e-02 1.78e-08  1.37e-08  22597s
 258   1.64604162e+00  1.64669550e+00  1.05e-02 2.00e-08  1.36e-08  22679s
 259   1.64604400e+00  1.64669533e+00  1.04e-02 2.02e-08  1.35e-08  22733s
 260   1.64604849e+00  1.64669445e+00  1.03e-02 2.21e-08  1.34e-08  22784s
 261   1.64605179e+00  1.64669047e+00  1.03e-02 2.09e-08  1.32e-08  22888s
 262   1.64605297e+00  1.64668877e+00  1.03e-02 2.26e-08  1.31e-08  22942s
 263   1.64605327e+00  1.64668819e+00  1.03e-02 2.48e-08  1.31e-08  23003s
 264   1.64605397e+00  1.64668672e+00  1.02e-02 2.44e-08  1.30e-08  23097s
 265   1.64610657e+00  1.64668169e+00  9.29e-03 2.12e-08  1.18e-08  23238s
 266   1.64611690e+00  1.64667657e+00  9.11e-03 2.00e-08  1.15e-08  23311s
 267   1.64613124e+00  1.64667550e+00  8.87e-03 2.18e-08  1.12e-08  23384s
 268   1.64617143e+00  1.64667485e+00  8.17e-03 2.48e-08  1.03e-08  23436s
 269   1.64617998e+00  1.64666826e+00  8.02e-03 2.22e-08  9.99e-09  23518s
 270   1.64618683e+00  1.64666764e+00  7.90e-03 2.47e-08  9.84e-09  23578s
 271   1.64619003e+00  1.64666720e+00  7.84e-03 2.75e-08  9.76e-09  23682s
 272   1.64620188e+00  1.64666533e+00  7.63e-03 2.85e-08  9.48e-09  23783s
 273   1.64621080e+00  1.64666416e+00  7.47e-03 3.00e-08  9.28e-09  23866s
 274   1.64622104e+00  1.64666184e+00  7.28e-03 3.01e-08  9.02e-09  23947s
 275   1.64624492e+00  1.64665666e+00  6.83e-03 2.67e-08  8.43e-09  24075s
 276   1.64624854e+00  1.64665621e+00  6.76e-03 2.80e-08  8.35e-09  24140s
 277   1.64625505e+00  1.64665174e+00  6.64e-03 2.47e-08  8.13e-09  24251s
 278   1.64625516e+00  1.64665131e+00  6.64e-03 2.61e-08  8.13e-09  24299s
 279   1.64626494e+00  1.64665053e+00  6.47e-03 2.47e-08  7.91e-09  24390s
 280   1.64627810e+00  1.64665033e+00  6.22e-03 2.75e-08  7.62e-09  24483s
 281   1.64627877e+00  1.64664999e+00  6.21e-03 2.87e-08  7.60e-09  24603s
 282   1.64627877e+00  1.64664988e+00  6.21e-03 2.89e-08  7.60e-09  24670s
 283   1.64627985e+00  1.64664956e+00  6.19e-03 3.10e-08  7.57e-09  24718s
 284   1.64628992e+00  1.64664710e+00  6.01e-03 3.22e-08  7.33e-09  24869s
 285   1.64630265e+00  1.64664584e+00  5.77e-03 3.33e-08  7.03e-09  24918s
 286   1.64630962e+00  1.64664515e+00  5.63e-03 3.49e-08  6.87e-09  24979s
 287   1.64631194e+00  1.64664458e+00  5.59e-03 3.76e-08  6.82e-09  25049s
 288   1.64631795e+00  1.64664439e+00  5.47e-03 3.97e-08  6.68e-09  25100s
 289   1.64632074e+00  1.64664394e+00  5.43e-03 4.23e-08  6.62e-09  25145s
 290   1.64632282e+00  1.64664267e+00  5.38e-03 4.30e-08  6.56e-09  25195s
 291   1.64632923e+00  1.64664112e+00  5.26e-03 4.38e-08  6.41e-09  25238s
 292   1.64636610e+00  1.64663177e+00  4.56e-03 3.21e-08  5.49e-09  25336s
 293   1.64637529e+00  1.64663170e+00  4.37e-03 3.54e-08  5.28e-09  25411s
 294   1.64637548e+00  1.64663059e+00  4.37e-03 3.45e-08  5.27e-09  25459s
 295   1.64637607e+00  1.64663024e+00  4.36e-03 3.71e-08  5.25e-09  25545s
 296   1.64639267e+00  1.64662205e+00  4.06e-03 2.76e-08  4.84e-09  25647s
 297   1.64640205e+00  1.64661620e+00  3.86e-03 2.27e-08  4.57e-09  25693s
 298   1.64640416e+00  1.64661297e+00  3.82e-03 2.03e-08  4.50e-09  25750s
 299   1.64640421e+00  1.64661294e+00  3.82e-03 2.02e-08  4.50e-09  25812s
 300   1.64640479e+00  1.64661165e+00  3.81e-03 1.67e-08  4.47e-09  25873s
 301   1.64640522e+00  1.64661104e+00  3.80e-03 1.64e-08  4.45e-09  25922s
 302   1.64642420e+00  1.64661015e+00  3.39e-03 1.72e-08  4.00e-09  25961s
 303   1.64642499e+00  1.64660987e+00  3.37e-03 1.71e-08  3.97e-09  26003s
 304   1.64642531e+00  1.64660868e+00  3.37e-03 1.64e-08  3.96e-09  26076s
 305   1.64642813e+00  1.64660578e+00  3.31e-03 1.46e-08  3.87e-09  26121s
 306   1.64642844e+00  1.64660501e+00  3.30e-03 1.61e-08  3.85e-09  26165s
 307   1.64642849e+00  1.64660497e+00  3.30e-03 1.61e-08  3.85e-09  26213s
 308   1.64643826e+00  1.64660374e+00  3.12e-03 1.46e-08  3.65e-09  26298s
 309   1.64644515e+00  1.64660310e+00  2.98e-03 1.44e-08  3.49e-09  26353s
 310   1.64644951e+00  1.64660266e+00  2.89e-03 1.53e-08  3.38e-09  26415s
 311   1.64645038e+00  1.64660160e+00  2.87e-03 1.48e-08  3.35e-09  26458s
 312   1.64645950e+00  1.64660013e+00  2.66e-03 1.41e-08  3.11e-09  26520s
 313   1.64646119e+00  1.64659979e+00  2.62e-03 1.40e-08  3.07e-09  26558s
 314   1.64646130e+00  1.64659964e+00  2.62e-03 1.39e-08  3.06e-09  26596s
 315   1.64646325e+00  1.64659956e+00  2.58e-03 1.19e-08  3.01e-09  26691s
 316   1.64646402e+00  1.64659952e+00  2.57e-03 1.19e-08  2.99e-09  26745s
 317   1.64648209e+00  1.64659840e+00  2.17e-03 1.13e-08  2.55e-09  26810s
 318   1.64648267e+00  1.64659806e+00  2.16e-03 1.19e-08  2.54e-09  26851s
 319   1.64648301e+00  1.64659805e+00  2.15e-03 1.19e-08  2.53e-09  26886s
 320   1.64648649e+00  1.64659610e+00  2.08e-03 1.09e-08  2.44e-09  26955s
 321   1.64648663e+00  1.64659602e+00  2.08e-03 1.09e-08  2.43e-09  26997s
 322   1.64648868e+00  1.64659450e+00  2.04e-03 9.89e-09  2.38e-09  27072s
 323   1.64648868e+00  1.64659418e+00  2.04e-03 9.76e-09  2.38e-09  27134s
 324   1.64648888e+00  1.64659336e+00  2.03e-03 9.42e-09  2.37e-09  27171s
 325   1.64648898e+00  1.64659231e+00  2.03e-03 8.93e-09  2.36e-09  27251s
 326   1.64648949e+00  1.64659193e+00  2.02e-03 8.77e-09  2.35e-09  27295s
 327   1.64648961e+00  1.64659088e+00  2.02e-03 8.23e-09  2.34e-09  27347s
 328   1.64649087e+00  1.64659071e+00  1.98e-03 8.16e-09  2.30e-09  27401s
 329   1.64649445e+00  1.64659059e+00  1.90e-03 8.12e-09  2.20e-09  27461s
 330   1.64649988e+00  1.64659026e+00  1.76e-03 7.99e-09  2.05e-09  27506s
 331   1.64649989e+00  1.64658981e+00  1.76e-03 7.83e-09  2.05e-09  27550s
 332   1.64650164e+00  1.64658919e+00  1.72e-03 7.56e-09  2.00e-09  27597s
 333   1.64650164e+00  1.64658919e+00  1.72e-03 7.56e-09  2.00e-09  27636s
 334   1.64650278e+00  1.64658887e+00  1.69e-03 7.42e-09  1.97e-09  27692s
 335   1.64650287e+00  1.64658881e+00  1.69e-03 7.42e-09  1.96e-09  27730s
 336   1.64650296e+00  1.64658858e+00  1.68e-03 7.32e-09  1.96e-09  27781s
 337   1.64650296e+00  1.64658857e+00  1.68e-03 7.32e-09  1.96e-09  27831s
 338   1.64650399e+00  1.64658821e+00  1.66e-03 7.16e-09  1.93e-09  27875s
 339   1.64650409e+00  1.64658820e+00  1.66e-03 7.16e-09  1.93e-09  27946s
 340   1.64650492e+00  1.64658816e+00  1.64e-03 7.14e-09  1.91e-09  27989s
 341   1.64650507e+00  1.64658723e+00  1.63e-03 6.79e-09  1.90e-09  28060s
 342   1.64651141e+00  1.64658625e+00  1.47e-03 6.37e-09  1.71e-09  28145s
 343   1.64651174e+00  1.64658586e+00  1.46e-03 6.35e-09  1.70e-09  28203s
 344   1.64651225e+00  1.64658571e+00  1.45e-03 6.29e-09  1.68e-09  28251s
 345   1.64651261e+00  1.64658495e+00  1.44e-03 5.97e-09  1.67e-09  28300s
 346   1.64651262e+00  1.64658489e+00  1.44e-03 5.96e-09  1.66e-09  28348s
 347   1.64651287e+00  1.64658485e+00  1.43e-03 6.30e-09  1.66e-09  28387s
 348   1.64651693e+00  1.64658501e+00  1.33e-03 5.85e-09  1.55e-09  28472s
 349   1.64651693e+00  1.64658501e+00  1.33e-03 5.85e-09  1.55e-09  28513s
 350   1.64651790e+00  1.64658450e+00  1.30e-03 5.67e-09  1.52e-09  28570s
 351   1.64651819e+00  1.64658448e+00  1.30e-03 5.67e-09  1.51e-09  28603s
 352   1.64651821e+00  1.64658447e+00  1.30e-03 5.66e-09  1.51e-09  28666s
 353   1.64651892e+00  1.64658445e+00  1.28e-03 5.49e-09  1.49e-09  28716s
 354   1.64651892e+00  1.64658445e+00  1.28e-03 5.49e-09  1.49e-09  28753s
 355   1.64651893e+00  1.64658445e+00  1.28e-03 5.49e-09  1.49e-09  28812s
 356   1.64651925e+00  1.64658417e+00  1.27e-03 5.38e-09  1.48e-09  28889s
 357   1.64651925e+00  1.64658417e+00  1.27e-03 5.38e-09  1.48e-09  28928s
 358   1.64651976e+00  1.64658406e+00  1.26e-03 5.35e-09  1.46e-09  28994s
 359   1.64651984e+00  1.64658387e+00  1.25e-03 5.30e-09  1.46e-09  29041s
 360   1.64651984e+00  1.64658387e+00  1.25e-03 5.30e-09  1.46e-09  29094s
 361   1.64651988e+00  1.64658377e+00  1.25e-03 5.29e-09  1.46e-09  29164s
 362   1.64652004e+00  1.64658360e+00  1.25e-03 5.25e-09  1.45e-09  29213s
 363   1.64652007e+00  1.64658357e+00  1.25e-03 5.24e-09  1.45e-09  29250s
 364   1.64652011e+00  1.64658357e+00  1.25e-03 5.24e-09  1.45e-09  29290s
 365   1.64652124e+00  1.64658308e+00  1.21e-03 1.10e-07  1.41e-09  29345s
 366   1.64652131e+00  1.64658284e+00  1.21e-03 1.08e-07  1.41e-09  29412s
 367   1.64652209e+00  1.64658237e+00  1.19e-03 1.05e-07  1.38e-09  29450s
 368   1.64652308e+00  1.64658189e+00  1.17e-03 1.01e-07  1.35e-09  29497s
 369   1.64652335e+00  1.64658123e+00  1.16e-03 1.01e-07  1.34e-09  29579s
 370   1.64652343e+00  1.64658089e+00  1.16e-03 9.88e-08  1.34e-09  29644s
 371   1.64652534e+00  1.64657969e+00  1.11e-03 9.09e-08  1.28e-09  29703s
 372   1.64652534e+00  1.64657960e+00  1.11e-03 9.10e-08  1.28e-09  29773s
 373   1.64652594e+00  1.64657945e+00  1.09e-03 8.91e-08  1.26e-09  29816s
 374   1.64652740e+00  1.64657907e+00  1.05e-03 8.66e-08  1.21e-09  29865s
 375   1.64652868e+00  1.64657867e+00  1.02e-03 8.42e-08  1.17e-09  29915s
 376   1.64652871e+00  1.64657862e+00  1.02e-03 8.38e-08  1.17e-09  29956s
 377   1.64652885e+00  1.64657825e+00  1.02e-03 8.14e-08  1.17e-09  30034s
 378   1.64652913e+00  1.64657802e+00  1.01e-03 8.03e-08  1.16e-09  30072s
 379   1.64652916e+00  1.64657788e+00  1.01e-03 7.91e-08  1.16e-09  30126s
 380   1.64652938e+00  1.64657778e+00  1.00e-03 7.83e-08  1.15e-09  30167s
 381   1.64652974e+00  1.64657754e+00  9.91e-04 7.69e-08  1.14e-09  30205s
 382   1.64652977e+00  1.64657749e+00  9.90e-04 7.65e-08  1.14e-09  30243s
 383   1.64652984e+00  1.64657745e+00  9.88e-04 7.62e-08  1.13e-09  30282s

Barrier solved model in 383 iterations and 30281.94 seconds (16291.43 work units)
Optimal objective 1.64652011e+00

