Set parameter Username
Academic license - for non-commercial use only - expires 2027-02-09
Set parameter Threads to value 4
Set parameter Method to value 2
Set parameter BarOrder to value 1
Set parameter BarHomogeneous to value 1
Set parameter NumericFocus to value 2
Set parameter Crossover to value 0
Gurobi Optimizer version 9.5.1 build v9.5.1rc2 (linux64)
Thread count: 32 physical cores, 64 logical processors, using up to 4 threads
Optimize a model with 10086377 rows, 13152662 columns and 63447002 nonzeros
Model fingerprint: 0xb5faaae2
Coefficient statistics:
  Matrix range     [2e-04, 3e+00]
  Objective range  [1e+00, 1e+00]
  Bounds range     [0e+00, 0e+00]
  RHS range        [7e-04, 1e+00]
Presolve removed 0 rows and 0 columns (presolve time = 5s) ...
Presolve removed 3358014 rows and 10895549 columns (presolve time = 10s) ...
Presolve removed 3358014 rows and 10895625 columns (presolve time = 17s) ...
Presolve removed 3363790 rows and 10901401 columns (presolve time = 20s) ...
Presolve removed 3363790 rows and 10901401 columns (presolve time = 39s) ...
Presolve removed 3375342 rows and 10901402 columns (presolve time = 41s) ...
Presolve removed 3375342 rows and 10901402 columns (presolve time = 47s) ...
Presolve removed 3375342 rows and 10901402 columns
Presolve time: 47.85s
Presolved: 6711035 rows, 2251260 columns, 46084141 nonzeros
Elapsed ordering time = 5s
Ordering time: 6.01s

Barrier statistics:
 Dense cols : 330
 AA' NZ     : 1.228e+08
 Factor NZ  : 1.874e+08 (roughly 4.0 GB of memory)
 Factor Ops : 1.458e+10 (roughly 1 second per iteration)
 Threads    : 4

                  Objective                Residual
Iter       Primal          Dual         Primal    Dual     Compl     Time
   0   3.17789759e+00  6.25000000e+01  1.16e+08 6.25e-02  1.00e+06  4224s
   1   4.60215573e+00  1.29213348e+06  1.05e+08 6.72e+02  8.90e+05  4237s
   2   5.44089434e+00  3.97365412e+06  7.96e+07 3.00e+02  5.34e+05  4253s
   3   4.61049811e+01  4.46755839e+06  4.81e+07 1.82e+02  3.14e+05  4271s
   4   5.36615333e+00  1.52040920e+05  1.61e+06 6.15e+00  6.17e+02  4290s
   5   5.20137825e+00  1.12120092e+05  1.25e+06 4.41e+00  4.08e+02  4305s
   6   5.05560062e+00  8.45054363e+04  9.78e+05 3.36e+00  2.77e+02  4319s
   7   4.92425089e+00  5.86875295e+04  7.58e+05 2.29e+00  1.82e+02  4338s
   8   4.78572108e+00  3.74975356e+04  5.46e+05 1.43e+00  1.10e+02  4359s
   9   4.70993244e+00  2.77949918e+04  3.73e+05 1.05e+00  7.12e+01  4383s
  10   4.79862008e+00  2.16877624e+04  3.36e+05 8.60e-01  7.25e+01  4412s
  11   5.12971737e+00  2.24796013e+04  3.77e+05 9.39e-01  1.03e+02  4439s
  12   4.19999417e+00  1.77293703e+04  2.86e+05 7.46e-01  7.52e+01  4467s
  13   3.48616206e+00  1.30833657e+04  2.04e+05 5.46e-01  5.25e+01  4494s
  14   3.26729916e+00  9.62703525e+03  1.33e+05 3.99e-01  3.40e+01  4519s
  15   3.26891445e+00  3.47850699e+03  8.87e+04 1.42e-01  1.95e+01  4547s
  16   3.39771392e+00  1.87008604e+03  5.36e+04 7.72e-02  1.18e+01  4577s
  17   3.53835654e+00  9.99062449e+02  3.45e+04 4.19e-02  7.62e+00  4602s
  18   3.69501344e+00  5.83309495e+02  2.60e+04 2.42e-02  5.55e+00  4620s
  19   3.87961782e+00  3.21977367e+02  1.93e+04 1.34e-02  4.07e+00  4634s
  20   4.12396368e+00  1.98016936e+02  1.31e+04 8.33e-03  2.77e+00  4649s
  21   4.21217391e+00  1.48108749e+02  9.65e+03 6.10e-03  1.99e+00  4663s
  22   4.24498533e+00  1.20328034e+02  8.64e+03 4.82e-03  1.73e+00  4678s
  23   4.45476024e+00  9.68828214e+01  7.41e+03 3.72e-03  1.42e+00  4693s
  24   4.95413349e+00  7.88915019e+01  5.05e+03 2.85e-03  9.38e-01  4708s
  25   5.26740379e+00  5.94781963e+01  2.86e+03 1.91e-03  4.65e-01  4727s
  26   4.69315337e+00  3.93774869e+01  1.99e+03 1.06e-03  2.50e-01  4754s
  27   4.07390829e+00  2.88688160e+01  1.60e+03 7.30e-04  1.64e-01  4787s
  28   3.82682957e+00  2.06304987e+01  1.45e+03 4.71e-04  1.13e-01  4814s
  29   2.30280561e+00  1.05308045e+01  5.83e+02 1.95e-04  2.53e-02  4848s
  30   1.65221822e+00  4.92043523e+00  4.88e+01 6.80e-05  1.09e-03  4877s
  31   1.61197955e+00  3.59389277e+00  1.98e+01 4.05e-05  3.63e-04  4904s
  32   1.58026587e+00  3.12152343e+00  8.96e+00 3.11e-05  1.69e-04  4927s
  33   1.56163673e+00  2.89698694e+00  5.46e+00 2.67e-05  1.11e-04  4946s
  34   1.54383458e+00  2.70626484e+00  3.41e+00 2.30e-05  7.75e-05  4960s
  35   1.52191922e+00  2.51437682e+00  1.77e+00 1.93e-05  5.25e-05  4982s
  36   1.50318862e+00  2.36200618e+00  1.08e+00 1.65e-05  4.11e-05  5008s
  37   1.47692212e+00  1.87555504e+00  5.03e-01 7.52e-06  1.82e-05  5042s
  38   1.47953459e+00  1.79685272e+00  3.03e-01 6.05e-06  1.34e-05  5128s
  39   1.48691752e+00  1.70725533e+00  2.30e-01 4.17e-06  8.96e-06  5203s
  40   1.49638720e+00  1.65278806e+00  1.84e-01 2.95e-06  6.18e-06  5263s
  41   1.49851804e+00  1.64535963e+00  1.78e-01 2.76e-06  5.76e-06  5310s
  42   1.49973215e+00  1.64032721e+00  1.70e-01 2.62e-06  5.44e-06  5358s
  43   1.50512498e+00  1.62701218e+00  1.50e-01 2.25e-06  4.60e-06  5412s
  44   1.52009531e+00  1.62170189e+00  1.21e-01 2.05e-06  4.00e-06  5475s
  45   1.52199283e+00  1.61832222e+00  1.17e-01 1.89e-06  3.70e-06  5545s
  46   1.52714197e+00  1.61428721e+00  1.08e-01 1.66e-06  3.24e-06  5629s
  47   1.53293890e+00  1.61261078e+00  9.81e-02 1.52e-06  2.93e-06  5695s
  48   1.54021805e+00  1.61191614e+00  8.94e-02 1.27e-06  2.47e-06  5764s
  49   1.54650158e+00  1.61328560e+00  8.21e-02 9.80e-07  1.98e-06  5844s
  50   1.55200737e+00  1.61426109e+00  7.68e-02 9.14e-07  1.83e-06  5937s
  51   1.56344358e+00  1.61944713e+00  6.67e-02 6.92e-07  1.45e-06  6027s
  52   1.56779529e+00  1.62161266e+00  6.28e-02 6.27e-07  1.33e-06  6155s
  53   1.57800817e+00  1.62233356e+00  5.36e-02 6.02e-07  1.22e-06  6319s
  54   1.57924648e+00  1.62515024e+00  5.25e-02 5.08e-07  1.09e-06  6476s
  55   1.58036751e+00  1.62571925e+00  5.15e-02 4.87e-07  1.05e-06  6599s
  56   1.58358192e+00  1.62603314e+00  4.86e-02 4.77e-07  1.01e-06  6632s
  57   1.58524511e+00  1.62663858e+00  4.72e-02 4.62e-07  9.70e-07  6699s
  58   1.58799142e+00  1.62703972e+00  4.37e-02 4.51e-07  9.26e-07  6769s
  59   1.59265378e+00  1.62972368e+00  4.01e-02 4.42e-07  8.12e-07  6830s
  60   1.59682408e+00  1.62996833e+00  3.63e-02 4.35e-07  7.67e-07  6902s
  61   1.59933517e+00  1.63082195e+00  3.40e-02 4.00e-07  7.07e-07  6961s
  62   1.60057719e+00  1.63108984e+00  3.30e-02 3.87e-07  6.86e-07  7010s
  63   1.60324383e+00  1.63185442e+00  3.11e-02 3.69e-07  6.47e-07  7071s
  64   1.60335302e+00  1.63185746e+00  3.10e-02 3.69e-07  6.46e-07  7114s
  65   1.60385077e+00  1.63223697e+00  3.06e-02 3.64e-07  6.30e-07  7162s
  66   1.60692120e+00  1.63292223e+00  2.82e-02 3.47e-07  5.63e-07  7205s
  67   1.60736735e+00  1.63321218e+00  2.78e-02 3.42e-07  5.50e-07  7248s
  68   1.60985725e+00  1.63339400e+00  2.58e-02 3.36e-07  5.26e-07  7305s
  69   1.61103422e+00  1.63374040e+00  2.44e-02 3.21e-07  4.98e-07  7342s
  70   1.61435995e+00  1.63457179e+00  2.20e-02 2.99e-07  4.57e-07  7423s
  71   1.61525138e+00  1.63492437e+00  2.13e-02 2.90e-07  4.42e-07  7473s
  72   1.61706265e+00  1.63584677e+00  2.00e-02 2.57e-07  4.08e-07  7527s
  73   1.61958961e+00  1.63600633e+00  1.82e-02 2.53e-07  3.87e-07  7594s
  74   1.62166694e+00  1.63636422e+00  1.66e-02 2.44e-07  3.64e-07  7657s
  75   1.62423125e+00  1.63726851e+00  1.47e-02 2.22e-07  3.28e-07  7700s
  76   1.62557785e+00  1.63820305e+00  1.36e-02 1.98e-07  2.99e-07  7735s
  77   1.62726714e+00  1.63952885e+00  1.25e-02 1.70e-07  2.65e-07  7796s
  78   1.63077100e+00  1.64115928e+00  1.03e-02 1.31e-07  2.16e-07  7863s
  79   1.63133501e+00  1.64130232e+00  1.00e-02 1.29e-07  2.12e-07  7914s
  80   1.63343634e+00  1.64262074e+00  8.63e-03 1.04e-07  1.73e-07  7993s
  81   1.63365582e+00  1.64313082e+00  8.48e-03 9.35e-08  1.61e-07  8063s
  82   1.63379440e+00  1.64345791e+00  8.39e-03 8.38e-08  1.52e-07  8121s
  83   1.63385242e+00  1.64375772e+00  8.35e-03 7.83e-08  1.46e-07  8188s
  84   1.63410158e+00  1.64408660e+00  8.21e-03 7.41e-08  1.41e-07  8244s
  85   1.63420783e+00  1.64411531e+00  8.15e-03 7.37e-08  1.40e-07  8291s
  86   1.63445594e+00  1.64426998e+00  8.01e-03 6.90e-08  1.35e-07  8329s
  87   1.63447164e+00  1.64431637e+00  8.00e-03 6.88e-08  1.34e-07  8360s
  88   1.63477565e+00  1.64442245e+00  7.82e-03 6.45e-08  1.30e-07  8395s
  89   1.63477727e+00  1.64443015e+00  7.82e-03 6.42e-08  1.30e-07  8432s
  90   1.63503938e+00  1.64461421e+00  7.67e-03 6.11e-08  1.26e-07  8498s
  91   1.63504325e+00  1.64461666e+00  7.67e-03 6.18e-08  1.27e-07  8531s
  92   1.63515438e+00  1.64487167e+00  7.60e-03 5.82e-08  1.23e-07  8580s
  93   1.63521014e+00  1.64508628e+00  7.57e-03 5.33e-08  1.20e-07  8618s
  94   1.63521710e+00  1.64510622e+00  7.57e-03 5.29e-08  1.20e-07  8669s
  95   1.63527004e+00  1.64522975e+00  7.54e-03 5.11e-08  1.18e-07  8719s
  96   1.63529255e+00  1.64540387e+00  7.52e-03 4.83e-08  1.16e-07  8782s
  97   1.63529267e+00  1.64540421e+00  7.52e-03 4.83e-08  1.16e-07  8816s
  98   1.63570877e+00  1.64556924e+00  7.29e-03 4.87e-08  1.12e-07  8858s
  99   1.63574201e+00  1.64576848e+00  7.27e-03 4.76e-08  1.10e-07  8890s
 100   1.63579991e+00  1.64587331e+00  7.24e-03 4.76e-08  1.09e-07  8933s
 101   1.63585057e+00  1.64594034e+00  7.21e-03 4.34e-08  1.08e-07  8981s
 102   1.63587233e+00  1.64601640e+00  7.19e-03 4.09e-08  1.07e-07  9029s
 103   1.63593249e+00  1.64608273e+00  7.16e-03 3.89e-08  1.06e-07  9068s
 104   1.63598427e+00  1.64614911e+00  7.13e-03 3.82e-08  1.04e-07  9102s
 105   1.63610710e+00  1.64623939e+00  7.06e-03 3.58e-08  1.03e-07  9141s
 106   1.63618467e+00  1.64634296e+00  7.02e-03 3.50e-08  1.01e-07  9185s
 107   1.63624516e+00  1.64638727e+00  6.98e-03 3.46e-08  1.00e-07  9229s
 108   1.63626210e+00  1.64644118e+00  6.97e-03 3.36e-08  9.95e-08  9272s
 109   1.63630479e+00  1.64648589e+00  6.95e-03 3.53e-08  9.87e-08  9327s
 110   1.63641496e+00  1.64652211e+00  6.88e-03 3.78e-08  9.76e-08  9363s
 111   1.63641763e+00  1.64654982e+00  6.88e-03 3.68e-08  9.73e-08  9400s
 112   1.63644695e+00  1.64665980e+00  6.87e-03 3.42e-08  9.60e-08  9470s
 113   1.63644859e+00  1.64666446e+00  6.86e-03 3.37e-08  9.59e-08  9498s
 114   1.63652070e+00  1.64675416e+00  6.82e-03 3.27e-08  9.45e-08  9554s
 115   1.63652634e+00  1.64677786e+00  6.82e-03 3.33e-08  9.42e-08  9604s
 116   1.63656217e+00  1.64680413e+00  6.80e-03 3.28e-08  9.37e-08  9657s
 117   1.63664669e+00  1.64683988e+00  6.75e-03 3.23e-08  9.28e-08  9730s
 118   1.63666098e+00  1.64686358e+00  6.74e-03 3.22e-08  9.24e-08  9765s
 119   1.63670361e+00  1.64688966e+00  6.72e-03 3.06e-08  9.19e-08  9801s
 120   1.63673866e+00  1.64691282e+00  6.70e-03 3.09e-08  9.14e-08  9846s
 121   1.63679247e+00  1.64693958e+00  6.67e-03 2.91e-08  9.08e-08  9880s
 122   1.63680178e+00  1.64695959e+00  6.66e-03 2.94e-08  9.05e-08  9909s
 123   1.63682066e+00  1.64699175e+00  6.65e-03 2.76e-08  9.00e-08  9981s
 124   1.63683013e+00  1.64700049e+00  6.65e-03 2.72e-08  8.99e-08  10027s
 125   1.63685072e+00  1.64701092e+00  6.63e-03 2.65e-08  8.96e-08  10057s
 126   1.63686198e+00  1.64703455e+00  6.63e-03 2.67e-08  8.93e-08  10124s
 127   1.63688411e+00  1.64705430e+00  6.62e-03 2.44e-08  8.89e-08  10195s
 128   1.63695493e+00  1.64707464e+00  6.58e-03 2.56e-08  8.83e-08  10260s
 129   1.63697804e+00  1.64708942e+00  6.56e-03 2.84e-08  8.80e-08  10299s
 130   1.63703340e+00  1.64714028e+00  6.53e-03 2.99e-08  8.71e-08  10349s
 131   1.63703392e+00  1.64713999e+00  6.53e-03 2.99e-08  8.71e-08  10402s
 132   1.63703427e+00  1.64713927e+00  6.53e-03 3.11e-08  8.70e-08  10440s
 133   1.63708092e+00  1.64715691e+00  6.50e-03 3.03e-08  8.65e-08  10486s
 134   1.63710695e+00  1.64717099e+00  6.49e-03 3.12e-08  8.62e-08  10518s
 135   1.63714252e+00  1.64718541e+00  6.47e-03 2.88e-08  8.58e-08  10566s
 136   1.63716416e+00  1.64720655e+00  6.45e-03 2.64e-08  8.54e-08  10606s
 137   1.63718548e+00  1.64722419e+00  6.44e-03 2.59e-08  8.51e-08  10649s
 138   1.63720939e+00  1.64733355e+00  6.43e-03 2.29e-08  8.37e-08  10710s
 139   1.63722337e+00  1.64734285e+00  6.42e-03 2.43e-08  8.35e-08  10742s
 140   1.63726098e+00  1.64735290e+00  6.40e-03 2.45e-08  8.32e-08  10796s
 141   1.63727489e+00  1.64737575e+00  6.39e-03 2.44e-08  8.28e-08  10849s
 142   1.63730337e+00  1.64738602e+00  6.37e-03 2.44e-08  8.25e-08  10896s
 143   1.63734863e+00  1.64739662e+00  6.35e-03 2.46e-08  8.21e-08  10945s
 144   1.63736954e+00  1.64742558e+00  6.34e-03 2.26e-08  8.16e-08  11058s
 145   1.63738599e+00  1.64743354e+00  6.33e-03 2.29e-08  8.14e-08  11101s
 146   1.63739536e+00  1.64744383e+00  6.32e-03 2.32e-08  8.12e-08  11150s
 147   1.63739418e+00  1.64744556e+00  6.32e-03 1.98e-08  8.13e-08  11185s
 148   1.63753627e+00  1.64745857e+00  6.24e-03 2.04e-08  8.02e-08  11227s
 149   1.63756866e+00  1.64751378e+00  6.22e-03 1.87e-08  7.93e-08  11274s
 150   1.63762932e+00  1.64752068e+00  6.19e-03 1.92e-08  7.88e-08  11314s
 151   1.63771009e+00  1.64752278e+00  6.14e-03 1.92e-08  7.83e-08  11368s
 152   1.63773926e+00  1.64753585e+00  6.12e-03 1.83e-08  7.79e-08  11416s
 153   1.63776031e+00  1.64756846e+00  6.11e-03 1.73e-08  7.73e-08  11478s
 154   1.63777584e+00  1.64757054e+00  6.10e-03 1.75e-08  7.72e-08  11510s
 155   1.63781815e+00  1.64758102e+00  6.08e-03 1.75e-08  7.68e-08  11555s
 156   1.63784573e+00  1.64758967e+00  6.06e-03 1.72e-08  7.65e-08  11621s
 157   1.63784654e+00  1.64759095e+00  6.06e-03 1.74e-08  7.65e-08  11647s
 158   1.63786842e+00  1.64759680e+00  6.05e-03 1.81e-08  7.62e-08  11683s
 159   1.63790947e+00  1.64760143e+00  6.02e-03 1.79e-08  7.59e-08  11720s
 160   1.63807068e+00  1.64760735e+00  5.93e-03 1.74e-08  7.49e-08  11751s
 161   1.63811634e+00  1.64763323e+00  5.90e-03 1.66e-08  7.42e-08  11784s
 162   1.63812097e+00  1.64763704e+00  5.90e-03 1.67e-08  7.41e-08  11816s
 163   1.63812513e+00  1.64764296e+00  5.90e-03 1.68e-08  7.40e-08  11879s
 164   1.63817279e+00  1.64765617e+00  5.87e-03 1.63e-08  7.35e-08  11936s
 165   1.63818274e+00  1.64767822e+00  5.86e-03 1.56e-08  7.30e-08  11974s
 166   1.63819860e+00  1.64768125e+00  5.85e-03 1.54e-08  7.29e-08  12022s
 167   1.63825223e+00  1.64768472e+00  5.82e-03 1.54e-08  7.25e-08  12060s
 168   1.63825796e+00  1.64768775e+00  5.82e-03 1.46e-08  7.24e-08  12098s
 169   1.63825895e+00  1.64769168e+00  5.82e-03 1.48e-08  7.23e-08  12154s
 170   1.63828244e+00  1.64769620e+00  5.81e-03 1.45e-08  7.21e-08  12212s
 171   1.63829591e+00  1.64771058e+00  5.80e-03 1.46e-08  7.17e-08  12269s
 172   1.63829707e+00  1.64771142e+00  5.80e-03 1.45e-08  7.17e-08  12298s
 173   1.63830530e+00  1.64774952e+00  5.79e-03 1.47e-08  7.18e-08  12336s
 174   1.63833098e+00  1.64776939e+00  5.78e-03 1.36e-08  7.14e-08  12405s
 175   1.63836624e+00  1.64777141e+00  5.76e-03 1.44e-08  7.11e-08  12479s
 176   1.63837257e+00  1.64777432e+00  5.75e-03 1.44e-08  7.10e-08  12534s
 177   1.63837692e+00  1.64777545e+00  5.75e-03 1.50e-08  7.09e-08  12580s
 178   1.63840762e+00  1.64777799e+00  5.73e-03 1.51e-08  7.07e-08  12620s
 179   1.63842491e+00  1.64778074e+00  5.72e-03 1.45e-08  7.05e-08  12671s
 180   1.63847149e+00  1.64778364e+00  5.69e-03 1.38e-08  7.02e-08  12719s
 181   1.63847150e+00  1.64778371e+00  5.69e-03 1.38e-08  7.02e-08  12766s
 182   1.63851774e+00  1.64778768e+00  5.67e-03 1.42e-08  6.98e-08  12812s
 183   1.63852564e+00  1.64778920e+00  5.66e-03 1.39e-08  6.97e-08  12840s
 184   1.63854434e+00  1.64779237e+00  5.65e-03 1.45e-08  6.96e-08  12891s
 185   1.63873226e+00  1.64781175e+00  5.54e-03 1.33e-08  6.78e-08  12935s
 186   1.63878716e+00  1.64781301e+00  5.51e-03 1.26e-08  6.74e-08  12970s
 187   1.63879195e+00  1.64781713e+00  5.50e-03 1.22e-08  6.73e-08  13029s
 188   1.63883280e+00  1.64781833e+00  5.48e-03 1.21e-08  6.70e-08  13078s
 189   1.63883865e+00  1.64781867e+00  5.48e-03 1.23e-08  6.70e-08  13126s
 190   1.63884197e+00  1.64782084e+00  5.48e-03 1.23e-08  6.69e-08  13189s
 191   1.63884212e+00  1.64782074e+00  5.48e-03 1.17e-08  6.69e-08  13224s
 192   1.63884516e+00  1.64782201e+00  5.47e-03 1.18e-08  6.68e-08  13266s
 193   1.63884608e+00  1.64782290e+00  5.47e-03 1.19e-08  6.68e-08  13316s
 194   1.63884869e+00  1.64782776e+00  5.47e-03 1.18e-08  6.68e-08  13369s
 195   1.63885868e+00  1.64782950e+00  5.47e-03 1.17e-08  6.67e-08  13437s
 196   1.63885947e+00  1.64782957e+00  5.47e-03 1.17e-08  6.67e-08  13481s
 197   1.63912092e+00  1.64783146e+00  5.31e-03 1.16e-08  6.49e-08  13509s
 198   1.63912642e+00  1.64783193e+00  5.31e-03 1.16e-08  6.49e-08  13563s
 199   1.63914954e+00  1.64783750e+00  5.29e-03 1.14e-08  6.46e-08  13627s
 200   1.63915026e+00  1.64783797e+00  5.29e-03 1.16e-08  6.46e-08  13677s
 201   1.63915460e+00  1.64784118e+00  5.29e-03 1.12e-08  6.45e-08  13730s
 202   1.63916610e+00  1.64784256e+00  5.29e-03 1.13e-08  6.44e-08  13857s
 203   1.63916903e+00  1.64784272e+00  5.28e-03 1.19e-08  6.44e-08  13890s
 204   1.63918253e+00  1.64784423e+00  5.28e-03 1.24e-08  6.42e-08  13944s
 205   1.63918273e+00  1.64784423e+00  5.28e-03 1.24e-08  6.42e-08  13981s
 206   1.63919445e+00  1.64784544e+00  5.27e-03 1.24e-08  6.41e-08  14019s
 207   1.63919475e+00  1.64784595e+00  5.27e-03 1.25e-08  6.41e-08  14060s
 208   1.63923395e+00  1.64784775e+00  5.25e-03 1.24e-08  6.38e-08  14120s
 209   1.63923756e+00  1.64784783e+00  5.24e-03 1.25e-08  6.38e-08  14154s
 210   1.63924367e+00  1.64785164e+00  5.24e-03 1.24e-08  6.37e-08  14199s
 211   1.63925449e+00  1.64785286e+00  5.23e-03 1.22e-08  6.36e-08  14292s
 212   1.63925528e+00  1.64785328e+00  5.23e-03 1.20e-08  6.36e-08  14327s
 213   1.63925838e+00  1.64785630e+00  5.23e-03 1.17e-08  6.35e-08  14388s
 214   1.63925846e+00  1.64785624e+00  5.23e-03 1.17e-08  6.35e-08  14418s
 215   1.63930814e+00  1.64785961e+00  5.20e-03 1.13e-08  6.32e-08  14466s
 216   1.63931053e+00  1.64786032e+00  5.20e-03 1.13e-08  6.31e-08  14536s
 217   1.63931928e+00  1.64786180e+00  5.19e-03 1.13e-08  6.31e-08  14584s
 218   1.63932249e+00  1.64786375e+00  5.19e-03 1.14e-08  6.30e-08  14649s
 219   1.63952024e+00  1.64787211e+00  5.08e-03 1.09e-08  6.15e-08  14698s
 220   1.63952184e+00  1.64787464e+00  5.07e-03 1.07e-08  6.14e-08  14756s
 221   1.63954168e+00  1.64787541e+00  5.06e-03 1.09e-08  6.12e-08  14814s
 222   1.63954499e+00  1.64787650e+00  5.06e-03 1.06e-08  6.12e-08  14877s
 223   1.63955710e+00  1.64788414e+00  5.05e-03 1.05e-08  6.10e-08  14932s
 224   1.63955906e+00  1.64788412e+00  5.05e-03 1.04e-08  6.10e-08  14968s
 225   1.63956062e+00  1.64788448e+00  5.05e-03 1.07e-08  6.10e-08  15019s
 226   1.63956126e+00  1.64788543e+00  5.05e-03 1.05e-08  6.10e-08  15072s
 227   1.63962272e+00  1.64788638e+00  5.01e-03 1.10e-08  6.05e-08  15111s
 228   1.63964937e+00  1.64788806e+00  5.00e-03 1.12e-08  6.02e-08  15160s
 229   1.63966364e+00  1.64788831e+00  4.99e-03 1.07e-08  6.01e-08  15203s
 230   1.63966641e+00  1.64788861e+00  4.99e-03 1.07e-08  6.01e-08  15241s
 231   1.63966724e+00  1.64788882e+00  4.99e-03 1.06e-08  6.01e-08  15276s
 232   1.63967175e+00  1.64789175e+00  4.99e-03 1.07e-08  6.00e-08  15371s
 233   1.63974776e+00  1.64790340e+00  4.94e-03 1.02e-08  5.94e-08  15421s
 234   1.63974780e+00  1.64790341e+00  4.94e-03 1.02e-08  5.94e-08  15453s
 235   1.63976063e+00  1.64791263e+00  4.93e-03 9.44e-09  5.91e-08  15508s
 236   1.63977041e+00  1.64791295e+00  4.93e-03 9.27e-09  5.90e-08  15560s
 237   1.63977376e+00  1.64791308e+00  4.92e-03 9.30e-09  5.90e-08  15600s
 238   1.63977018e+00  1.64791327e+00  4.93e-03 9.74e-09  5.90e-08  15651s
 239   1.63977576e+00  1.64791929e+00  4.92e-03 1.02e-08  5.90e-08  15696s
 240   1.63977584e+00  1.64791985e+00  4.92e-03 1.02e-08  5.90e-08  15747s
 241   1.63978113e+00  1.64792009e+00  4.92e-03 1.01e-08  5.89e-08  15792s
 242   1.63978415e+00  1.64792045e+00  4.92e-03 9.49e-09  5.89e-08  15848s
 243   1.63978761e+00  1.64792239e+00  4.92e-03 1.01e-08  5.88e-08  15895s
 244   1.63978207e+00  1.64792314e+00  4.92e-03 1.00e-08  5.89e-08  15937s
 245   1.63978296e+00  1.64792353e+00  4.92e-03 9.96e-09  5.89e-08  15972s
 246   1.63982198e+00  1.64792384e+00  4.90e-03 1.10e-08  5.86e-08  16005s
 247   1.63982226e+00  1.64792390e+00  4.90e-03 1.10e-08  5.86e-08  16052s
 248   1.63982556e+00  1.64792402e+00  4.89e-03 1.07e-08  5.86e-08  16086s
 249   1.63982760e+00  1.64792443e+00  4.89e-03 1.07e-08  5.85e-08  16126s
 250   1.63984903e+00  1.64792576e+00  4.88e-03 1.09e-08  5.83e-08  16175s
 251   1.63987144e+00  1.64792588e+00  4.87e-03 1.16e-08  5.81e-08  16208s
 252   1.63987155e+00  1.64792588e+00  4.87e-03 1.16e-08  5.81e-08  16249s
 253   1.63989647e+00  1.64792606e+00  4.85e-03 1.18e-08  5.80e-08  16287s
 254   1.63991234e+00  1.64792660e+00  4.84e-03 1.26e-08  5.79e-08  16356s
 255   1.63991662e+00  1.64792662e+00  4.84e-03 1.24e-08  5.78e-08  16411s
 256   1.63991792e+00  1.64792658e+00  4.84e-03 1.22e-08  5.78e-08  16460s
 257   1.63994229e+00  1.64792689e+00  4.83e-03 1.24e-08  5.76e-08  16487s
 258   1.63994681e+00  1.64792723e+00  4.82e-03 1.23e-08  5.76e-08  16531s
 259   1.63994742e+00  1.64792730e+00  4.82e-03 1.23e-08  5.76e-08  16584s
 260   1.63995636e+00  1.64792737e+00  4.82e-03 1.21e-08  5.75e-08  16623s
 261   1.63996765e+00  1.64792772e+00  4.81e-03 1.21e-08  5.74e-08  16676s
 262   1.63996862e+00  1.64793011e+00  4.81e-03 1.24e-08  5.74e-08  16716s
 263   1.63997182e+00  1.64793037e+00  4.81e-03 1.21e-08  5.73e-08  16762s
 264   1.63997928e+00  1.64793507e+00  4.80e-03 1.08e-08  5.71e-08  16833s
 265   1.63998016e+00  1.64793528e+00  4.80e-03 1.10e-08  5.71e-08  16895s
 266   1.64007153e+00  1.64793542e+00  4.75e-03 1.10e-08  5.69e-08  16956s
 267   1.64007317e+00  1.64793546e+00  4.75e-03 1.13e-08  5.68e-08  17014s
 268   1.64009980e+00  1.64793596e+00  4.74e-03 1.07e-08  5.66e-08  17049s
 269   1.64011396e+00  1.64793590e+00  4.73e-03 1.06e-08  5.65e-08  17083s
 270   1.64013529e+00  1.64793660e+00  4.72e-03 1.04e-08  5.63e-08  17123s
 271   1.64013533e+00  1.64793664e+00  4.72e-03 1.05e-08  5.63e-08  17165s
 272   1.64014034e+00  1.64794378e+00  4.71e-03 1.10e-08  5.63e-08  17214s
 273   1.64014034e+00  1.64794377e+00  4.71e-03 1.15e-08  5.63e-08  17260s
 274   1.64014109e+00  1.64794367e+00  4.71e-03 1.16e-08  5.63e-08  17307s
 275   1.64017461e+00  1.64794515e+00  4.69e-03 1.27e-08  5.61e-08  17339s
 276   1.64017466e+00  1.64794495e+00  4.69e-03 1.25e-08  5.61e-08  17372s
 277   1.64017527e+00  1.64794544e+00  4.69e-03 1.23e-08  5.61e-08  17447s
 278   1.64017771e+00  1.64794541e+00  4.69e-03 1.22e-08  5.61e-08  17499s
 279   1.64017839e+00  1.64794661e+00  4.69e-03 1.30e-08  5.61e-08  17546s
 280   1.64018334e+00  1.64794851e+00  4.69e-03 1.30e-08  5.60e-08  17603s
 281   1.64018336e+00  1.64794847e+00  4.69e-03 1.29e-08  5.60e-08  17645s
 282   1.64018376e+00  1.64794864e+00  4.69e-03 1.23e-08  5.60e-08  17699s
 283   1.64018374e+00  1.64794842e+00  4.69e-03 1.23e-08  5.60e-08  17743s
 284   1.64020217e+00  1.64794876e+00  4.68e-03 1.22e-08  5.58e-08  17776s
 285   1.64021843e+00  1.64794882e+00  4.67e-03 1.21e-08  5.57e-08  17824s
 286   1.64021944e+00  1.64794900e+00  4.67e-03 1.20e-08  5.57e-08  17854s
 287   1.64022411e+00  1.64794935e+00  4.66e-03 1.14e-08  5.56e-08  17907s
 288   1.64022487e+00  1.64794963e+00  4.66e-03 1.11e-08  5.56e-08  17948s
 289   1.64024697e+00  1.64794974e+00  4.65e-03 1.08e-08  5.55e-08  17981s
 290   1.64024705e+00  1.64794951e+00  4.65e-03 1.10e-08  5.54e-08  18022s
 291   1.64025342e+00  1.64795227e+00  4.65e-03 1.09e-08  5.54e-08  18091s
 292   1.64026011e+00  1.64795256e+00  4.64e-03 1.08e-08  5.53e-08  18131s
 293   1.64026254e+00  1.64795258e+00  4.64e-03 1.06e-08  5.53e-08  18170s
 294   1.64028751e+00  1.64795415e+00  4.63e-03 1.02e-08  5.51e-08  18212s
 295   1.64029015e+00  1.64795425e+00  4.62e-03 1.01e-08  5.51e-08  18248s
 296   1.64029094e+00  1.64795434e+00  4.62e-03 1.02e-08  5.51e-08  18349s
 297   1.64030429e+00  1.64796274e+00  4.62e-03 1.00e-08  5.50e-08  18390s
 298   1.64030538e+00  1.64796190e+00  4.62e-03 9.82e-09  5.50e-08  18449s
 299   1.64030693e+00  1.64796158e+00  4.62e-03 9.72e-09  5.49e-08  18516s
 300   1.64036684e+00  1.64796289e+00  4.58e-03 1.22e-08  5.44e-08  18568s
 301   1.64036800e+00  1.64796508e+00  4.58e-03 1.30e-08  5.44e-08  18631s
 302   1.64038705e+00  1.64796495e+00  4.57e-03 1.36e-08  5.43e-08  18682s
 303   1.64041274e+00  1.64796425e+00  4.55e-03 1.35e-08  5.40e-08  18728s
 304   1.64043353e+00  1.64796367e+00  4.54e-03 1.35e-08  5.39e-08  18765s
 305   1.64044525e+00  1.64796288e+00  4.53e-03 1.34e-08  5.38e-08  18810s
 306   1.64047990e+00  1.64796271e+00  4.51e-03 1.33e-08  5.35e-08  18866s
 307   1.64048030e+00  1.64796250e+00  4.51e-03 1.33e-08  5.35e-08  18930s
 308   1.64048126e+00  1.64796248e+00  4.51e-03 1.32e-08  5.35e-08  18997s
 309   1.64048067e+00  1.64796329e+00  4.51e-03 1.45e-08  5.35e-08  19038s
 310   1.64048069e+00  1.64796340e+00  4.51e-03 1.48e-08  5.35e-08  19087s
 311   1.64049430e+00  1.64796299e+00  4.50e-03 1.55e-08  5.34e-08  19119s
 312   1.64059854e+00  1.64796291e+00  4.44e-03 1.52e-08  5.26e-08  19203s
 313   1.64060016e+00  1.64796178e+00  4.44e-03 1.57e-08  5.26e-08  19239s
 314   1.64060024e+00  1.64796181e+00  4.44e-03 1.64e-08  5.26e-08  19282s
 315   1.64060044e+00  1.64796409e+00  4.44e-03 1.62e-08  5.26e-08  19418s
 316   1.64060315e+00  1.64796353e+00  4.44e-03 1.64e-08  5.25e-08  19465s
 317   1.64066655e+00  1.64796281e+00  4.40e-03 1.61e-08  5.21e-08  19518s
 318   1.64067502e+00  1.64796196e+00  4.39e-03 1.62e-08  5.20e-08  19569s
 319   1.64070200e+00  1.64796206e+00  4.38e-03 1.61e-08  5.18e-08  19646s
 320   1.64070377e+00  1.64796470e+00  4.38e-03 1.62e-08  5.18e-08  19697s
 321   1.64070503e+00  1.64796451e+00  4.38e-03 1.61e-08  5.18e-08  19736s
 322   1.64070353e+00  1.64796476e+00  4.38e-03 1.60e-08  5.18e-08  19771s
 323   1.64078081e+00  1.64796422e+00  4.33e-03 1.57e-08  5.12e-08  19825s
 324   1.64079562e+00  1.64796324e+00  4.32e-03 1.54e-08  5.11e-08  19858s
 325   1.64079968e+00  1.64796157e+00  4.32e-03 1.51e-08  5.10e-08  19910s
 326   1.64081193e+00  1.64796101e+00  4.31e-03 1.50e-08  5.09e-08  19960s
 327   1.64087444e+00  1.64795927e+00  4.27e-03 1.52e-08  5.05e-08  20009s
 328   1.64087487e+00  1.64795919e+00  4.27e-03 1.52e-08  5.05e-08  20043s
 329   1.64087724e+00  1.64795821e+00  4.27e-03 1.47e-08  5.04e-08  20094s
 330   1.64087754e+00  1.64795779e+00  4.27e-03 1.47e-08  5.04e-08  20128s
 331   1.64087781e+00  1.64795779e+00  4.27e-03 1.47e-08  5.04e-08  20172s
 332   1.64088162e+00  1.64795855e+00  4.27e-03 1.44e-08  5.04e-08  20230s
 333   1.64093578e+00  1.64796006e+00  4.24e-03 1.42e-08  5.00e-08  20272s
 334   1.64093777e+00  1.64795888e+00  4.23e-03 1.39e-08  5.00e-08  20311s
 335   1.64094090e+00  1.64795870e+00  4.23e-03 1.38e-08  4.99e-08  20347s
 336   1.64094255e+00  1.64795872e+00  4.23e-03 1.38e-08  4.99e-08  20377s
 337   1.64094258e+00  1.64795865e+00  4.23e-03 1.38e-08  4.99e-08  20420s
 338   1.64094928e+00  1.64795802e+00  4.23e-03 1.33e-08  4.98e-08  20458s
 339   1.64094930e+00  1.64795796e+00  4.23e-03 1.33e-08  4.98e-08  20512s
 340   1.64095115e+00  1.64795758e+00  4.23e-03 1.34e-08  4.98e-08  20543s
 341   1.64095274e+00  1.64795774e+00  4.23e-03 1.33e-08  4.98e-08  20628s
 342   1.64095309e+00  1.64795781e+00  4.23e-03 1.33e-08  4.98e-08  20675s
 343   1.64098163e+00  1.64795820e+00  4.21e-03 1.29e-08  4.96e-08  20733s
 344   1.64098173e+00  1.64795790e+00  4.21e-03 1.29e-08  4.96e-08  20763s
 345   1.64098173e+00  1.64795775e+00  4.21e-03 1.29e-08  4.96e-08  20829s
 346   1.64098176e+00  1.64795796e+00  4.21e-03 1.30e-08  4.96e-08  20884s
 347   1.64098196e+00  1.64795647e+00  4.21e-03 1.29e-08  4.96e-08  20917s
 348   1.64098362e+00  1.64795626e+00  4.21e-03 1.29e-08  4.95e-08  20947s
 349   1.64162446e+00  1.64795631e+00  4.94e-03 1.30e-08  4.62e-08  20994s
 350   1.64164788e+00  1.64795563e+00  4.92e-03 1.29e-08  4.61e-08  21058s
 351   1.64164840e+00  1.64795029e+00  4.92e-03 1.22e-08  4.59e-08  21089s
 352   1.64165106e+00  1.64794610e+00  4.92e-03 1.18e-08  4.58e-08  21123s
 353   1.64166419e+00  1.64794321e+00  4.91e-03 1.17e-08  4.57e-08  21176s
 354   1.64166523e+00  1.64793064e+00  4.91e-03 1.07e-08  4.54e-08  21223s
 355   1.64166524e+00  1.64793064e+00  4.91e-03 1.07e-08  4.54e-08  21257s
 356   1.64166800e+00  1.64792858e+00  4.90e-03 1.05e-08  4.54e-08  21302s
 357   1.64167033e+00  1.64792811e+00  4.90e-03 1.04e-08  4.53e-08  21334s
 358   1.64167168e+00  1.64792411e+00  4.90e-03 1.00e-08  4.52e-08  21375s
 359   1.64167543e+00  1.64792162e+00  4.90e-03 9.84e-09  4.52e-08  21415s
 360   1.64167929e+00  1.64793573e+00  4.90e-03 8.83e-09  4.51e-08  21451s
 361   1.64170661e+00  1.64792165e+00  4.87e-03 7.94e-09  4.47e-08  21498s
 362   1.64170688e+00  1.64791977e+00  4.87e-03 7.82e-09  4.46e-08  21555s
 363   1.64170689e+00  1.64791967e+00  4.87e-03 7.81e-09  4.46e-08  21601s
 364   1.64173376e+00  1.64791853e+00  4.85e-03 7.73e-09  4.44e-08  21636s
 365   1.64173381e+00  1.64791836e+00  4.85e-03 7.73e-09  4.44e-08  21678s
 366   1.64173383e+00  1.64791836e+00  4.85e-03 7.73e-09  4.44e-08  21744s
 367   1.64174316e+00  1.64795373e+00  4.85e-03 6.55e-09  4.43e-08  21826s
 368   1.64176932e+00  1.64795168e+00  4.82e-03 6.44e-09  4.41e-08  21877s
 369   1.64177003e+00  1.64795169e+00  4.82e-03 6.43e-09  4.41e-08  21921s
 370   1.64177010e+00  1.64794583e+00  4.82e-03 6.07e-09  4.41e-08  21969s
 371   1.64179963e+00  1.64795218e+00  4.80e-03 5.55e-09  4.38e-08  22026s
 372   1.64180336e+00  1.64794129e+00  4.80e-03 5.17e-09  4.37e-08  22080s
 373   1.64181071e+00  1.64793756e+00  4.79e-03 5.06e-09  4.36e-08  22113s
 374   1.64181226e+00  1.64792765e+00  4.79e-03 4.71e-09  4.34e-08  22173s
 375   1.64181634e+00  1.64807798e+00  4.78e-03 3.98e-09  4.41e-08  22241s
 376   1.64181778e+00  1.64807568e+00  4.78e-03 4.12e-09  4.40e-08  22274s
 377   1.64187015e+00  1.64806712e+00  4.74e-03 3.95e-09  4.36e-08  22318s
 378   1.64187275e+00  1.64806092e+00  4.74e-03 3.85e-09  4.35e-08  22348s
 379   1.64188249e+00  1.64810079e+00  4.73e-03 2.70e-09  4.34e-08  22421s
 380   1.64215105e+00  1.64805376e+00  4.51e-03 2.47e-09  4.12e-08  22487s
 381   1.64218209e+00  1.64803859e+00  4.49e-03 2.70e-09  4.09e-08  22528s
 382   1.64221059e+00  1.64802047e+00  4.46e-03 2.44e-09  4.06e-08  22585s
 383   1.64223957e+00  1.64801774e+00  4.44e-03 2.42e-09  4.04e-08  22638s
 384   1.64224018e+00  1.64801774e+00  4.44e-03 2.42e-09  4.04e-08  22683s
 385   1.64224021e+00  1.64801779e+00  4.44e-03 2.42e-09  4.04e-08  22730s
 386   1.64224450e+00  1.64799280e+00  4.44e-03 2.54e-09  4.01e-08  22778s
 387   1.64228966e+00  1.64794490e+00  4.40e-03 2.20e-09  3.95e-08  22836s
 388   1.64230722e+00  1.64791664e+00  4.39e-03 2.00e-09  3.92e-08  22887s
 389   1.64230776e+00  1.64791361e+00  4.39e-03 2.01e-09  3.92e-08  22944s
 390   1.64233031e+00  1.64791297e+00  4.37e-03 2.05e-09  3.90e-08  22980s
 391   1.64233246e+00  1.64791228e+00  4.36e-03 2.05e-09  3.90e-08  23016s
 392   1.64233556e+00  1.64789927e+00  4.36e-03 1.97e-09  3.89e-08  23072s
 393   1.64235146e+00  1.64789118e+00  4.35e-03 1.86e-09  3.87e-08  23150s
 394   1.64235375e+00  1.64789108e+00  4.35e-03 1.86e-09  3.87e-08  23185s
 395   1.64251946e+00  1.64788453e+00  4.21e-03 1.82e-09  3.75e-08  23233s
 396   1.64253082e+00  1.64785374e+00  4.20e-03 2.30e-09  3.72e-08  23309s
 397   1.64254043e+00  1.64784838e+00  4.20e-03 2.20e-09  3.71e-08  23353s
 398   1.64256110e+00  1.64784116e+00  4.18e-03 2.21e-09  3.69e-08  23418s
 399   1.64256219e+00  1.64782827e+00  4.18e-03 2.55e-09  3.68e-08  23483s
 400   1.64256978e+00  1.64782737e+00  4.17e-03 2.59e-09  3.68e-08  23543s
 401   1.64257618e+00  1.64781846e+00  4.17e-03 3.00e-09  3.67e-08  23651s
 402   1.64258783e+00  1.64780660e+00  4.16e-03 3.41e-09  3.65e-08  23716s
 403   1.64259161e+00  1.64780215e+00  4.15e-03 3.44e-09  3.65e-08  23760s
 404   1.64259823e+00  1.64779794e+00  4.15e-03 3.34e-09  3.64e-08  23798s
 405   1.64259856e+00  1.64778305e+00  4.15e-03 3.31e-09  3.63e-08  23849s
 406   1.64261123e+00  1.64777899e+00  4.14e-03 3.32e-09  3.62e-08  23902s
 407   1.64261472e+00  1.64776158e+00  4.13e-03 3.20e-09  3.60e-08  23976s
 408   1.64261508e+00  1.64776117e+00  4.13e-03 3.19e-09  3.60e-08  24003s
 409   1.64261510e+00  1.64776117e+00  4.13e-03 3.19e-09  3.60e-08  24044s
 410   1.64261606e+00  1.64776113e+00  4.13e-03 3.18e-09  3.60e-08  24078s
 411   1.64271436e+00  1.64775595e+00  4.05e-03 3.27e-09  3.53e-08  24108s
 412   1.64271826e+00  1.64775553e+00  4.04e-03 3.19e-09  3.53e-08  24142s
 413   1.64271875e+00  1.64775299e+00  4.04e-03 3.08e-09  3.53e-08  24184s
 414   1.64272281e+00  1.64774983e+00  4.04e-03 3.00e-09  3.52e-08  24260s
 415   1.64276365e+00  1.64774527e+00  4.00e-03 3.17e-09  3.49e-08  24299s
 416   1.64276385e+00  1.64774483e+00  4.00e-03 3.17e-09  3.49e-08  24338s
 417   1.64277134e+00  1.64774387e+00  4.00e-03 3.15e-09  3.48e-08  24374s
 418   1.64277750e+00  1.64774158e+00  3.99e-03 3.11e-09  3.48e-08  24425s
 419   1.64277801e+00  1.64774054e+00  3.99e-03 3.10e-09  3.48e-08  24501s
 420   1.64277851e+00  1.64774051e+00  3.99e-03 3.10e-09  3.48e-08  24551s
 421   1.64277879e+00  1.64774045e+00  3.99e-03 3.07e-09  3.48e-08  24587s
 422   1.64278375e+00  1.64774000e+00  3.99e-03 3.06e-09  3.47e-08  24627s
 423   1.64278472e+00  1.64774175e+00  3.99e-03 3.02e-09  3.47e-08  24689s
 424   1.64278544e+00  1.64773529e+00  3.99e-03 2.89e-09  3.47e-08  24730s
 425   1.64279739e+00  1.64773120e+00  3.98e-03 2.83e-09  3.46e-08  24771s
 426   1.64279893e+00  1.64773081e+00  3.98e-03 2.82e-09  3.45e-08  24806s
 427   1.64279894e+00  1.64773076e+00  3.98e-03 2.82e-09  3.45e-08  24842s
 428   1.64279960e+00  1.64772802e+00  3.98e-03 2.75e-09  3.45e-08  24896s
 429   1.64279989e+00  1.64772801e+00  3.98e-03 2.75e-09  3.45e-08  24935s
 430   1.64280045e+00  1.64772738e+00  3.97e-03 2.74e-09  3.45e-08  25002s
 431   1.64280139e+00  1.64772705e+00  3.97e-03 2.73e-09  3.45e-08  25040s
 432   1.64281477e+00  1.64772059e+00  3.96e-03 2.40e-09  3.44e-08  25079s
 433   1.64281651e+00  1.64771980e+00  3.96e-03 2.39e-09  3.44e-08  25129s
 434   1.64282083e+00  1.64774839e+00  3.96e-03 2.10e-09  3.45e-08  25188s
 435   1.64282095e+00  1.64774807e+00  3.96e-03 2.16e-09  3.45e-08  25244s
 436   1.64282284e+00  1.64773895e+00  3.96e-03 2.23e-09  3.44e-08  25297s
 437   1.64282334e+00  1.64773837e+00  3.96e-03 2.15e-09  3.44e-08  25334s
 438   1.64282386e+00  1.64773752e+00  3.96e-03 2.16e-09  3.44e-08  25396s
 439   1.64286906e+00  1.64773710e+00  3.92e-03 1.59e-09  3.41e-08  25425s
 440   1.64286962e+00  1.64772461e+00  3.92e-03 1.29e-09  3.40e-08  25496s
 441   1.64286967e+00  1.64772442e+00  3.92e-03 1.43e-09  3.40e-08  25527s
 442   1.64287297e+00  1.64772812e+00  3.91e-03 1.40e-09  3.40e-08  25555s
 443   1.64287458e+00  1.64771829e+00  3.91e-03 1.42e-09  3.39e-08  25647s
 444   1.64287458e+00  1.64771828e+00  3.91e-03 1.42e-09  3.39e-08  25685s
 445   1.64290859e+00  1.64771475e+00  3.88e-03 1.50e-09  3.36e-08  25718s
 446   1.64290901e+00  1.64771384e+00  3.88e-03 1.50e-09  3.36e-08  25788s
 447   1.64291165e+00  1.64770628e+00  3.88e-03 1.51e-09  3.36e-08  25821s
 448   1.64298310e+00  1.64770544e+00  3.82e-03 1.50e-09  3.31e-08  25856s
 449   1.64299491e+00  1.64770263e+00  3.81e-03 1.44e-09  3.30e-08  25881s
 450   1.64301346e+00  1.64769735e+00  3.80e-03 3.07e-09  3.28e-08  25916s
 451   1.64301378e+00  1.64769493e+00  3.80e-03 3.25e-09  3.28e-08  25975s
 452   1.64301486e+00  1.64769344e+00  3.80e-03 3.42e-09  3.28e-08  26066s
 453   1.64301621e+00  1.64769137e+00  3.80e-03 3.36e-09  3.28e-08  26097s
 454   1.64301860e+00  1.64769402e+00  3.79e-03 3.94e-09  3.28e-08  26209s
 455   1.64302646e+00  1.64768922e+00  3.79e-03 4.04e-09  3.27e-08  26248s
 456   1.64306335e+00  1.64768525e+00  3.76e-03 4.02e-09  3.24e-08  26304s
 457   1.64309362e+00  1.64765375e+00  3.73e-03 3.18e-09  3.20e-08  26385s
 458   1.64310607e+00  1.64764694e+00  3.72e-03 4.38e-09  3.19e-08  26420s
 459   1.64312747e+00  1.64764646e+00  3.70e-03 4.49e-09  3.17e-08  26455s
 460   1.64313330e+00  1.64763940e+00  3.70e-03 5.54e-09  3.16e-08  26504s
 461   1.64313500e+00  1.64763848e+00  3.70e-03 5.75e-09  3.16e-08  26558s
 462   1.64314224e+00  1.64763978e+00  3.69e-03 5.53e-09  3.16e-08  26620s
 463   1.64314898e+00  1.64763150e+00  3.69e-03 5.49e-09  3.15e-08  26673s
 464   1.64322995e+00  1.64763036e+00  3.62e-03 5.57e-09  3.09e-08  26730s
 465   1.64323008e+00  1.64762973e+00  3.62e-03 5.39e-09  3.09e-08  26760s
 466   1.64325555e+00  1.64762838e+00  3.60e-03 5.08e-09  3.07e-08  26838s
 467   1.64326580e+00  1.64762294e+00  3.59e-03 6.01e-09  3.06e-08  26879s
 468   1.64326645e+00  1.64761991e+00  3.59e-03 5.94e-09  3.06e-08  26916s
 469   1.64327086e+00  1.64761998e+00  3.59e-03 7.60e-09  3.05e-08  26966s
 470   1.64336317e+00  1.64761962e+00  3.52e-03 9.49e-09  3.00e-08  27006s
 471   1.64352625e+00  1.64761431e+00  3.38e-03 9.06e-09  2.88e-08  27051s
 472   1.64352631e+00  1.64761414e+00  3.38e-03 9.06e-09  2.88e-08  27081s
 473   1.64352914e+00  1.64761381e+00  3.38e-03 9.03e-09  2.88e-08  27119s
 474   1.64352925e+00  1.64761381e+00  3.37e-03 9.03e-09  2.88e-08  27167s
 475   1.64353007e+00  1.64761836e+00  3.37e-03 8.72e-09  2.88e-08  27207s
 476   1.64353623e+00  1.64761619e+00  3.37e-03 8.53e-09  2.88e-08  27240s
 477   1.64353626e+00  1.64761614e+00  3.37e-03 8.56e-09  2.88e-08  27286s
 478   1.64355237e+00  1.64762048e+00  3.36e-03 8.83e-09  2.87e-08  27357s
 479   1.64355264e+00  1.64761724e+00  3.35e-03 9.58e-09  2.87e-08  27430s
 480   1.64356407e+00  1.64761381e+00  3.35e-03 1.09e-08  2.86e-08  27473s
 481   1.64356408e+00  1.64761383e+00  3.35e-03 1.09e-08  2.86e-08  27516s
 482   1.64360579e+00  1.64761245e+00  3.31e-03 1.08e-08  2.83e-08  27557s
 483   1.64362726e+00  1.64761038e+00  3.29e-03 1.07e-08  2.81e-08  27592s
 484   1.64362744e+00  1.64760797e+00  3.29e-03 1.12e-08  2.81e-08  27632s
 485   1.64362767e+00  1.64760750e+00  3.29e-03 1.16e-08  2.81e-08  27714s
 486   1.64362923e+00  1.64760736e+00  3.29e-03 1.14e-08  2.81e-08  27809s
 487   1.64362933e+00  1.64760713e+00  3.29e-03 1.15e-08  2.81e-08  27888s
 488   1.64367405e+00  1.64760604e+00  3.25e-03 1.16e-08  2.78e-08  27924s
 489   1.64367429e+00  1.64760593e+00  3.25e-03 1.16e-08  2.78e-08  27969s
 490   1.64367509e+00  1.64761916e+00  3.25e-03 1.22e-08  2.78e-08  28002s
 491   1.64367599e+00  1.64762165e+00  3.25e-03 1.35e-08  2.78e-08  28059s
 492   1.64368056e+00  1.64761657e+00  3.25e-03 1.28e-08  2.78e-08  28089s
 493   1.64368058e+00  1.64761639e+00  3.25e-03 1.29e-08  2.78e-08  28142s
 494   1.64368101e+00  1.64761585e+00  3.25e-03 1.26e-08  2.78e-08  28193s
 495   1.64368523e+00  1.64761863e+00  3.24e-03 1.19e-08  2.77e-08  28278s
 496   1.64368574e+00  1.64761701e+00  3.24e-03 1.27e-08  2.77e-08  28318s
 497   1.64368595e+00  1.64761581e+00  3.24e-03 1.28e-08  2.77e-08  28389s
 498   1.64369721e+00  1.64761371e+00  3.23e-03 1.41e-08  2.76e-08  28438s
 499   1.64369735e+00  1.64761515e+00  3.23e-03 1.40e-08  2.76e-08  28506s
 500   1.64369735e+00  1.64761513e+00  3.23e-03 1.40e-08  2.76e-08  28561s
 501   1.64370476e+00  1.64762450e+00  3.23e-03 1.25e-08  2.76e-08  28665s
 502   1.64370491e+00  1.64762449e+00  3.23e-03 1.25e-08  2.76e-08  28702s
 503   1.64397108e+00  1.64763445e+00  3.02e-03 1.12e-08  2.62e-08  28783s
 504   1.64397179e+00  1.64762862e+00  3.02e-03 1.13e-08  2.62e-08  28832s
 505   1.64397803e+00  1.64764161e+00  3.01e-03 1.13e-08  2.62e-08  28905s
 506   1.64398101e+00  1.64763916e+00  3.01e-03 1.14e-08  2.62e-08  28945s
 507   1.64404035e+00  1.64763552e+00  2.96e-03 1.18e-08  2.57e-08  28987s
 508   1.64405539e+00  1.64762734e+00  2.95e-03 1.19e-08  2.56e-08  29036s
 509   1.64405772e+00  1.64761859e+00  2.95e-03 1.17e-08  2.55e-08  29074s
 510   1.64405772e+00  1.64761859e+00  2.95e-03 1.17e-08  2.55e-08  29111s
 511   1.64405807e+00  1.64762369e+00  2.95e-03 1.29e-08  2.55e-08  29160s
 512   1.64406338e+00  1.64762849e+00  2.94e-03 1.43e-08  2.55e-08  29207s
 513   1.64406338e+00  1.64762847e+00  2.94e-03 1.43e-08  2.55e-08  29242s
 514   1.64406473e+00  1.64762665e+00  2.94e-03 1.42e-08  2.55e-08  29280s
 515   1.64416032e+00  1.64761741e+00  2.85e-03 1.03e-08  2.48e-08  29320s
 516   1.64418306e+00  1.64760785e+00  2.83e-03 9.90e-09  2.46e-08  29372s
 517   1.64418333e+00  1.64760677e+00  2.83e-03 1.00e-08  2.46e-08  29404s
 518   1.64418362e+00  1.64760567e+00  2.83e-03 1.01e-08  2.46e-08  29437s
 519   1.64418572e+00  1.64760485e+00  2.83e-03 1.01e-08  2.45e-08  29467s
 520   1.64418575e+00  1.64760485e+00  2.83e-03 1.01e-08  2.45e-08  29504s
 521   1.64423982e+00  1.64760740e+00  2.78e-03 1.19e-08  2.42e-08  29548s
 522   1.64425314e+00  1.64759303e+00  2.77e-03 1.05e-08  2.40e-08  29596s
 523   1.64449177e+00  1.64758704e+00  9.17e-03 1.03e-08  2.22e-08  29650s
 524   1.64449342e+00  1.64758285e+00  9.17e-03 1.05e-08  2.22e-08  29687s
 525   1.64449515e+00  1.64758137e+00  9.16e-03 1.05e-08  2.22e-08  29718s
 526   1.64449515e+00  1.64758137e+00  9.16e-03 1.05e-08  2.22e-08  29769s
 527   1.64449718e+00  1.64758446e+00  9.16e-03 1.11e-08  2.22e-08  29838s
 528   1.64449721e+00  1.64758443e+00  9.15e-03 1.11e-08  2.22e-08  29876s
 529   1.64449759e+00  1.64758551e+00  9.15e-03 1.13e-08  2.22e-08  29923s
 530   1.64450420e+00  1.64758533e+00  9.13e-03 1.14e-08  2.21e-08  29993s
 531   1.64452394e+00  1.64758354e+00  9.07e-03 1.15e-08  2.20e-08  30042s
 532   1.64452491e+00  1.64758248e+00  9.07e-03 1.24e-08  2.20e-08  30079s

Barrier performed 532 iterations in 30078.93 seconds (15648.26 work units)
Sub-optimal termination - objective 1.64425314e+00

