Set parameter Username
Academic license - for non-commercial use only - expires 2027-02-09
Set parameter Threads to value 4
Set parameter Method to value 2
Set parameter BarOrder to value 1
Set parameter BarHomogeneous to value 1
Set parameter NumericFocus to value 2
Set parameter Crossover to value 0
Gurobi Optimizer version 9.5.1 build v9.5.1rc2 (linux64)
Thread count: 32 physical cores, 64 logical processors, using up to 4 threads
Optimize a model with 5890732 rows, 4209314 columns and 43362918 nonzeros
Model fingerprint: 0x8304bdb7
Coefficient statistics:
  Matrix range     [2e-04, 3e+00]
  Objective range  [1e+00, 1e+00]
  Bounds range     [0e+00, 0e+00]
  RHS range        [7e-04, 1e+00]
Presolve removed 981847 rows and 3561219 columns (presolve time = 5s) ...
Presolve removed 2591456 rows and 3561219 columns (presolve time = 12s) ...
Presolve removed 2700237 rows and 3670000 columns (presolve time = 15s) ...
Presolve removed 2713438 rows and 3683201 columns (presolve time = 23s) ...
Presolve removed 2713440 rows and 3683202 columns (presolve time = 25s) ...
Presolve removed 2951610 rows and 3683202 columns (presolve time = 30s) ...
Presolve removed 2951610 rows and 3683202 columns
Presolve time: 30.78s
Presolved: 2939122 rows, 526112 columns, 21383306 nonzeros
Ordering time: 2.98s

Barrier statistics:
 Dense cols : 285
 AA' NZ     : 5.977e+07
 Factor NZ  : 8.507e+07 (roughly 2.0 GB of memory)
 Factor Ops : 5.781e+09 (less than 1 second per iteration)
 Threads    : 4

                  Objective                Residual
Iter       Primal          Dual         Primal    Dual     Compl     Time
   0   3.31319517e+00  6.25000000e+01  3.10e+07 6.25e-02  1.00e+06  2774s
   1   3.67349581e+00  3.30766122e+05  2.84e+07 8.12e+02  9.24e+05  2781s
   2   7.84504974e+00  6.78988583e+05  2.56e+07 8.10e+02  8.64e+05  2790s
   3   4.37960108e+01  4.65565937e+06  1.48e+07 4.41e+02  5.20e+05  2803s
   4   4.71189102e+00  1.11038190e+05  5.89e+05 1.07e+01  7.65e+02  2816s
   5   4.92258254e+00  4.55965804e+04  3.54e+05 2.74e+00  2.60e+02  2829s
   6   5.07659698e+00  2.77962347e+04  2.26e+05 1.45e+00  1.44e+02  2839s
   7   5.12457983e+00  1.96063163e+04  1.81e+05 9.93e-01  1.07e+02  2847s
   8   5.21311213e+00  1.45891439e+04  1.39e+05 7.46e-01  8.04e+01  2855s
   9   5.24592512e+00  1.10683422e+04  1.21e+05 5.81e-01  6.68e+01  2863s
  10   5.19625721e+00  7.62543373e+03  1.06e+05 4.12e-01  5.59e+01  2872s
  11   4.92278916e+00  5.66541600e+03  9.19e+04 3.34e-01  4.86e+01  2883s
  12   4.50571968e+00  4.48031558e+03  7.91e+04 2.73e-01  4.14e+01  2895s
  13   4.17318116e+00  3.25737579e+03  6.22e+04 1.92e-01  3.15e+01  2908s
  14   4.16516428e+00  1.81132259e+03  4.03e+04 1.04e-01  1.98e+01  2921s
  15   4.19675717e+00  7.67313506e+02  2.55e+04 4.40e-02  1.20e+01  2935s
  16   4.50358863e+00  3.51444407e+02  1.61e+04 2.08e-02  7.48e+00  2946s
  17   4.75783395e+00  2.53115238e+02  1.18e+04 1.48e-02  5.52e+00  2955s
  18   5.10519061e+00  1.89286869e+02  8.87e+03 1.07e-02  4.14e+00  2963s
  19   5.57125317e+00  1.55796037e+02  6.92e+03 8.21e-03  3.22e+00  2972s
  20   6.43399493e+00  1.30565621e+02  4.60e+03 6.16e-03  2.15e+00  2981s
  21   6.82434093e+00  1.04667488e+02  3.30e+03 4.11e-03  1.44e+00  2994s
  22   8.11122225e+00  8.61956919e+01  1.84e+03 2.69e-03  7.99e-01  3009s
  23   8.35047770e+00  7.92554919e+01  1.49e+03 2.36e-03  6.43e-01  3024s
  24   8.15080922e+00  7.47406462e+01  1.39e+03 2.26e-03  6.06e-01  3037s
  25   7.04764293e+00  6.83856054e+01  1.16e+03 2.05e-03  5.04e-01  3054s
  26   6.78032757e+00  6.29380500e+01  1.10e+03 1.84e-03  4.67e-01  3070s
  27   5.64428676e+00  6.06216152e+01  9.00e+02 1.73e-03  3.86e-01  3087s
  28   4.60788644e+00  5.21496773e+01  7.17e+02 1.23e-03  2.74e-01  3104s
  29   3.20234471e+00  4.23332081e+01  4.71e+02 6.84e-04  1.39e-01  3120s
  30   1.58714264e+00  2.55923909e+01  1.14e+02 2.93e-04  2.16e-02  3136s
  31   1.53746734e+00  1.48100598e+01  7.97e+01 1.65e-04  9.36e-03  3152s
  32   1.48368709e+00  9.15795926e+00  2.04e+01 9.44e-05  1.86e-03  3167s
  33   1.47642682e+00  6.15948316e+00  5.36e+00 5.78e-05  5.23e-04  3183s
  34   1.45468979e+00  4.70597583e+00  2.22e+00 4.00e-05  2.78e-04  3198s
  35   1.41794487e+00  4.19135363e+00  1.20e+00 3.39e-05  2.19e-04  3216s
  36   1.40342930e+00  3.74002072e+00  8.33e-01 2.84e-05  1.80e-04  3232s
  37   1.39492176e+00  3.41840857e+00  5.63e-01 2.46e-05  1.50e-04  3245s
  38   1.38739799e+00  3.00918355e+00  3.40e-01 1.97e-05  1.16e-04  3257s
  39   1.38926160e+00  2.45047438e+00  1.89e-01 1.29e-05  7.24e-05  3273s
  40   1.39420308e+00  2.19703626e+00  1.23e-01 9.81e-06  5.24e-05  3293s
  41   1.40205408e+00  2.10321124e+00  1.03e-01 8.61e-06  4.48e-05  3313s
  42   1.41159128e+00  1.94947754e+00  8.53e-02 6.48e-06  3.29e-05  3330s
  43   1.42351405e+00  1.86332697e+00  6.95e-02 5.23e-06  2.59e-05  3348s
  44   1.43675073e+00  1.81453244e+00  5.56e-02 4.50e-06  2.16e-05  3374s
  45   1.44661528e+00  1.78934048e+00  4.65e-02 4.14e-06  1.94e-05  3412s
  46   1.45798793e+00  1.77330038e+00  3.99e-02 3.90e-06  1.77e-05  3445s
  47   1.46913366e+00  1.74411284e+00  3.38e-02 3.45e-06  1.52e-05  3484s
  48   1.47947005e+00  1.73382775e+00  2.98e-02 3.28e-06  1.40e-05  3524s
  49   1.48528128e+00  1.72068882e+00  2.78e-02 3.05e-06  1.29e-05  3568s
  50   1.49865251e+00  1.69527928e+00  2.41e-02 2.56e-06  1.05e-05  3612s
  51   1.51039614e+00  1.68980008e+00  2.13e-02 2.45e-06  9.61e-06  3653s
  52   1.51769303e+00  1.68269980e+00  1.97e-02 2.27e-06  8.76e-06  3706s
  53   1.53636359e+00  1.67303843e+00  1.61e-02 2.01e-06  7.33e-06  3761s
  54   1.55101633e+00  1.66872352e+00  1.35e-02 1.88e-06  6.53e-06  3813s
  55   1.55756933e+00  1.66687703e+00  1.21e-02 1.82e-06  6.13e-06  3891s
  56   1.56409741e+00  1.66038890e+00  1.06e-02 1.60e-06  5.32e-06  3966s
  57   1.56884152e+00  1.65305424e+00  9.32e-03 1.35e-06  4.49e-06  4046s
  58   1.58026609e+00  1.65160482e+00  7.26e-03 1.30e-06  4.11e-06  4105s
  59   1.58164064e+00  1.64777644e+00  7.02e-03 1.11e-06  3.57e-06  4138s
  60   1.58178729e+00  1.64710338e+00  7.00e-03 1.08e-06  3.47e-06  4159s
  61   1.58554714e+00  1.64491528e+00  6.39e-03 9.72e-07  3.10e-06  4207s
  62   1.58960084e+00  1.64408176e+00  5.78e-03 9.23e-07  2.90e-06  4241s
  63   1.59043299e+00  1.64294856e+00  5.66e-03 8.69e-07  2.74e-06  4267s
  64   1.59792532e+00  1.64255511e+00  4.43e-03 7.92e-07  2.43e-06  4312s
  65   1.59984770e+00  1.64151793e+00  4.17e-03 6.85e-07  2.12e-06  4343s
  66   1.60132494e+00  1.64133260e+00  4.00e-03 6.66e-07  2.05e-06  4372s
  67   1.60374761e+00  1.64213257e+00  3.70e-03 5.97e-07  1.85e-06  4412s
  68   1.61340971e+00  1.64128651e+00  2.61e-03 5.03e-07  1.50e-06  4438s
  69   1.61554351e+00  1.64141884e+00  2.39e-03 4.62e-07  1.37e-06  4468s
  70   1.61733655e+00  1.64136395e+00  2.21e-03 4.24e-07  1.25e-06  4485s
  71   1.61936072e+00  1.64155555e+00  2.03e-03 4.05e-07  1.15e-06  4505s
  72   1.61971863e+00  1.64172857e+00  2.00e-03 3.87e-07  1.10e-06  4520s
  73   1.62890453e+00  1.64179031e+00  1.16e-03 3.41e-07  8.91e-07  4553s
  74   1.63071507e+00  1.64213846e+00  1.03e-03 3.11e-07  8.01e-07  4582s
  75   1.63090680e+00  1.64248177e+00  1.02e-03 2.75e-07  7.22e-07  4614s
  76   1.63249411e+00  1.64276779e+00  8.96e-04 2.42e-07  6.28e-07  4638s
  77   1.63343709e+00  1.64324568e+00  8.13e-04 1.79e-07  4.80e-07  4670s
  78   1.63391312e+00  1.64333185e+00  7.76e-04 1.61e-07  4.35e-07  4697s
  79   1.63391326e+00  1.64333067e+00  7.76e-04 1.61e-07  4.35e-07  4724s
  80   1.63399717e+00  1.64334289e+00  7.70e-04 1.58e-07  4.30e-07  4746s
  81   1.63404227e+00  1.64335826e+00  7.67e-04 1.56e-07  3.89e-07  4773s
  82   1.63454504e+00  1.64346940e+00  7.34e-04 1.45e-07  3.61e-07  4814s
  83   1.63454781e+00  1.64347013e+00  7.34e-04 1.45e-07  3.61e-07  4836s
  84   1.63455408e+00  1.64347242e+00  7.34e-04 1.45e-07  3.61e-07  4858s
  85   1.63457206e+00  1.64348331e+00  7.33e-04 1.44e-07  3.50e-07  4882s
  86   1.63497274e+00  1.64356756e+00  7.05e-04 1.37e-07  3.31e-07  4919s
  87   1.63500528e+00  1.64360780e+00  7.03e-04 1.35e-07  3.26e-07  4944s
  88   1.63503661e+00  1.64364631e+00  7.01e-04 1.31e-07  3.21e-07  4977s
  89   1.63510790e+00  1.64371021e+00  6.96e-04 1.27e-07  3.14e-07  5002s
  90   1.63514883e+00  1.64373150e+00  6.94e-04 1.26e-07  3.12e-07  5024s
  91   1.63516441e+00  1.64373873e+00  6.93e-04 1.26e-07  3.11e-07  5047s
  92   1.63517007e+00  1.64374104e+00  6.92e-04 1.26e-07  3.10e-07  5070s
  93   1.63518411e+00  1.64375155e+00  6.91e-04 1.25e-07  3.09e-07  5093s
  94   1.63521011e+00  1.64376036e+00  6.90e-04 1.24e-07  3.08e-07  5117s
  95   1.63521807e+00  1.64379133e+00  6.89e-04 1.23e-07  3.06e-07  5138s
  96   1.63521868e+00  1.64379515e+00  6.89e-04 1.24e-07  3.06e-07  5172s
  97   1.63523561e+00  1.64381405e+00  6.88e-04 1.22e-07  3.03e-07  5217s
  98   1.63524097e+00  1.64381555e+00  6.88e-04 1.22e-07  3.03e-07  5233s
  99   1.63524149e+00  1.64381314e+00  6.88e-04 1.22e-07  3.03e-07  5259s
 100   1.63524966e+00  1.64381447e+00  6.87e-04 1.22e-07  3.03e-07  5281s
 101   1.63526542e+00  1.64381986e+00  6.86e-04 1.22e-07  3.02e-07  5308s
 102   1.63529134e+00  1.64385628e+00  6.85e-04 1.20e-07  2.99e-07  5344s
 103   1.63531070e+00  1.64386067e+00  6.83e-04 1.20e-07  2.98e-07  5364s
 104   1.63532515e+00  1.64387222e+00  6.82e-04 1.19e-07  2.97e-07  5386s
 105   1.63532532e+00  1.64387088e+00  6.82e-04 1.19e-07  2.97e-07  5408s
 106   1.63535921e+00  1.64388545e+00  6.80e-04 1.18e-07  2.96e-07  5432s
 107   1.63536221e+00  1.64388575e+00  6.80e-04 1.18e-07  2.96e-07  5453s
 108   1.63536890e+00  1.64391729e+00  6.80e-04 1.17e-07  2.94e-07  5483s
 109   1.63547270e+00  1.64395804e+00  6.73e-04 1.16e-07  2.89e-07  5517s
 110   1.63552286e+00  1.64398703e+00  6.70e-04 1.15e-07  2.87e-07  5537s
 111   1.63557357e+00  1.64399868e+00  6.67e-04 1.14e-07  2.85e-07  5558s
 112   1.63557864e+00  1.64401101e+00  6.67e-04 1.14e-07  2.85e-07  5579s
 113   1.63561287e+00  1.64405057e+00  6.65e-04 1.12e-07  2.82e-07  5604s
 114   1.63564944e+00  1.64406645e+00  6.63e-04 1.12e-07  2.81e-07  5622s
 115   1.63564988e+00  1.64406683e+00  6.63e-04 1.12e-07  2.81e-07  5645s
 116   1.63564981e+00  1.64406716e+00  6.63e-04 1.12e-07  2.81e-07  5663s
 117   1.63565029e+00  1.64406620e+00  6.63e-04 1.12e-07  2.80e-07  5681s
 118   1.63565081e+00  1.64406629e+00  6.63e-04 1.12e-07  2.80e-07  5705s
 119   1.63566902e+00  1.64407360e+00  6.62e-04 1.11e-07  2.80e-07  5727s
 120   1.63567705e+00  1.64407711e+00  6.61e-04 1.11e-07  2.79e-07  5747s
 121   1.63567736e+00  1.64407682e+00  6.61e-04 1.11e-07  2.79e-07  5766s
 122   1.63568198e+00  1.64408175e+00  6.61e-04 1.11e-07  2.79e-07  5791s
 123   1.63570706e+00  1.64410960e+00  6.60e-04 1.10e-07  2.77e-07  5822s
 124   1.63570730e+00  1.64410890e+00  6.60e-04 1.10e-07  2.77e-07  5852s
 125   1.63573139e+00  1.64412877e+00  6.58e-04 1.09e-07  2.76e-07  5879s
 126   1.63574352e+00  1.64416858e+00  6.58e-04 1.08e-07  2.73e-07  5906s
 127   1.63574662e+00  1.64417232e+00  6.57e-04 1.08e-07  2.73e-07  5925s
 128   1.63574683e+00  1.64417325e+00  6.57e-04 1.08e-07  2.73e-07  5950s
 129   1.63575362e+00  1.64418187e+00  6.57e-04 1.08e-07  2.72e-07  5971s
 130   1.63576088e+00  1.64418281e+00  6.57e-04 1.07e-07  2.72e-07  5997s
 131   1.63580820e+00  1.64421778e+00  6.54e-04 1.06e-07  2.70e-07  6021s
 132   1.63582202e+00  1.64424879e+00  6.53e-04 1.05e-07  2.68e-07  6045s
 133   1.63584198e+00  1.64426046e+00  6.52e-04 1.05e-07  2.67e-07  6073s
 134   1.63585230e+00  1.64427945e+00  6.51e-04 1.04e-07  2.66e-07  6094s
 135   1.63586101e+00  1.64428354e+00  6.51e-04 1.04e-07  2.66e-07  6124s
 136   1.63588608e+00  1.64428989e+00  6.49e-04 1.04e-07  2.65e-07  6148s
 137   1.63588990e+00  1.64430361e+00  6.49e-04 1.03e-07  2.64e-07  6180s
 138   1.63589402e+00  1.64430678e+00  6.49e-04 1.03e-07  2.64e-07  6202s
 139   1.63591151e+00  1.64431468e+00  6.48e-04 1.03e-07  2.64e-07  6224s
 140   1.63591294e+00  1.64431643e+00  6.48e-04 1.03e-07  2.63e-07  6244s
 141   1.63591460e+00  1.64431709e+00  6.48e-04 1.03e-07  2.63e-07  6284s
 142   1.63591522e+00  1.64431786e+00  6.48e-04 1.03e-07  2.63e-07  6306s
 143   1.63591776e+00  1.64431827e+00  6.48e-04 1.03e-07  2.63e-07  6333s
 144   1.63591938e+00  1.64431816e+00  6.47e-04 1.03e-07  2.63e-07  6351s
 145   1.63595551e+00  1.64434904e+00  6.45e-04 1.02e-07  2.61e-07  6386s
 146   1.63597663e+00  1.64438303e+00  6.44e-04 1.01e-07  2.59e-07  6418s
 147   1.63598370e+00  1.64439159e+00  6.44e-04 1.00e-07  2.59e-07  6449s
 148   1.63598614e+00  1.64444242e+00  6.44e-04 9.92e-08  2.56e-07  6486s
 149   1.63598876e+00  1.64444395e+00  6.44e-04 9.91e-08  2.56e-07  6509s
 150   1.63599669e+00  1.64444917e+00  6.43e-04 9.89e-08  2.56e-07  6528s
 151   1.63600138e+00  1.64445436e+00  6.43e-04 9.87e-08  2.55e-07  6553s
 152   1.63601779e+00  1.64446059e+00  6.42e-04 9.86e-08  2.55e-07  6571s
 153   1.63601979e+00  1.64446173e+00  6.42e-04 9.85e-08  2.55e-07  6586s
 154   1.63601995e+00  1.64446200e+00  6.42e-04 9.85e-08  2.55e-07  6608s
 155   1.63604080e+00  1.64449348e+00  6.41e-04 9.78e-08  2.53e-07  6627s
 156   1.63604083e+00  1.64449309e+00  6.41e-04 9.77e-08  2.53e-07  6654s
 157   1.63606336e+00  1.64449840e+00  6.39e-04 9.75e-08  2.53e-07  6675s
 158   1.63607329e+00  1.64451096e+00  6.39e-04 9.71e-08  2.52e-07  6698s
 159   1.63608956e+00  1.64451330e+00  6.38e-04 9.70e-08  2.52e-07  6715s
 160   1.63609619e+00  1.64452029e+00  6.38e-04 9.70e-08  2.51e-07  6742s
 161   1.63611414e+00  1.64455063e+00  6.37e-04 9.60e-08  2.50e-07  6769s
 162   1.63611417e+00  1.64454969e+00  6.37e-04 9.58e-08  2.50e-07  6787s
 163   1.63614406e+00  1.64456395e+00  6.35e-04 9.53e-08  2.49e-07  6821s
 164   1.63616288e+00  1.64458237e+00  6.34e-04 9.48e-08  2.48e-07  6844s
 165   1.63616297e+00  1.64458198e+00  6.34e-04 9.48e-08  2.48e-07  6866s
 166   1.63617350e+00  1.64460644e+00  6.34e-04 9.42e-08  2.47e-07  6898s

Barrier performed 166 iterations in 6898.48 seconds (3854.51 work units)
Sub-optimal termination - objective 1.63617350e+00

