Set parameter Username
Academic license - for non-commercial use only - expires 2027-02-09
Set parameter Threads to value 4
Set parameter Method to value 2
Set parameter BarOrder to value 1
Set parameter BarHomogeneous to value 1
Set parameter NumericFocus to value 2
Set parameter Crossover to value 0
Gurobi Optimizer version 9.5.1 build v9.5.1rc2 (linux64)
Thread count: 32 physical cores, 64 logical processors, using up to 4 threads
Optimize a model with 1187424 rows, 334137 columns and 8179632 nonzeros
Model fingerprint: 0xe81ddd09
Coefficient statistics:
  Matrix range     [2e-04, 3e+00]
  Objective range  [1e+00, 1e+00]
  Bounds range     [0e+00, 0e+00]
  RHS range        [7e-04, 1e+00]
Presolve removed 285180 rows and 586473 columns
Presolve time: 5.19s
Presolved: 48957 rows, 600951 columns, 4026497 nonzeros
Ordering time: 0.17s

Barrier statistics:
 Dense cols : 81
 AA' NZ     : 3.720e+05
 Factor NZ  : 1.249e+06 (roughly 270 MB of memory)
 Factor Ops : 7.131e+07 (less than 1 second per iteration)
 Threads    : 4

                  Objective                Residual
Iter       Primal          Dual         Primal    Dual     Compl     Time
   0   1.33859531e+08  0.00000000e+00  9.30e+06 0.00e+00  1.00e+06     7s
   1   7.74056963e+07 -7.69132341e+00  5.37e+06 7.86e+02  6.23e+05     7s
   2   2.57793296e+07 -1.87229068e+01  1.78e+06 5.65e+02  2.66e+05     8s
   3   9.94563241e+06 -1.42651270e+01  6.89e+05 4.59e+02  1.44e+05     9s
   4   5.26737753e+06  5.17457916e+01  3.64e+05 2.25e+02  7.89e+04     9s
   5   3.47732446e+06  1.29392349e+02  2.40e+05 1.44e+02  5.26e+04    10s
   6   2.55827097e+06  1.97272963e+02  1.77e+05 1.08e+02  3.66e+04    10s
   7   1.98294681e+06  2.37441649e+02  1.37e+05 8.70e+01  2.70e+04    11s
   8   1.55743956e+06  2.55284587e+02  1.07e+05 7.47e+01  2.11e+04    12s
   9   1.10427406e+06  2.64708416e+02  7.59e+04 6.86e+01  1.62e+04    13s
  10   9.38104443e+05  2.61945629e+02  6.45e+04 5.75e+01  1.33e+04    13s
  11   8.73591256e+05  2.49651323e+02  6.00e+04 5.51e+01  1.25e+04    14s
  12   7.63688999e+05  2.38028816e+02  5.24e+04 5.13e+01  1.13e+04    15s
  13   5.45242393e+05  1.98550002e+02  3.74e+04 4.17e+01  8.20e+03    16s
  14   4.39975221e+05  1.58234448e+02  3.01e+04 3.45e+01  6.24e+03    17s
  15   2.72799480e+05  8.89350095e+01  1.86e+04 2.13e+01  3.01e+03    18s
  16   1.01686678e+05  4.29166226e+01  6.87e+03 1.14e+01  8.22e+02    19s
  17   3.11841766e+03  3.19422242e+00  2.10e+02 5.17e-01  1.33e+00    20s
  18   8.56450057e+02  2.57480131e+00  5.76e+01 3.23e-01  2.36e-01    21s
  19   2.89663097e+02  1.82127861e+00  1.94e+01 6.60e-02  1.91e-02    23s
  20   1.26824424e+02  1.66682251e+00  8.43e+00 2.12e-02  3.55e-03    24s
  21   6.18117068e+01  1.61081425e+00  4.05e+00 8.05e-03  1.02e-03    25s
  22   4.62858010e+01  1.53974521e+00  3.01e+00 4.04e-03  5.97e-04    26s
  23   3.74338067e+01  1.49292698e+00  2.42e+00 2.55e-03  4.29e-04    27s
  24   2.53804176e+01  1.46624793e+00  1.61e+00 1.95e-03  2.82e-04    28s
  25   2.22430452e+01  1.44438496e+00  1.40e+00 1.46e-03  2.32e-04    29s
  26   2.14632312e+01  1.43706223e+00  1.35e+00 1.28e-03  2.17e-04    29s
  27   1.99233541e+01  1.43230723e+00  1.24e+00 1.16e-03  1.96e-04    30s
  28   1.81930197e+01  1.42694058e+00  1.13e+00 1.03e-03  1.75e-04    31s
  29   1.68830775e+01  1.42146831e+00  1.04e+00 8.59e-04  1.55e-04    32s
  30   1.50007829e+01  1.42741482e+00  9.13e-01 3.15e-04  9.88e-05    33s
  31   6.36395556e+00  1.43485183e+00  3.30e-01 1.92e-04  3.25e-05    34s
  32   5.22918466e+00  1.47151805e+00  2.53e-01 5.89e-05  1.83e-05    35s
  33   3.76847494e+00  1.47963035e+00  1.54e-01 4.18e-05  1.06e-05    37s
  34   3.10853749e+00  1.48881688e+00  1.09e-01 2.66e-05  7.07e-06    37s
  35   2.82619626e+00  1.49105208e+00  8.96e-02 2.42e-05  5.78e-06    38s
  36   2.75535115e+00  1.49318424e+00  8.48e-02 2.19e-05  5.36e-06    39s
  37   2.51939063e+00  1.50144750e+00  6.84e-02 1.48e-05  4.02e-06    40s
  38   2.28646409e+00  1.50776100e+00  5.23e-02 1.07e-05  2.94e-06    41s
  39   2.13895116e+00  1.50810522e+00  4.21e-02 1.04e-05  2.49e-06    42s
  40   2.08332921e+00  1.52077125e+00  3.81e-02 5.40e-06  1.94e-06    43s
  41   1.90689430e+00  1.52803894e+00  2.56e-02 4.08e-06  1.38e-06    45s
  42   1.82916142e+00  1.53333185e+00  2.00e-02 3.28e-06  1.05e-06    46s
  43   1.71717824e+00  1.53559209e+00  1.19e-02 2.88e-06  7.67e-07    47s
  44   1.68355736e+00  1.53812386e+00  9.46e-03 2.45e-06  6.28e-07    49s
  45   1.62306846e+00  1.54514556e+00  5.13e-03 1.04e-06  3.12e-07    50s
  46   1.60988281e+00  1.54613133e+00  4.20e-03 8.20e-07  2.55e-07    51s
  47   1.59261460e+00  1.54634106e+00  2.98e-03 7.68e-07  2.07e-07    52s
  48   1.57568096e+00  1.54734577e+00  1.80e-03 4.98e-07  1.32e-07    53s
  49   1.57148538e+00  1.54812819e+00  1.52e-03 2.89e-07  9.88e-08    54s
  50   1.56021897e+00  1.54854662e+00  7.46e-04 1.43e-07  5.31e-08    55s
  51   1.55860203e+00  1.54879004e+00  6.37e-04 7.10e-08  4.12e-08    57s
  52   1.55585116e+00  1.54891986e+00  4.52e-04 4.53e-08  2.85e-08    58s
  53   1.55337124e+00  1.54901440e+00  2.85e-04 2.35e-08  1.76e-08    59s
  54   1.55264632e+00  1.54906420e+00  2.36e-04 1.24e-08  1.38e-08    61s
  55   1.55168674e+00  1.54909159e+00  1.72e-04 6.75e-09  9.79e-09    62s
  56   1.55058739e+00  1.54910659e+00  9.79e-05 3.28e-09  5.61e-09    63s
  57   1.55035163e+00  1.54911665e+00  8.21e-05 1.48e-09  4.53e-09    64s
  58   1.54966911e+00  1.54912197e+00  3.64e-05 5.40e-10  2.00e-09    65s
  59   1.54962271e+00  1.54912337e+00  3.33e-05 3.26e-10  1.80e-09    67s
  60   1.54958640e+00  1.54912384e+00  3.09e-05 2.54e-10  1.68e-09    68s
  61   1.54934728e+00  1.54912436e+00  1.49e-05 1.74e-10  8.16e-10    69s
  62   1.54932708e+00  1.54912485e+00  1.35e-05 1.02e-10  7.32e-10    71s
  63   1.54922898e+00  1.54912518e+00  6.93e-06 5.38e-11  3.77e-10    72s
  64   1.54917498e+00  1.54912538e+00  3.31e-06 2.57e-11  1.80e-10    74s
  65   1.54913942e+00  1.54912549e+00  9.29e-07 1.03e-11  5.12e-11    76s
  66   1.54913919e+00  1.54912552e+00  9.14e-07 5.70e-12  4.95e-11    78s
  67   1.54913854e+00  1.54912554e+00  8.70e-07 3.08e-12  4.67e-11    80s
  68   1.54913804e+00  1.54912555e+00  8.37e-07 1.58e-12  4.47e-11    81s
  69   1.54913740e+00  1.54912556e+00  7.94e-07 8.02e-13  4.23e-11    84s
  70   1.54913714e+00  1.54912556e+00  7.76e-07 4.03e-13  4.13e-11    86s
  71   1.54913216e+00  1.54912556e+00  4.39e-07 1.13e-11  2.35e-11    88s
  72   1.54913216e+00  1.54912556e+00  4.39e-07 1.14e-11  2.35e-11    91s
  73   1.54913216e+00  1.54912556e+00  4.39e-07 1.24e-10  2.36e-11    92s
  74   1.54913216e+00  1.54912554e+00  4.38e-07 2.02e-10  2.41e-11    99s
  75   1.54913163e+00  1.54912555e+00  4.03e-07 1.01e-10  2.19e-11   101s
  76   1.54913158e+00  1.54912556e+00  4.00e-07 5.33e-12  2.16e-11   102s
  77   1.54913131e+00  1.54912556e+00  3.82e-07 2.71e-12  2.05e-11   104s
  78   1.54913128e+00  1.54912556e+00  3.80e-07 1.38e-12  2.04e-11   106s
  79   1.54913121e+00  1.54912556e+00  3.75e-07 6.90e-13  2.01e-11   108s
  80   1.54913070e+00  1.54912556e+00  3.41e-07 1.08e-13  1.83e-11   110s
  81   1.54913069e+00  1.54912556e+00  3.41e-07 3.46e-13  1.83e-11   111s
  82   1.54913056e+00  1.54912556e+00  3.32e-07 1.87e-13  1.78e-11   113s
  83   1.54913029e+00  1.54912556e+00  3.14e-07 1.72e-13  1.69e-11   114s
  84   1.54913029e+00  1.54912556e+00  3.14e-07 1.71e-13  1.69e-11   115s
  85   1.54913029e+00  1.54912556e+00  3.14e-07 5.24e-12  1.69e-11   116s
  86   1.54913029e+00  1.54912556e+00  3.14e-07 1.39e-11  1.69e-11   119s
  87   1.54913029e+00  1.54912555e+00  3.14e-07 6.70e-11  1.72e-11   121s
  88   1.54913023e+00  1.54912556e+00  3.10e-07 1.13e-11  1.68e-11   123s
  89   1.54912791e+00  1.54912556e+00  1.56e-07 5.64e-12  8.46e-12   126s
  90   1.54912791e+00  1.54912556e+00  1.56e-07 5.32e-12  8.45e-12   127s
  91   1.54912791e+00  1.54912554e+00  1.56e-07 1.47e-10  9.03e-12   129s
  92   1.54912762e+00  1.54912555e+00  1.36e-07 4.33e-11  7.65e-12   131s
  93   1.54912720e+00  1.54912556e+00  1.08e-07 1.79e-11  5.99e-12   134s
  94   1.54912686e+00  1.54912556e+00  8.64e-08 9.24e-12  4.73e-12   135s
  95   1.54912685e+00  1.54912556e+00  8.52e-08 4.65e-12  4.62e-12   137s
  96   1.54912683e+00  1.54912556e+00  8.44e-08 2.39e-12  4.55e-12   138s
  97   1.54912682e+00  1.54912556e+00  8.38e-08 1.15e-12  4.51e-12   140s
  98   1.54912682e+00  1.54912556e+00  8.36e-08 5.47e-13  4.49e-12   141s
  99   1.54912681e+00  1.54912556e+00  8.31e-08 3.70e-13  4.46e-12   143s
 100   1.54912668e+00  1.54912556e+00  7.44e-08 2.60e-13  4.00e-12   145s
 101   1.54912618e+00  1.54912556e+00  4.12e-08 1.84e-13  2.22e-12   146s
 102   1.54912618e+00  1.54912556e+00  4.12e-08 2.17e-13  2.21e-12   147s
 103   1.54912618e+00  1.54912556e+00  4.10e-08 5.42e-13  2.20e-12   150s
 104   1.54912616e+00  1.54912556e+00  3.96e-08 1.15e-10  2.13e-12   150s
 105   1.54912616e+00  1.54912556e+00  3.96e-08 5.85e-11  2.13e-12   152s
 106   1.54912604e+00  1.54912556e+00  3.20e-08 3.99e-11  1.72e-12   153s
 107   1.54912601e+00  1.54912556e+00  3.00e-08 2.01e-11  1.61e-12   154s
 108   1.54912579e+00  1.54912556e+00  1.50e-08 1.06e-11  8.05e-13   156s
 109   1.54912568e+00  1.54912556e+00  7.49e-09 5.79e-12  4.03e-13   157s
 110   1.54912568e+00  1.54912556e+00  7.49e-09 5.47e-12  4.03e-13   159s
 111   1.54912568e+00  1.54912556e+00  7.49e-09 5.47e-12  4.03e-13   160s
 112   1.54912568e+00  1.54912556e+00  7.49e-09 5.49e-12  4.03e-13   161s

Barrier solved model in 112 iterations and 161.24 seconds (122.67 work units)
Optimal objective 1.54912568e+00

