Set parameter Username
Academic license - for non-commercial use only - expires 2027-02-09
Set parameter Threads to value 4
Set parameter Method to value 2
Set parameter BarOrder to value 1
Set parameter BarHomogeneous to value 1
Set parameter NumericFocus to value 2
Set parameter Crossover to value 0
Gurobi Optimizer version 9.5.1 build v9.5.1rc2 (linux64)
Thread count: 32 physical cores, 64 logical processors, using up to 4 threads
Optimize a model with 15873259 rows, 19583787 columns and 111787497 nonzeros
Model fingerprint: 0x59f59fa9
Coefficient statistics:
  Matrix range     [2e-04, 3e+00]
  Objective range  [1e+00, 1e+00]
  Bounds range     [0e+00, 0e+00]
  RHS range        [7e-04, 1e+00]
Presolve removed 268037 rows and 0 columns (presolve time = 11s) ...
Presolve removed 3177811 rows and 16905098 columns (presolve time = 20s) ...
Presolve removed 3177811 rows and 16905098 columns (presolve time = 20s) ...
Presolve removed 3177811 rows and 16905098 columns (presolve time = 25s) ...
Presolve removed 6692131 rows and 16905098 columns (presolve time = 34s) ...
Presolve removed 6697033 rows and 16910000 columns (presolve time = 42s) ...
Presolve removed 7087728 rows and 17300695 columns (presolve time = 47s) ...
Presolve removed 7087728 rows and 17300695 columns (presolve time = 70s) ...
Presolve removed 7087730 rows and 17300696 columns (presolve time = 75s) ...
Presolve removed 7866185 rows and 17300696 columns (presolve time = 84s) ...
Presolve removed 7866185 rows and 17300696 columns (presolve time = 86s) ...
Presolve removed 7866185 rows and 17300696 columns (presolve time = 93s) ...
Presolve removed 7866185 rows and 17300696 columns
Presolve time: 94.88s
Presolved: 8007074 rows, 2283091 columns, 53027092 nonzeros
Elapsed ordering time = 5s
Elapsed ordering time = 12s
Ordering time: 13.55s

Barrier statistics:
 Dense cols : 424
 AA' NZ     : 2.947e+08
 Factor NZ  : 4.416e+08 (roughly 8.0 GB of memory)
 Factor Ops : 4.876e+10 (roughly 2 seconds per iteration)
 Threads    : 4

                  Objective                Residual
Iter       Primal          Dual         Primal    Dual     Compl     Time
   0   9.65359663e+00  2.50000000e+02  1.00e+08 6.25e-02  1.00e+06  9924s
   1   3.86594743e+00 -1.58081474e+06  7.35e+07 4.72e+02  6.49e+05  9945s
   2   6.34202109e+00 -2.39174020e+06  6.90e+07 2.02e+02  4.57e+05  9974s
   3   7.42843938e+01  9.08170241e+06  4.43e+07 1.44e+02  3.02e+05  10009s
   4   4.60369888e+00  2.74948152e+05  1.27e+06 4.66e+00  3.07e+02  10043s
   5   3.47968944e+00  1.33816510e+05  6.67e+05 2.32e+00  8.42e+01  10068s
   6   2.99831894e+00  4.91471152e+04  4.24e+05 8.08e-01  2.20e+01  10103s
   7   2.39178231e+00  7.59741175e+03  1.33e+05 1.20e-01  1.67e+00  10147s
   8   2.15464642e+00  1.55949797e+03  2.19e+04 2.50e-02  1.22e-01  10196s
   9   2.12895886e+00  3.45431542e+02  9.78e+03 5.78e-03  3.64e-02  10246s
  10   2.11625949e+00  1.39044810e+02  3.72e+03 2.41e-03  1.21e-02  10282s
  11   2.11210713e+00  4.68125827e+01  1.27e+03 8.00e-04  3.71e-03  10313s
  12   2.11179621e+00  2.97503446e+01  8.80e+02 5.00e-04  2.46e-03  10333s
  13   2.11251941e+00  2.56514581e+01  6.71e+02 4.28e-04  1.90e-03  10358s
  14   2.11290890e+00  1.67177041e+01  5.68e+02 2.65e-04  1.51e-03  10384s
  15   2.12014530e+00  1.31399226e+01  3.64e+02 1.99e-04  9.96e-04  10409s
  16   2.12384802e+00  1.07934263e+01  3.15e+02 1.54e-04  8.83e-04  10442s
  17   2.13249573e+00  9.67050328e+00  2.85e+02 1.26e-04  8.91e-04  10483s
  18   2.14234739e+00  9.61462271e+00  2.83e+02 1.22e-04  1.07e-03  10527s
  19   2.14342491e+00  9.29349159e+00  2.82e+02 1.17e-04  1.25e-03  10578s
  20   2.14362388e+00  9.06197305e+00  2.81e+02 1.13e-04  1.39e-03  10614s
  21   2.13429665e+00  8.94495141e+00  2.74e+02 1.12e-04  1.41e-03  10665s
  22   2.12621548e+00  7.96207022e+00  2.69e+02 9.60e-05  1.43e-03  10707s
  23   2.03776077e+00  6.14189217e+00  2.16e+02 6.87e-05  1.10e-03  10759s
  24   1.96601735e+00  5.42552211e+00  1.73e+02 5.84e-05  8.25e-04  10808s
  25   1.95931233e+00  4.59943319e+00  1.69e+02 4.54e-05  7.14e-04  10844s
  26   1.88474029e+00  3.65869433e+00  1.26e+02 3.01e-05  4.09e-04  10895s
  27   1.79007412e+00  2.73981464e+00  7.11e+01 1.64e-05  1.71e-04  10945s
  28   1.73619534e+00  2.21251712e+00  4.03e+01 8.46e-06  6.84e-05  11000s
  29   1.72818262e+00  1.99980484e+00  3.59e+01 5.43e-06  4.65e-05  11045s
  30   1.72557820e+00  1.94105677e+00  3.47e+01 4.65e-06  4.10e-05  11082s
  31   1.68832321e+00  1.81777965e+00  2.33e+01 3.00e-06  2.13e-05  11134s
  32   1.63019680e+00  1.71946945e+00  7.41e+00 1.64e-06  5.22e-06  11191s
  33   1.62034453e+00  1.67968637e+00  2.92e+00 1.04e-06  1.90e-06  11252s
  34   1.61134544e+00  1.65712573e+00  1.74e+00 7.51e-07  1.16e-06  11314s
  35   1.60408038e+00  1.63992374e+00  1.44e+00 5.75e-07  9.33e-07  11365s
  36   1.59754575e+00  1.63311312e+00  1.29e+00 5.23e-07  8.56e-07  11406s
  37   1.59464577e+00  1.62917067e+00  1.23e+00 4.97e-07  8.24e-07  11439s
  38   1.58796981e+00  1.62615918e+00  1.10e+00 4.78e-07  7.79e-07  11477s
  39   1.58297897e+00  1.61712404e+00  1.02e+00 4.27e-07  7.26e-07  11509s
  40   1.57360050e+00  1.60970257e+00  8.68e-01 3.89e-07  6.55e-07  11547s
  41   1.56497914e+00  1.59845591e+00  7.23e-01 3.37e-07  5.64e-07  11596s
  42   1.55788449e+00  1.59355324e+00  5.82e-01 3.15e-07  4.89e-07  11649s
  43   1.54637937e+00  1.57837751e+00  4.21e-01 2.48e-07  3.60e-07  11726s
  44   1.53967191e+00  1.56614907e+00  3.24e-01 1.97e-07  2.70e-07  11790s
  45   1.53757106e+00  1.56054139e+00  2.94e-01 1.75e-07  2.38e-07  11864s
  46   1.53535546e+00  1.55672195e+00  2.59e-01 1.59e-07  2.10e-07  11938s
  47   1.53490081e+00  1.55539126e+00  2.51e-01 1.54e-07  2.01e-07  11993s
  48   1.53227171e+00  1.55101170e+00  2.11e-01 1.35e-07  1.70e-07  12071s
  49   1.53099253e+00  1.54790604e+00  1.92e-01 1.22e-07  1.51e-07  12149s
  50   1.53055257e+00  1.54599448e+00  1.84e-01 1.14e-07  1.41e-07  12214s
  51   1.52955820e+00  1.54381809e+00  1.66e-01 1.04e-07  1.26e-07  12293s
  52   1.52877510e+00  1.54229215e+00  1.52e-01 9.69e-08  1.15e-07  12376s
  53   1.52785709e+00  1.53842282e+00  1.27e-01 7.79e-08  9.12e-08  12444s
  54   1.52892980e+00  1.53740586e+00  1.14e-01 6.58e-08  7.70e-08  12530s
  55   1.52932745e+00  1.53708311e+00  1.06e-01 5.81e-08  6.90e-08  12618s
  56   1.53196445e+00  1.53853319e+00  7.23e-02 4.16e-08  4.90e-08  12705s
  57   1.53415223e+00  1.53914189e+00  5.30e-02 3.53e-08  3.90e-08  12794s
  58   1.53609355e+00  1.53952726e+00  4.33e-02 3.26e-08  3.39e-08  12890s
  59   1.53717442e+00  1.54083649e+00  3.87e-02 2.57e-08  2.88e-08  12972s
  60   1.53824768e+00  1.54165899e+00  3.51e-02 2.26e-08  2.58e-08  13072s
  61   1.53953437e+00  1.54250662e+00  3.06e-02 1.96e-08  2.25e-08  13184s
  62   1.54008513e+00  1.54280362e+00  2.88e-02 1.86e-08  2.12e-08  13299s
  63   1.54053511e+00  1.54346905e+00  2.72e-02 1.63e-08  1.96e-08  13393s
  64   1.54141825e+00  1.54408765e+00  2.41e-02 1.42e-08  1.73e-08  13531s
  65   1.54185586e+00  1.54435346e+00  2.25e-02 1.33e-08  1.62e-08  13614s
  66   1.54234287e+00  1.54478546e+00  2.06e-02 1.19e-08  1.47e-08  13690s
  67   1.54286097e+00  1.54503229e+00  1.87e-02 1.10e-08  1.35e-08  13774s
  68   1.54340806e+00  1.54521058e+00  1.66e-02 1.03e-08  1.22e-08  13890s
  69   1.54383452e+00  1.54544762e+00  1.46e-02 9.40e-09  1.10e-08  13987s
  70   1.54445933e+00  1.54564676e+00  1.18e-02 8.59e-09  9.49e-09  14111s
  71   1.54483591e+00  1.54607582e+00  1.01e-02 6.66e-09  7.84e-09  14267s
  72   1.54513354e+00  1.54621080e+00  8.58e-03 5.81e-09  6.79e-09  14449s
  73   1.54535492e+00  1.54634144e+00  7.11e-03 4.77e-09  5.68e-09  14738s
  74   1.54547642e+00  1.54640060e+00  6.22e-03 4.42e-09  5.02e-09  14831s
  75   1.54563964e+00  1.54649323e+00  5.44e-03 3.36e-09  4.10e-09  15107s
  76   1.54567952e+00  1.54649976e+00  5.22e-03 3.18e-09  3.92e-09  15209s
  77   1.54593227e+00  1.54656953e+00  4.62e-03 2.91e-09  3.47e-09  15422s
  78   1.54605953e+00  1.54678795e+00  4.18e-03 2.49e-09  2.93e-09  15525s
  79   1.54622737e+00  1.54684916e+00  3.61e-03 2.23e-09  2.55e-09  15642s
  80   1.54626597e+00  1.54688843e+00  3.48e-03 2.17e-09  2.40e-09  15722s
  81   1.54629373e+00  1.54689687e+00  3.37e-03 2.19e-09  2.33e-09  15838s
  82   1.54632159e+00  1.54691171e+00  3.27e-03 2.14e-09  2.25e-09  15939s
  83   1.54636636e+00  1.54693255e+00  3.11e-03 2.06e-09  2.13e-09  16091s
  84   1.54637266e+00  1.54695712e+00  3.09e-03 1.92e-09  2.05e-09  16152s
  85   1.54641598e+00  1.54697754e+00  2.93e-03 1.77e-09  1.92e-09  16258s
  86   1.54643992e+00  1.54698656e+00  2.84e-03 1.71e-09  1.85e-09  16368s
  87   1.54647501e+00  1.54700046e+00  2.70e-03 1.61e-09  1.75e-09  16466s
  88   1.54650573e+00  1.54700938e+00  2.57e-03 1.51e-09  1.66e-09  16546s
  89   1.54655403e+00  1.54701876e+00  2.39e-03 1.40e-09  1.55e-09  16640s
  90   1.54657814e+00  1.54703158e+00  2.30e-03 1.31e-09  1.46e-09  16716s
  91   1.54658525e+00  1.54703384e+00  2.27e-03 1.27e-09  1.44e-09  16821s
  92   1.54661158e+00  1.54703824e+00  2.16e-03 1.21e-09  1.37e-09  16886s
  93   1.54663439e+00  1.54704909e+00  2.07e-03 1.19e-09  1.28e-09  16984s
  94   1.54668418e+00  1.54705178e+00  1.84e-03 1.25e-09  1.17e-09  17051s
  95   1.54668614e+00  1.54705234e+00  1.83e-03 1.24e-09  1.16e-09  17127s
  96   1.54669974e+00  1.54706094e+00  1.78e-03 9.13e-10  1.08e-09  17200s
  97   1.54673386e+00  1.54706416e+00  1.61e-03 8.29e-10  9.86e-10  17285s
  98   1.54675265e+00  1.54706620e+00  1.52e-03 7.66e-10  9.23e-10  17408s
  99   1.54677508e+00  1.54706781e+00  1.39e-03 6.97e-10  8.51e-10  17488s
 100   1.54679987e+00  1.54707101e+00  1.27e-03 5.66e-10  7.53e-10  17561s
 101   1.54681100e+00  1.54707075e+00  1.22e-03 5.45e-10  7.24e-10  17652s
 102   1.54681933e+00  1.54707010e+00  1.17e-03 5.58e-10  7.01e-10  17716s
 103   1.54682351e+00  1.54706686e+00  1.14e-03 5.29e-10  6.68e-10  17794s
 104   1.54683601e+00  1.54706440e+00  1.07e-03 5.14e-10  6.27e-10  17894s
 105   1.54685070e+00  1.54705874e+00  9.79e-04 4.41e-10  5.63e-10  17974s
 106   1.54685374e+00  1.54705562e+00  9.59e-04 4.04e-10  5.44e-10  18039s
 107   1.54685971e+00  1.54705465e+00  9.20e-04 4.03e-10  5.26e-10  18097s
 108   1.54687525e+00  1.54705842e+00  8.64e-04 3.83e-10  4.92e-10  18175s
 109   1.54687857e+00  1.54706238e+00  8.52e-04 1.27e-09  4.76e-10  18266s
 110   1.54688378e+00  1.54706582e+00  8.33e-04 1.19e-09  4.56e-10  18363s
 111   1.54689350e+00  1.54706924e+00  7.99e-04 3.79e-10  4.30e-10  18460s
 112   1.54691523e+00  1.54707115e+00  7.10e-04 3.96e-10  3.90e-10  18547s
 113   1.54692322e+00  1.54707241e+00  6.78e-04 3.68e-10  3.71e-10  18608s
 114   1.54693716e+00  1.54707365e+00  6.24e-04 3.60e-10  3.42e-10  18690s
 115   1.54694117e+00  1.54707586e+00  6.08e-04 5.10e-10  3.28e-10  18755s
 116   1.54694436e+00  1.54707689e+00  5.96e-04 4.37e-10  3.19e-10  18815s
 117   1.54694888e+00  1.54707735e+00  5.78e-04 3.96e-10  3.10e-10  18900s
 118   1.54695356e+00  1.54707965e+00  5.60e-04 3.19e-10  2.94e-10  18975s
 119   1.54696011e+00  1.54708055e+00  5.33e-04 2.74e-10  2.80e-10  19026s
 120   1.54696313e+00  1.54708158e+00  5.21e-04 2.55e-10  2.71e-10  19104s
 121   1.54696493e+00  1.54708214e+00  5.14e-04 3.13e-10  2.65e-10  19191s
 122   1.54696828e+00  1.54708487e+00  5.02e-04 3.71e-09  2.55e-10  19277s
 123   1.54697894e+00  1.54708605e+00  4.60e-04 3.73e-09  2.35e-10  19379s
 124   1.54698095e+00  1.54708750e+00  4.53e-04 3.72e-09  2.29e-10  19463s
 125   1.54698253e+00  1.54708873e+00  4.47e-04 3.66e-09  2.24e-10  19570s
 126   1.54698298e+00  1.54708890e+00  4.46e-04 3.54e-09  2.22e-10  19627s
 127   1.54699240e+00  1.54708974e+00  4.10e-04 2.97e-09  2.06e-10  19706s
 128   1.54699326e+00  1.54709074e+00  4.07e-04 2.92e-09  2.03e-10  19785s
 129   1.54700092e+00  1.54709107e+00  3.77e-04 3.92e-09  1.89e-10  19853s
 130   1.54700175e+00  1.54709280e+00  3.74e-04 3.54e-09  1.86e-10  19915s
 131   1.54700307e+00  1.54709342e+00  3.69e-04 3.31e-09  1.82e-10  19998s
 132   1.54700478e+00  1.54709436e+00  3.64e-04 3.13e-09  1.79e-10  20054s
 133   1.54700588e+00  1.54709582e+00  3.60e-04 2.68e-09  1.75e-10  20136s
 134   1.54700883e+00  1.54709701e+00  3.49e-04 2.62e-09  1.69e-10  20207s
 135   1.54700938e+00  1.54709763e+00  3.47e-04 2.47e-09  1.67e-10  20283s
 136   1.54700957e+00  1.54709764e+00  3.46e-04 2.47e-09  1.67e-10  20331s
 137   1.54701092e+00  1.54709767e+00  3.41e-04 2.46e-09  1.65e-10  20424s
 138   1.54701490e+00  1.54709912e+00  3.27e-04 3.04e-09  1.57e-10  20514s
 139   1.54701874e+00  1.54710033e+00  3.13e-04 2.67e-09  1.49e-10  20575s
 140   1.54702135e+00  1.54710068e+00  3.03e-04 2.14e-09  1.44e-10  20635s
 141   1.54702657e+00  1.54710127e+00  2.84e-04 2.82e-09  1.35e-10  20695s
 142   1.54703655e+00  1.54710128e+00  2.47e-04 3.36e-09  1.18e-10  20782s
 143   1.54703667e+00  1.54710137e+00  2.47e-04 3.13e-09  1.18e-10  20848s
 144   1.54703813e+00  1.54710251e+00  2.42e-04 1.98e-09  1.14e-10  20920s
 145   1.54703836e+00  1.54710287e+00  2.41e-04 1.65e-09  1.13e-10  21002s
 146   1.54703850e+00  1.54710308e+00  2.40e-04 1.58e-09  1.13e-10  21069s
 147   1.54703869e+00  1.54710319e+00  2.40e-04 2.51e-09  1.12e-10  21159s
 148   1.54703921e+00  1.54710357e+00  2.38e-04 2.37e-09  1.10e-10  21237s
 149   1.54703975e+00  1.54710381e+00  2.36e-04 2.26e-09  1.09e-10  21293s
 150   1.54703976e+00  1.54710396e+00  2.36e-04 2.56e-09  1.09e-10  21377s
 151   1.54703977e+00  1.54710397e+00  2.36e-04 2.09e-09  1.09e-10  21472s
 152   1.54704012e+00  1.54710541e+00  2.35e-04 2.39e-09  1.08e-10  21660s
 153   1.54706195e+00  1.54710554e+00  1.55e-04 2.69e-09  7.25e-11  21711s
 154   1.54706196e+00  1.54710551e+00  1.55e-04 2.15e-09  7.18e-11  21847s
 155   1.54706201e+00  1.54710534e+00  1.55e-04 2.21e-09  7.13e-11  21921s
 156   1.54706383e+00  1.54710524e+00  1.48e-04 2.12e-09  6.82e-11  22000s
 157   1.54706405e+00  1.54710519e+00  1.47e-04 2.03e-09  6.77e-11  22049s
 158   1.54706468e+00  1.54710516e+00  1.45e-04 2.02e-09  6.66e-11  22129s
 159   1.54706479e+00  1.54710509e+00  1.44e-04 1.48e-09  6.63e-11  22206s
 160   1.54706482e+00  1.54710507e+00  1.44e-04 1.87e-09  6.62e-11  22283s
 161   1.54706517e+00  1.54710510e+00  1.43e-04 1.77e-09  6.56e-11  22357s
 162   1.54706529e+00  1.54710513e+00  1.43e-04 2.28e-09  6.53e-11  22441s
 163   1.54706546e+00  1.54710512e+00  1.42e-04 2.24e-09  6.49e-11  22525s
 164   1.54706563e+00  1.54710510e+00  1.41e-04 2.09e-09  6.46e-11  22602s
 165   1.54706566e+00  1.54710505e+00  1.41e-04 2.03e-09  6.44e-11  22677s
 166   1.54706608e+00  1.54710497e+00  1.40e-04 1.92e-09  6.36e-11  22760s
 167   1.54706674e+00  1.54710496e+00  1.37e-04 1.16e-09  6.25e-11  22840s
 168   1.54706724e+00  1.54710490e+00  1.36e-04 1.49e-09  6.15e-11  22955s
 169   1.54706791e+00  1.54710485e+00  1.33e-04 1.42e-09  6.03e-11  23029s
 170   1.54706866e+00  1.54710486e+00  1.30e-04 1.07e-09  5.91e-11  23114s
 171   1.54706946e+00  1.54710480e+00  1.27e-04 9.78e-10  5.77e-11  23195s
 172   1.54706952e+00  1.54710477e+00  1.27e-04 9.42e-10  5.75e-11  23291s
 173   1.54707536e+00  1.54710476e+00  1.06e-04 1.09e-09  4.82e-11  23354s
 174   1.54707776e+00  1.54710466e+00  9.73e-05 1.10e-09  4.41e-11  23477s
 175   1.54707828e+00  1.54710466e+00  9.54e-05 1.73e-09  4.32e-11  23560s
 176   1.54707840e+00  1.54710463e+00  9.50e-05 2.17e-09  4.30e-11  23661s
 177   1.54707855e+00  1.54710458e+00  9.44e-05 1.84e-09  4.26e-11  23768s
 178   1.54707856e+00  1.54710455e+00  9.44e-05 1.44e-09  4.26e-11  23845s
 179   1.54707897e+00  1.54710450e+00  9.28e-05 1.15e-09  4.18e-11  23952s
 180   1.54707976e+00  1.54710445e+00  8.99e-05 9.21e-10  4.05e-11  24091s
 181   1.54708001e+00  1.54710439e+00  8.90e-05 9.96e-10  4.00e-11  24229s
 182   1.54708066e+00  1.54710434e+00  8.66e-05 7.01e-10  3.89e-11  24307s
 183   1.54708120e+00  1.54710430e+00  8.46e-05 8.27e-10  3.79e-11  24469s
 184   1.54708415e+00  1.54710426e+00  7.36e-05 8.52e-10  3.30e-11  24668s
 185   1.54708803e+00  1.54710420e+00  5.92e-05 5.07e-10  2.66e-11  24785s
 186   1.54708901e+00  1.54710420e+00  5.56e-05 6.71e-10  2.49e-11  25026s
 187   1.54708907e+00  1.54710418e+00  5.53e-05 3.27e-10  2.48e-11  25144s
 188   1.54708972e+00  1.54710415e+00  5.29e-05 4.07e-10  2.37e-11  25216s
 189   1.54708980e+00  1.54710414e+00  5.26e-05 6.16e-10  2.36e-11  25289s
 190   1.54708981e+00  1.54710413e+00  5.26e-05 5.69e-10  2.36e-11  25342s
 191   1.54708989e+00  1.54710410e+00  5.23e-05 3.51e-10  2.34e-11  25388s
 192   1.54708993e+00  1.54710409e+00  5.21e-05 5.61e-10  2.33e-11  25473s
 193   1.54709041e+00  1.54710409e+00  5.03e-05 5.96e-10  2.25e-11  25526s
 194   1.54709064e+00  1.54710411e+00  4.95e-05 1.05e-09  2.22e-11  25584s
 195   1.54709074e+00  1.54710411e+00  4.91e-05 1.60e-09  2.20e-11  25664s
 196   1.54709089e+00  1.54710408e+00  4.85e-05 1.00e-09  2.17e-11  25717s
 197   1.54709097e+00  1.54710408e+00  4.83e-05 1.29e-09  2.16e-11  25782s
 198   1.54709311e+00  1.54710406e+00  4.03e-05 8.37e-10  1.81e-11  25851s
 199   1.54709450e+00  1.54710404e+00  3.51e-05 6.66e-10  1.57e-11  25950s
 200   1.54709452e+00  1.54710406e+00  3.50e-05 1.25e-09  1.57e-11  26009s
 201   1.54709453e+00  1.54710405e+00  3.50e-05 1.22e-09  1.57e-11  26059s
 202   1.54709489e+00  1.54710404e+00  3.37e-05 1.60e-09  1.51e-11  26133s
 203   1.54709756e+00  1.54710404e+00  2.37e-05 1.06e-09  1.07e-11  26224s
 204   1.54709769e+00  1.54710404e+00  2.33e-05 7.50e-10  1.05e-11  26279s
 205   1.54709774e+00  1.54710404e+00  2.31e-05 6.09e-10  1.04e-11  26321s
 206   1.54709779e+00  1.54710404e+00  2.29e-05 7.99e-10  1.03e-11  26363s
 207   1.54709790e+00  1.54710404e+00  2.25e-05 1.03e-09  1.01e-11  26413s
 208   1.54709804e+00  1.54710401e+00  2.20e-05 1.35e-09  9.88e-12  26458s
 209   1.54709810e+00  1.54710400e+00  2.17e-05 8.61e-10  9.78e-12  26541s
 210   1.54709821e+00  1.54710400e+00  2.13e-05 7.36e-10  9.59e-12  26590s
 211   1.54709825e+00  1.54710400e+00  2.12e-05 7.79e-10  9.53e-12  26643s
 212   1.54709826e+00  1.54710399e+00  2.12e-05 8.17e-10  9.52e-12  26732s
 213   1.54709857e+00  1.54710399e+00  2.00e-05 1.06e-09  8.99e-12  26800s
 214   1.54709857e+00  1.54710400e+00  2.00e-05 8.69e-10  8.98e-12  26860s
 215   1.54709861e+00  1.54710400e+00  1.98e-05 1.11e-09  8.91e-12  26900s
 216   1.54709864e+00  1.54710399e+00  1.97e-05 7.40e-10  8.86e-12  26955s
 217   1.54709866e+00  1.54710398e+00  1.97e-05 6.46e-10  8.82e-12  27038s
 218   1.54709866e+00  1.54710398e+00  1.96e-05 7.14e-10  8.81e-12  27096s
 219   1.54709866e+00  1.54710398e+00  1.96e-05 6.64e-10  8.81e-12  27169s
 220   1.54709873e+00  1.54710403e+00  1.94e-05 5.77e-10  8.76e-12  27203s
 221   1.54709875e+00  1.54710403e+00  1.93e-05 5.59e-10  8.71e-12  27269s
 222   1.54709877e+00  1.54710401e+00  1.93e-05 6.68e-10  8.67e-12  27313s
 223   1.54709883e+00  1.54710399e+00  1.90e-05 5.48e-10  8.55e-12  27369s
 224   1.54709896e+00  1.54710398e+00  1.86e-05 4.66e-10  8.34e-12  27404s
 225   1.54709900e+00  1.54710397e+00  1.84e-05 1.45e-09  8.27e-12  27451s
 226   1.54709903e+00  1.54710396e+00  1.83e-05 1.83e-09  8.20e-12  27509s
 227   1.54709911e+00  1.54710396e+00  1.80e-05 1.62e-09  8.07e-12  27569s
 228   1.54709922e+00  1.54710396e+00  1.76e-05 1.01e-09  7.88e-12  27641s
 229   1.54709924e+00  1.54710396e+00  1.75e-05 9.95e-10  7.85e-12  27675s
 230   1.54709929e+00  1.54710396e+00  1.73e-05 1.65e-09  7.76e-12  27719s
 231   1.54709943e+00  1.54710396e+00  1.68e-05 1.36e-09  7.53e-12  27769s
 232   1.54709947e+00  1.54710397e+00  1.67e-05 1.42e-09  7.47e-12  27813s
 233   1.54709957e+00  1.54710396e+00  1.63e-05 1.15e-09  7.29e-12  27856s
 234   1.54709959e+00  1.54710396e+00  1.62e-05 8.77e-10  7.25e-12  27903s
 235   1.54709965e+00  1.54710395e+00  1.60e-05 1.25e-09  7.15e-12  27973s
 236   1.54709971e+00  1.54710395e+00  1.58e-05 1.80e-09  7.05e-12  28019s
 237   1.54709975e+00  1.54710395e+00  1.56e-05 1.22e-09  6.99e-12  28069s
 238   1.54709976e+00  1.54710396e+00  1.56e-05 1.37e-09  6.96e-12  28121s
 239   1.54709984e+00  1.54710395e+00  1.53e-05 1.42e-09  6.83e-12  28164s
 240   1.54709985e+00  1.54710395e+00  1.52e-05 1.69e-09  6.83e-12  28215s
 241   1.54709990e+00  1.54710394e+00  1.51e-05 1.44e-09  6.74e-12  28244s
 242   1.54709998e+00  1.54710395e+00  1.47e-05 1.50e-09  6.60e-12  28287s
 243   1.54710011e+00  1.54710394e+00  1.43e-05 1.58e-09  6.39e-12  28430s
 244   1.54710020e+00  1.54710395e+00  1.39e-05 1.65e-09  6.24e-12  28526s
 245   1.54710025e+00  1.54710395e+00  1.37e-05 2.55e-09  6.16e-12  28593s
 246   1.54710031e+00  1.54710395e+00  1.35e-05 2.43e-09  6.05e-12  28634s
 247   1.54710043e+00  1.54710396e+00  1.31e-05 2.33e-09  5.87e-12  28698s
 248   1.54710049e+00  1.54710396e+00  1.29e-05 2.35e-09  5.77e-12  28782s
 249   1.54710051e+00  1.54710395e+00  1.28e-05 2.58e-09  5.73e-12  28822s
 250   1.54710061e+00  1.54710396e+00  1.24e-05 2.77e-09  5.57e-12  28858s
 251   1.54710066e+00  1.54710397e+00  1.22e-05 2.88e-09  5.49e-12  28893s
 252   1.54710073e+00  1.54710397e+00  1.20e-05 3.22e-09  5.38e-12  28936s
 253   1.54710074e+00  1.54710397e+00  1.19e-05 3.03e-09  5.37e-12  28985s
 254   1.54710083e+00  1.54710398e+00  1.16e-05 2.95e-09  5.22e-12  29031s
 255   1.54710087e+00  1.54710397e+00  1.14e-05 2.73e-09  5.16e-12  29067s
 256   1.54710090e+00  1.54710397e+00  1.14e-05 2.58e-09  5.11e-12  29109s
 257   1.54710100e+00  1.54710397e+00  1.10e-05 1.98e-09  4.94e-12  29153s
 258   1.54710100e+00  1.54710397e+00  1.10e-05 2.04e-09  4.94e-12  29199s
 259   1.54710103e+00  1.54710396e+00  1.09e-05 2.08e-09  4.90e-12  29260s
 260   1.54710103e+00  1.54710396e+00  1.09e-05 2.08e-09  4.89e-12  29322s
 261   1.54710103e+00  1.54710398e+00  1.09e-05 2.62e-09  4.91e-12  29462s
 262   1.54710104e+00  1.54710406e+00  1.08e-05 2.18e-09  4.95e-12  29545s

Barrier solved model in 262 iterations and 29544.95 seconds (18693.13 work units)
Optimal objective 1.54709922e+00

