Set parameter Username
Academic license - for non-commercial use only - expires 2027-02-09
Set parameter Threads to value 4
Set parameter Method to value 2
Set parameter BarOrder to value 1
Set parameter BarHomogeneous to value 1
Set parameter NumericFocus to value 2
Set parameter Crossover to value 0
Gurobi Optimizer version 9.5.1 build v9.5.1rc2 (linux64)
Thread count: 32 physical cores, 64 logical processors, using up to 4 threads
Optimize a model with 11469124 rows, 13386505 columns and 69078772 nonzeros
Model fingerprint: 0xc97e213e
Coefficient statistics:
  Matrix range     [5e-04, 3e+00]
  Objective range  [1e+00, 1e+00]
  Bounds range     [0e+00, 0e+00]
  RHS range        [7e-04, 1e+00]
Presolve removed 268037 rows and 0 columns (presolve time = 7s) ...
Presolve removed 3177750 rows and 11226846 columns (presolve time = 12s) ...
Presolve removed 3517750 rows and 11226846 columns (presolve time = 15s) ...
Presolve removed 3576500 rows and 11230000 columns (presolve time = 26s) ...
Presolve removed 3968943 rows and 11622443 columns (presolve time = 47s) ...
Presolve removed 3968945 rows and 11622444 columns (presolve time = 52s) ...
Presolve removed 4208945 rows and 11622444 columns (presolve time = 55s) ...
Presolve removed 4747400 rows and 11622444 columns (presolve time = 61s) ...
Presolve removed 4747400 rows and 11622444 columns (presolve time = 65s) ...
Presolve removed 4747400 rows and 11622444 columns
Presolve time: 66.66s
Presolved: 6721724 rows, 1764061 columns, 42610102 nonzeros
Elapsed ordering time = 5s
Ordering time: 9.51s

Barrier statistics:
 Dense cols : 394
 AA' NZ     : 2.319e+08
 Factor NZ  : 3.318e+08 (roughly 6.0 GB of memory)
 Factor Ops : 3.179e+10 (roughly 1 second per iteration)
 Threads    : 4

                  Objective                Residual
Iter       Primal          Dual         Primal    Dual     Compl     Time
   0   1.74412418e+01  2.50000000e+02  1.00e+08 6.25e-02  1.00e+06  6830s
   1   1.74412418e+00  2.64202086e+06  7.57e+07 4.02e+02  6.28e+05  6848s
   2   2.02764751e+00  4.59534314e+07  6.14e+07 9.93e+01  3.89e+05  6873s
   3   3.31185931e+00  1.67495620e+07  4.92e+07 5.53e+01  2.92e+05  6907s
   4   1.08797912e+00  4.53996000e+05  3.12e+06 4.34e+00  1.63e+03  6941s
   5   6.13387143e+00  5.18145117e+05  1.60e+06 3.16e+00  7.16e+02  6964s
   6   9.64775799e+00  3.03430691e+05  5.93e+05 1.67e+00  2.30e+02  6987s
   7   5.62642653e+00  4.14134079e+04  3.90e+04 2.12e-01  6.49e+00  7015s
   8   5.07603881e+00  1.46638758e+04  1.38e+04 7.44e-02  1.87e+00  7045s
   9   4.99289090e+00  7.58545615e+03  6.06e+03 4.13e-02  8.07e-01  7070s
  10   4.93917937e+00  4.94349292e+03  3.61e+03 2.71e-02  4.80e-01  7089s
  11   4.91214158e+00  4.26409315e+03  2.84e+03 2.35e-02  3.85e-01  7112s
  12   4.90479992e+00  4.09760356e+03  2.63e+03 2.25e-02  3.61e-01  7134s
  13   4.91005786e+00  3.84610358e+03  2.51e+03 2.03e-02  3.50e-01  7164s
  14   4.92384746e+00  3.46581049e+03  2.11e+03 1.80e-02  3.06e-01  7208s
  15   4.92451314e+00  2.94839346e+03  1.87e+03 1.51e-02  2.75e-01  7257s
  16   4.68219002e+00  2.35022755e+03  1.64e+03 1.17e-02  2.33e-01  7312s
  17   4.54670164e+00  1.24480951e+03  1.54e+03 6.00e-03  1.53e-01  7345s
  18   4.35103963e+00  6.05804916e+02  1.43e+03 2.78e-03  8.43e-02  7378s
  19   3.84399777e+00  4.93749659e+02  1.16e+03 2.20e-03  5.91e-02  7428s
  20   3.73120465e+00  4.28895153e+02  1.10e+03 1.88e-03  5.05e-02  7484s
  21   3.41660670e+00  3.19370334e+02  9.35e+02 1.34e-03  3.48e-02  7539s
  22   3.03967601e+00  2.74343086e+02  7.37e+02 1.13e-03  2.47e-02  7594s
  23   3.00713458e+00  2.15434109e+02  7.20e+02 8.74e-04  2.00e-02  7632s
  24   2.64584173e+00  1.66079737e+02  5.32e+02 6.76e-04  1.24e-02  7680s
  25   2.34409740e+00  7.16172385e+01  3.75e+02 2.74e-04  4.63e-03  7725s
  26   2.06414574e+00  2.24491523e+01  2.30e+02 8.34e-05  1.24e-03  7770s
  27   1.82770245e+00  9.67002030e+00  1.10e+02 3.26e-05  3.36e-04  7815s
  28   1.68517449e+00  5.08842700e+00  3.79e+01 1.35e-05  8.00e-05  7860s
  29   1.61800492e+00  3.25231279e+00  1.05e+01 6.59e-06  1.77e-05  7906s
  30   1.58451927e+00  2.43501351e+00  3.06e+00 3.42e-06  5.05e-06  7946s
  31   1.56180347e+00  2.16446573e+00  1.99e+00 2.42e-06  3.36e-06  7979s
  32   1.53235284e+00  2.04677072e+00  1.38e+00 2.02e-06  2.67e-06  8007s
  33   1.51704781e+00  1.93371613e+00  1.18e+00 1.65e-06  2.23e-06  8034s
  34   1.50300493e+00  1.85400540e+00  9.63e-01 1.40e-06  1.86e-06  8061s
  35   1.48245625e+00  1.75571782e+00  7.08e-01 1.08e-06  1.41e-06  8097s
  36   1.47316667e+00  1.71386292e+00  5.33e-01 9.36e-07  1.15e-06  8144s
  37   1.47293835e+00  1.67240545e+00  4.07e-01 7.79e-07  8.88e-07  8202s
  38   1.47551720e+00  1.64016302e+00  3.37e-01 6.44e-07  6.94e-07  8263s
  39   1.47823208e+00  1.61811433e+00  2.61e-01 5.51e-07  5.51e-07  8321s
  40   1.48000440e+00  1.60298243e+00  2.19e-01 4.85e-07  4.61e-07  8382s
  41   1.48429433e+00  1.58020392e+00  1.51e-01 3.84e-07  3.29e-07  8445s
  42   1.48859866e+00  1.56374376e+00  1.16e-01 3.05e-07  2.43e-07  8509s
  43   1.49268534e+00  1.55608036e+00  8.35e-02 2.64e-07  1.94e-07  8581s
  44   1.49651885e+00  1.54349512e+00  6.72e-02 1.92e-07  1.35e-07  8654s
  45   1.50248953e+00  1.53746409e+00  4.57e-02 1.52e-07  9.64e-08  8729s
  46   1.50485740e+00  1.53482860e+00  3.97e-02 1.30e-07  8.03e-08  8814s
  47   1.50573959e+00  1.53189682e+00  3.75e-02 1.02e-07  6.42e-08  8899s
  48   1.50772673e+00  1.53157661e+00  3.38e-02 9.80e-08  5.96e-08  8960s
  49   1.51132594e+00  1.53070942e+00  2.82e-02 7.93e-08  4.67e-08  9044s
  50   1.51476764e+00  1.53079286e+00  2.42e-02 6.29e-08  3.68e-08  9131s
  51   1.52263543e+00  1.53250633e+00  1.70e-02 5.29e-08  2.84e-08  9227s
  52   1.52746074e+00  1.53652343e+00  1.38e-02 3.52e-08  2.09e-08  9326s
  53   1.53107099e+00  1.54088103e+00  1.17e-02 2.29e-08  1.62e-08  9436s
  54   1.53344328e+00  1.54270742e+00  1.02e-02 1.80e-08  1.38e-08  9558s
  55   1.53563703e+00  1.54483417e+00  8.86e-03 1.27e-08  1.13e-08  9703s
  56   1.53835475e+00  1.54610786e+00  7.05e-03 9.29e-09  8.85e-09  9858s
  57   1.54099130e+00  1.54678377e+00  5.19e-03 6.85e-09  6.56e-09  10055s
  58   1.54188764e+00  1.54716050e+00  4.58e-03 5.34e-09  5.54e-09  10214s
  59   1.54269251e+00  1.54722087e+00  3.97e-03 4.69e-09  4.82e-09  10279s
  60   1.54294430e+00  1.54727513e+00  3.77e-03 3.92e-09  4.36e-09  10387s
  61   1.54358590e+00  1.54724513e+00  3.18e-03 3.30e-09  3.67e-09  10494s
  62   1.54381121e+00  1.54721989e+00  2.99e-03 2.81e-09  3.30e-09  10576s
  63   1.54412390e+00  1.54720639e+00  2.69e-03 2.69e-09  3.04e-09  10637s
  64   1.54439724e+00  1.54732326e+00  2.53e-03 2.39e-09  2.80e-09  10736s
  65   1.54463480e+00  1.54734082e+00  2.33e-03 2.12e-09  2.54e-09  10824s
  66   1.54509694e+00  1.54737186e+00  1.96e-03 1.81e-09  2.13e-09  10895s
  67   1.54523109e+00  1.54738723e+00  1.85e-03 1.64e-09  1.97e-09  10980s
  68   1.54545634e+00  1.54742389e+00  1.67e-03 1.36e-09  1.73e-09  11071s
  69   1.54571113e+00  1.54746330e+00  1.46e-03 9.63e-10  1.43e-09  11146s
  70   1.54574296e+00  1.54746353e+00  1.44e-03 9.32e-10  1.40e-09  11220s
  71   1.54576869e+00  1.54746377e+00  1.42e-03 9.11e-10  1.37e-09  11263s
  72   1.54587803e+00  1.54746502e+00  1.33e-03 8.37e-10  1.28e-09  11322s
  73   1.54613488e+00  1.54747013e+00  1.11e-03 7.95e-10  1.09e-09  11395s
  74   1.54636707e+00  1.54746111e+00  9.00e-04 5.94e-10  8.73e-10  11511s
  75   1.54637221e+00  1.54745974e+00  8.96e-04 5.84e-10  8.66e-10  11590s
  76   1.54643774e+00  1.54745471e+00  8.38e-04 6.06e-10  8.09e-10  11671s
  77   1.54652408e+00  1.54745291e+00  7.64e-04 5.24e-10  7.51e-10  11726s
  78   1.54655551e+00  1.54743961e+00  7.35e-04 3.96e-10  6.75e-10  11812s
  79   1.54660711e+00  1.54742957e+00  6.88e-04 8.28e-10  6.16e-10  11895s
  80   1.54663275e+00  1.54742534e+00  6.64e-04 7.50e-10  5.91e-10  11964s
  81   1.54663362e+00  1.54742542e+00  6.63e-04 6.57e-10  5.91e-10  12016s
  82   1.54669917e+00  1.54741902e+00  6.03e-04 2.88e-10  5.36e-10  12102s
  83   1.54670244e+00  1.54741312e+00  6.00e-04 2.76e-10  5.23e-10  12142s
  84   1.54672087e+00  1.54740569e+00  5.82e-04 2.65e-10  4.97e-10  12220s
  85   1.54673440e+00  1.54739685e+00  5.70e-04 2.73e-10  4.73e-10  12292s
  86   1.54674762e+00  1.54738905e+00  5.57e-04 2.63e-10  4.52e-10  12353s
  87   1.54681053e+00  1.54738474e+00  4.96e-04 2.44e-10  4.07e-10  12425s
  88   1.54682249e+00  1.54738328e+00  4.85e-04 2.61e-10  3.97e-10  12487s
  89   1.54688100e+00  1.54738644e+00  4.29e-04 3.07e-10  3.60e-10  12579s
  90   1.54688868e+00  1.54738423e+00  4.23e-04 6.35e-10  3.46e-10  12668s
  91   1.54688938e+00  1.54738446e+00  4.22e-04 8.48e-10  3.44e-10  12722s
  92   1.54690031e+00  1.54738509e+00  4.13e-04 1.11e-09  3.31e-10  12793s
  93   1.54693245e+00  1.54738272e+00  3.85e-04 1.58e-09  3.05e-10  12878s
  94   1.54694988e+00  1.54738098e+00  3.69e-04 1.55e-09  2.90e-10  12939s
  95   1.54695272e+00  1.54738033e+00  3.67e-04 1.07e-09  2.84e-10  13047s
  96   1.54695275e+00  1.54738028e+00  3.67e-04 1.03e-09  2.84e-10  13101s
  97   1.54695536e+00  1.54738096e+00  3.64e-04 9.84e-10  2.80e-10  13179s
  98   1.54697850e+00  1.54738069e+00  3.44e-04 9.80e-10  2.65e-10  13248s
  99   1.54699612e+00  1.54737933e+00  3.28e-04 1.14e-09  2.52e-10  13289s
 100   1.54702882e+00  1.54737864e+00  2.99e-04 1.05e-09  2.30e-10  13373s
 101   1.54703334e+00  1.54737837e+00  2.95e-04 1.09e-09  2.26e-10  13435s
 102   1.54707762e+00  1.54737804e+00  2.55e-04 1.04e-09  1.98e-10  13500s
 103   1.54707860e+00  1.54737781e+00  2.55e-04 1.07e-09  1.97e-10  13572s
 104   1.54712022e+00  1.54737881e+00  2.18e-04 1.08e-09  1.71e-10  13625s
 105   1.54712032e+00  1.54737869e+00  2.18e-04 1.15e-09  1.70e-10  13707s
 106   1.54712049e+00  1.54737833e+00  2.17e-04 1.06e-09  1.68e-10  13803s
 107   1.54712422e+00  1.54737833e+00  2.14e-04 9.93e-10  1.64e-10  13877s
 108   1.54712577e+00  1.54737916e+00  2.13e-04 1.48e-09  1.61e-10  13955s
 109   1.54712734e+00  1.54737897e+00  2.12e-04 1.34e-09  1.58e-10  14016s
 110   1.54713200e+00  1.54737892e+00  2.08e-04 1.20e-09  1.55e-10  14107s
 111   1.54713212e+00  1.54737903e+00  2.08e-04 1.79e-09  1.54e-10  14208s
 112   1.54713251e+00  1.54737899e+00  2.07e-04 1.42e-09  1.53e-10  14274s
 113   1.54713258e+00  1.54737911e+00  2.07e-04 2.20e-09  1.52e-10  14390s
 114   1.54713473e+00  1.54737888e+00  2.05e-04 2.29e-09  1.50e-10  14483s
 115   1.54713607e+00  1.54737852e+00  2.04e-04 1.89e-09  1.48e-10  14556s
 116   1.54713645e+00  1.54737826e+00  2.04e-04 2.64e-09  1.48e-10  14647s
 117   1.54713683e+00  1.54737868e+00  2.04e-04 2.10e-09  1.47e-10  14721s
 118   1.54714922e+00  1.54737829e+00  1.93e-04 1.88e-09  1.39e-10  14807s
 119   1.54715167e+00  1.54737834e+00  1.91e-04 1.59e-09  1.37e-10  14881s
 120   1.54715213e+00  1.54737839e+00  1.90e-04 1.67e-09  1.37e-10  14946s
 121   1.54715226e+00  1.54737851e+00  1.90e-04 1.24e-09  1.36e-10  15000s
 122   1.54715421e+00  1.54737854e+00  1.89e-04 1.27e-09  1.34e-10  15077s
 123   1.54715476e+00  1.54737854e+00  1.88e-04 1.30e-09  1.34e-10  15142s
 124   1.54715541e+00  1.54737857e+00  1.88e-04 1.19e-09  1.33e-10  15208s
 125   1.54715648e+00  1.54737860e+00  1.87e-04 8.62e-10  1.32e-10  15279s
 126   1.54715709e+00  1.54737859e+00  1.86e-04 8.84e-10  1.31e-10  15373s
 127   1.54716550e+00  1.54737832e+00  1.79e-04 1.95e-09  1.26e-10  15459s
 128   1.54716613e+00  1.54737800e+00  1.78e-04 2.11e-09  1.25e-10  15566s
 129   1.54716627e+00  1.54737778e+00  1.78e-04 2.17e-09  1.25e-10  15658s
 130   1.54716745e+00  1.54737756e+00  1.77e-04 2.07e-09  1.24e-10  15740s
 131   1.54717763e+00  1.54737750e+00  1.69e-04 5.44e-10  1.18e-10  15809s
 132   1.54718710e+00  1.54737744e+00  1.61e-04 3.63e-10  1.13e-10  15897s
 133   1.54725324e+00  1.54737721e+00  1.05e-04 7.42e-10  7.37e-11  15997s
 134   1.54725449e+00  1.54737702e+00  1.04e-04 4.86e-10  7.28e-11  16079s
 135   1.54725753e+00  1.54737693e+00  1.01e-04 3.07e-10  7.09e-11  16171s
 136   1.54725983e+00  1.54737686e+00  9.90e-05 2.01e-10  6.95e-11  16219s
 137   1.54729895e+00  1.54737676e+00  6.55e-05 1.23e-09  4.62e-11  16265s
 138   1.54732973e+00  1.54737651e+00  3.93e-05 1.13e-09  2.79e-11  16315s
 139   1.54734376e+00  1.54737626e+00  3.03e-05 1.53e-09  1.93e-11  16354s
 140   1.54734472e+00  1.54737612e+00  2.94e-05 1.30e-09  1.87e-11  16422s
 141   1.54735649e+00  1.54737597e+00  1.84e-05 1.52e-09  1.21e-11  16477s
 142   1.54735661e+00  1.54737595e+00  1.83e-05 1.24e-09  1.20e-11  16535s
 143   1.54735713e+00  1.54737581e+00  1.78e-05 8.74e-10  1.16e-11  16628s
 144   1.54735714e+00  1.54737577e+00  1.77e-05 8.20e-10  1.16e-11  16681s
 145   1.54735840e+00  1.54737564e+00  1.65e-05 6.27e-10  1.07e-11  16743s
 146   1.54735863e+00  1.54737548e+00  1.63e-05 1.30e-09  1.05e-11  16809s
 147   1.54735899e+00  1.54737541e+00  1.59e-05 1.04e-09  1.03e-11  16921s
 148   1.54735904e+00  1.54737539e+00  1.59e-05 4.12e-09  1.02e-11  16976s
 149   1.54735916e+00  1.54737539e+00  1.58e-05 3.28e-09  1.01e-11  17014s
 150   1.54735937e+00  1.54737537e+00  1.56e-05 8.45e-10  9.99e-12  17061s
 151   1.54735959e+00  1.54737532e+00  1.54e-05 2.88e-09  9.83e-12  17114s
 152   1.54735966e+00  1.54737532e+00  1.53e-05 2.13e-09  9.78e-12  17209s
 153   1.54736136e+00  1.54737526e+00  1.36e-05 8.81e-10  8.69e-12  17283s
 154   1.54736158e+00  1.54737523e+00  1.34e-05 9.35e-10  8.54e-12  17346s
 155   1.54736186e+00  1.54737525e+00  1.31e-05 1.55e-09  8.37e-12  17413s
 156   1.54736235e+00  1.54737522e+00  1.26e-05 8.66e-10  8.05e-12  17478s
 157   1.54736238e+00  1.54737520e+00  1.26e-05 5.72e-10  8.03e-12  17525s
 158   1.54736265e+00  1.54737520e+00  1.23e-05 3.97e-10  7.86e-12  17618s
 159   1.54736292e+00  1.54737521e+00  1.21e-05 3.19e-10  7.71e-12  17668s
 160   1.54736305e+00  1.54737521e+00  1.20e-05 4.05e-10  7.62e-12  17741s
 161   1.54736312e+00  1.54737521e+00  1.19e-05 7.48e-10  7.58e-12  17821s
 162   1.54736322e+00  1.54737520e+00  1.18e-05 4.14e-10  7.51e-12  17873s
 163   1.54736340e+00  1.54737519e+00  1.16e-05 4.46e-10  7.39e-12  17950s
 164   1.54736367e+00  1.54737517e+00  1.13e-05 3.79e-10  7.22e-12  18008s
 165   1.54736386e+00  1.54737517e+00  1.12e-05 4.94e-10  7.10e-12  18069s
 166   1.54736391e+00  1.54737516e+00  1.11e-05 4.73e-10  7.06e-12  18150s
 167   1.54736407e+00  1.54737515e+00  1.09e-05 3.85e-10  6.96e-12  18208s
 168   1.54736422e+00  1.54737514e+00  1.08e-05 3.27e-10  6.87e-12  18287s
 169   1.54736432e+00  1.54737514e+00  1.07e-05 3.95e-10  6.80e-12  18344s
 170   1.54736451e+00  1.54737514e+00  1.05e-05 3.33e-10  6.68e-12  18413s
 171   1.54736464e+00  1.54737513e+00  1.04e-05 3.78e-10  6.60e-12  18476s
 172   1.54736475e+00  1.54737513e+00  1.03e-05 3.62e-10  6.52e-12  18570s
 173   1.54736488e+00  1.54737512e+00  1.01e-05 2.19e-10  6.44e-12  18780s
 174   1.54736512e+00  1.54737512e+00  9.91e-06 1.93e-10  6.29e-12  18873s
 175   1.54736554e+00  1.54737512e+00  9.50e-06 1.10e-10  6.03e-12  19087s
 176   1.54736555e+00  1.54737512e+00  9.49e-06 1.61e-10  6.02e-12  19179s
 177   1.54736571e+00  1.54737512e+00  9.33e-06 2.73e-10  5.92e-12  19235s
 178   1.54736580e+00  1.54737512e+00  9.24e-06 2.46e-10  5.86e-12  19308s
 179   1.54736598e+00  1.54737512e+00  9.07e-06 2.50e-10  5.75e-12  19375s
 180   1.54736611e+00  1.54737513e+00  8.93e-06 6.29e-10  5.68e-12  19460s
 181   1.54736626e+00  1.54737513e+00  8.78e-06 3.83e-10  5.58e-12  19526s
 182   1.54736627e+00  1.54737517e+00  8.78e-06 5.16e-10  5.59e-12  19601s
 183   1.54736646e+00  1.54737517e+00  8.59e-06 4.99e-10  5.48e-12  19763s
 184   1.54736673e+00  1.54737516e+00  8.32e-06 3.28e-10  5.31e-12  19829s
 185   1.54736694e+00  1.54737516e+00  8.11e-06 3.69e-10  5.17e-12  19881s
 186   1.54736695e+00  1.54737515e+00  8.10e-06 5.11e-10  5.16e-12  19953s
 187   1.54736711e+00  1.54737514e+00  7.94e-06 2.97e-10  5.05e-12  20024s
 188   1.54736714e+00  1.54737514e+00  7.92e-06 1.16e-09  5.04e-12  20186s
 189   1.54736722e+00  1.54737512e+00  7.84e-06 1.11e-09  4.99e-12  20272s
 190   1.54736737e+00  1.54737513e+00  7.68e-06 1.04e-09  4.89e-12  20361s
 191   1.54736738e+00  1.54737512e+00  7.67e-06 9.79e-10  4.88e-12  20439s
 192   1.54736745e+00  1.54737512e+00  7.61e-06 6.67e-10  4.83e-12  20515s
 193   1.54736753e+00  1.54737513e+00  7.53e-06 6.60e-10  4.78e-12  20555s
 194   1.54736798e+00  1.54737512e+00  7.09e-06 2.00e-09  4.50e-12  20723s
 195   1.54736817e+00  1.54737512e+00  6.89e-06 1.56e-09  4.37e-12  20831s
 196   1.54736835e+00  1.54737513e+00  6.71e-06 1.38e-09  4.26e-12  20903s
 197   1.54736871e+00  1.54737512e+00  6.36e-06 9.89e-10  4.03e-12  20963s
 198   1.54736871e+00  1.54737512e+00  6.36e-06 9.74e-10  4.03e-12  21045s
 199   1.54736902e+00  1.54737524e+00  5.94e-06 9.94e-08  3.90e-12  21176s
 200   1.54736923e+00  1.54737524e+00  5.75e-06 9.48e-08  3.77e-12  21305s
 201   1.54736960e+00  1.54737520e+00  5.39e-06 6.97e-08  3.53e-12  21362s
 202   1.54737208e+00  1.54737520e+00  2.93e-06 3.83e-08  1.95e-12  21455s
 203   1.54737245e+00  1.54737516e+00  2.57e-06 2.21e-08  1.70e-12  21514s
 204   1.54737274e+00  1.54737513e+00  2.28e-06 1.51e-08  1.51e-12  21593s
 205   1.54737292e+00  1.54737513e+00  2.10e-06 1.34e-08  1.40e-12  21639s
 206   1.54737308e+00  1.54737512e+00  1.95e-06 9.86e-09  1.29e-12  21675s
 207   1.54737333e+00  1.54737511e+00  1.71e-06 6.12e-09  1.13e-12  21744s
 208   1.54737351e+00  1.54737511e+00  1.53e-06 5.23e-09  1.02e-12  21832s
 209   1.54737362e+00  1.54737510e+00  1.43e-06 3.07e-09  9.47e-13  21872s
 210   1.54737372e+00  1.54737510e+00  1.34e-06 2.87e-09  8.83e-13  21905s
 211   1.54737383e+00  1.54737509e+00  1.23e-06 1.92e-09  8.11e-13  21956s
 212   1.54737420e+00  1.54737509e+00  8.64e-07 1.53e-09  5.71e-13  22035s
 213   1.54737423e+00  1.54737509e+00  8.42e-07 1.40e-09  5.53e-13  22121s
 214   1.54737425e+00  1.54737509e+00  8.17e-07 1.26e-09  5.38e-13  22179s
 215   1.54737450e+00  1.54737510e+00  5.86e-07 1.76e-09  3.88e-13  22227s
 216   1.54737455e+00  1.54737510e+00  5.29e-07 9.81e-10  3.50e-13  22299s
 217   1.54737467e+00  1.54737509e+00  4.07e-07 1.13e-09  2.71e-13  22337s
 218   1.54737469e+00  1.54737509e+00  3.89e-07 8.32e-10  2.58e-13  22399s
 219   1.54737470e+00  1.54737509e+00  3.79e-07 8.76e-10  2.50e-13  22445s
 220   1.54737478e+00  1.54737510e+00  3.15e-07 1.09e-09  2.08e-13  22509s
 221   1.54737479e+00  1.54737509e+00  3.02e-07 1.21e-09  1.99e-13  22594s
 222   1.54737503e+00  1.54737510e+00  7.97e-08 1.41e-09  5.14e-14  22636s
 223   1.54737509e+00  1.54737511e+00  3.85e-08 2.22e-09  2.53e-14  22678s

Barrier solved model in 223 iterations and 22678.06 seconds (12040.86 work units)
Optimal objective 1.54737509e+00

