Set parameter Username
Academic license - for non-commercial use only - expires 2027-02-09
Set parameter Threads to value 4
Set parameter Method to value 2
Set parameter BarOrder to value 1
Set parameter BarHomogeneous to value 1
Set parameter NumericFocus to value 2
Set parameter Crossover to value 0
Gurobi Optimizer version 9.5.1 build v9.5.1rc2 (linux64)
Thread count: 32 physical cores, 64 logical processors, using up to 4 threads
Optimize a model with 754138 rows, 237202 columns and 4804524 nonzeros
Model fingerprint: 0x0f954482
Coefficient statistics:
  Matrix range     [2e-04, 3e+00]
  Objective range  [1e+00, 1e+00]
  Bounds range     [0e+00, 0e+00]
  RHS range        [7e-04, 1e+00]
Presolve removed 196429 rows and 205479 columns
Presolve time: 3.46s
Presolved: 40773 rows, 548659 columns, 3908696 nonzeros
Ordering time: 0.12s

Barrier statistics:
 Dense cols : 75
 AA' NZ     : 2.966e+05
 Factor NZ  : 9.439e+05 (roughly 240 MB of memory)
 Factor Ops : 5.259e+07 (less than 1 second per iteration)
 Threads    : 4

                  Objective                Residual
Iter       Primal          Dual         Primal    Dual     Compl     Time
   0   7.54552356e+06  0.00000000e+00  1.35e+08 0.00e+00  1.00e+06     5s
   1   6.67161567e+06  9.34830825e+01  1.19e+08 8.12e+02  8.81e+05     5s
   2   6.06941461e+06  8.72624315e+01  1.08e+08 7.87e+02  8.03e+05     6s
   3   5.54371585e+06  9.04418658e+01  9.89e+07 7.26e+02  7.40e+05     7s
   4   5.05251786e+06  7.98072520e+01  9.02e+07 6.74e+02  6.81e+05     8s
   5   4.56749286e+06  8.02620844e+01  8.15e+07 6.19e+02  6.12e+05     9s
   6   4.14653210e+06  7.65579878e+01  7.39e+07 5.89e+02  5.53e+05    10s
   7   3.71392097e+06  6.45708895e+01  6.62e+07 5.41e+02  4.96e+05    11s
   8   3.12899214e+06  7.92304169e+01  5.58e+07 5.11e+02  4.32e+05    12s
   9   2.46990746e+06  6.01162819e+01  4.39e+07 4.76e+02  3.53e+05    13s
  10   2.24715095e+06  4.49688200e+01  3.99e+07 4.58e+02  3.20e+05    14s
  11   1.85427085e+06  2.35087620e+01  3.27e+07 3.88e+02  2.43e+05    15s
  12   1.54870523e+06  1.81951889e+01  2.71e+07 3.46e+02  1.90e+05    16s
  13   1.29042805e+06  1.08426235e+01  2.25e+07 2.83e+02  1.39e+05    17s
  14   8.92282828e+05  9.45815426e+00  1.54e+07 2.28e+02  8.36e+04    18s
  15   6.27200578e+05  5.27439371e+00  1.08e+07 1.62e+02  4.56e+04    19s
  16   3.61168029e+05  3.29447639e+00  6.15e+06 1.21e+02  2.16e+04    20s
  17   1.86253841e+05  1.63837112e+00  3.15e+06 7.97e+01  7.91e+03    21s
  18   9.98174415e+04  9.80237826e-01  1.69e+06 5.65e+01  3.14e+03    22s
  19   4.55330681e+04  4.37565942e-01  7.65e+05 3.11e+01  8.51e+02    23s
  20   1.07301763e+04  1.03131960e-01  1.80e+05 6.44e+00  4.45e+01    24s
  21   8.06669161e+03  7.89718138e-02  1.36e+05 4.96e+00  2.67e+01    26s
  22   4.94419694e+03  5.81831456e-02  8.30e+04 3.50e+00  1.25e+01    27s
  23   2.26298978e+03  5.11854014e-02  3.80e+04 2.49e+00  4.54e+00    28s
  24   1.36182241e+03  4.50726798e-02  2.29e+04 1.46e+00  1.81e+00    29s
  25   7.57055244e+02  4.24518197e-02  1.27e+04 1.08e+00  8.45e-01    30s
  26   4.16679705e+02  3.60408392e-02  6.99e+03 5.63e-01  2.92e-01    32s
  27   2.63957642e+02  3.13291528e-02  4.43e+03 4.05e-01  1.54e-01    33s
  28   1.91323067e+02  2.78716423e-02  3.21e+03 2.96e-01  9.50e-02    34s
  29   1.19165734e+02  2.90129315e-02  2.00e+03 2.22e-01  5.81e-02    36s
  30   7.93557583e+01  3.07036450e-02  1.33e+03 1.57e-01  3.50e-02    37s
  31   3.69577965e+01  3.60910731e-02  6.19e+02 1.20e-01  1.65e-02    38s
  32   1.37580767e+01  7.89454707e-01  2.16e+02 4.88e-02  3.01e-03    39s
  33   4.70161821e+00  1.37243565e+00  5.40e+01 1.50e-02  3.24e-04    40s
  34   4.01055046e+00  1.45499930e+00  4.20e+01 8.99e-03  1.89e-04    42s
  35   3.60226413e+00  1.46784240e+00  3.50e+01 7.69e-03  1.54e-04    43s
  36   3.30768248e+00  1.48373664e+00  3.01e+01 5.33e-03  1.14e-04    44s
  37   3.06864308e+00  1.49909907e+00  2.59e+01 4.20e-03  9.22e-05    45s
  38   2.61382134e+00  1.56485921e+00  1.75e+01 2.74e-03  5.64e-05    46s
  39   2.05033353e+00  1.62616310e+00  6.88e+00 1.23e-03  2.08e-05    48s
  40   1.90043786e+00  1.63909113e+00  4.27e+00 6.98e-04  1.12e-05    49s
  41   1.85515783e+00  1.64076059e+00  3.51e+00 4.67e-04  8.07e-06    50s
  42   1.80465371e+00  1.64034218e+00  2.69e+00 3.26e-04  5.86e-06    51s
  43   1.76267594e+00  1.64167523e+00  1.95e+00 2.78e-04  4.47e-06    51s
  44   1.74232932e+00  1.64232469e+00  1.60e+00 2.55e-04  3.80e-06    52s
  45   1.72813358e+00  1.64416633e+00  1.35e+00 1.85e-04  2.97e-06    53s
  46   1.72277901e+00  1.64431628e+00  1.25e+00 1.81e-04  2.83e-06    54s
  47   1.70638050e+00  1.64589070e+00  9.60e-01 1.37e-04  2.13e-06    54s
  48   1.68968536e+00  1.64634510e+00  6.53e-01 1.23e-04  1.70e-06    55s
  49   1.68334987e+00  1.64626501e+00  5.51e-01 1.08e-04  1.48e-06    56s
  50   1.67860277e+00  1.64782872e+00  4.69e-01 6.99e-05  1.09e-06    57s
  51   1.67161013e+00  1.64833920e+00  3.50e-01 5.75e-05  8.48e-07    58s
  52   1.66423415e+00  1.64869223e+00  2.32e-01 4.12e-05  5.81e-07    58s
  53   1.66005789e+00  1.64886113e+00  1.66e-01 2.90e-05  4.16e-07    59s
  54   1.65708141e+00  1.64884962e+00  1.20e-01 1.79e-05  2.93e-07    60s
  55   1.65462903e+00  1.64888474e+00  8.30e-02 1.22e-05  2.04e-07    61s
  56   1.65350274e+00  1.64885207e+00  6.64e-02 7.57e-06  1.55e-07    62s
  57   1.65230426e+00  1.64882841e+00  4.89e-02 3.22e-06  1.05e-07    63s
  58   1.65018396e+00  1.64884899e+00  1.84e-02 1.75e-06  4.38e-08    64s
  59   1.64961006e+00  1.64886678e+00  1.02e-02 8.19e-07  2.37e-08    65s
  60   1.64923056e+00  1.64887013e+00  4.80e-03 6.10e-07  1.28e-08    67s
  61   1.64915980e+00  1.64887448e+00  3.82e-03 3.66e-07  9.53e-09    68s
  62   1.64909120e+00  1.64887590e+00  2.88e-03 2.09e-07  6.92e-09    69s
  63   1.64892320e+00  1.64887623e+00  6.01e-04 1.26e-07  2.04e-09    71s
  64   1.64891982e+00  1.64887659e+00  5.57e-04 6.74e-08  1.63e-09    72s
  65   1.64890910e+00  1.64887667e+00  4.16e-04 4.50e-08  1.20e-09    73s
  66   1.64889826e+00  1.64887688e+00  2.73e-04 2.82e-08  7.89e-10    74s
  67   1.64889422e+00  1.64887694e+00  2.21e-04 2.07e-08  6.28e-10    75s
  68   1.64889259e+00  1.64887697e+00  2.00e-04 1.15e-08  5.33e-10    76s
  69   1.64889163e+00  1.64887698e+00  1.87e-04 5.96e-09  4.77e-10    77s
  70   1.64889155e+00  1.64887700e+00  1.86e-04 3.21e-09  4.60e-10    79s
  71   1.64889108e+00  1.64887702e+00  1.80e-04 2.39e-09  4.41e-10    80s
  72   1.64888850e+00  1.64887706e+00  1.47e-04 1.40e-09  3.57e-10    83s
  73   1.64888576e+00  1.64887711e+00  1.11e-04 7.67e-10  2.69e-10    84s
  74   1.64888555e+00  1.64887715e+00  1.09e-04 4.34e-10  2.59e-10    86s
  75   1.64888228e+00  1.64887717e+00  6.59e-05 2.77e-10  1.58e-10    87s
  76   1.64888210e+00  1.64887720e+00  6.36e-05 1.59e-10  1.51e-10    89s
  77   1.64888194e+00  1.64887722e+00  6.16e-05 8.79e-11  1.45e-10    90s
  78   1.64888189e+00  1.64887723e+00  6.09e-05 1.75e-10  1.42e-10    92s
  79   1.64888163e+00  1.64887724e+00  5.75e-05 3.41e-10  1.34e-10    93s
  80   1.64888159e+00  1.64887725e+00  5.69e-05 1.77e-10  1.32e-10    95s
  81   1.64888137e+00  1.64887726e+00  5.40e-05 1.32e-10  1.25e-10    97s
  82   1.64888027e+00  1.64887727e+00  3.95e-05 5.57e-11  9.12e-11    99s
  83   1.64888004e+00  1.64887728e+00  3.65e-05 8.05e-11  8.40e-11   101s
  84   1.64887981e+00  1.64887728e+00  3.35e-05 1.17e-10  7.70e-11   103s
  85   1.64887856e+00  1.64887728e+00  1.70e-05 6.31e-11  3.90e-11   104s
  86   1.64887844e+00  1.64887728e+00  1.53e-05 3.23e-11  3.53e-11   105s
  87   1.64887844e+00  1.64887728e+00  1.53e-05 1.65e-10  3.51e-11   106s
  88   1.64887835e+00  1.64887728e+00  1.42e-05 9.76e-11  3.26e-11   107s
  89   1.64887782e+00  1.64887728e+00  7.10e-06 1.41e-11  1.63e-11   108s
  90   1.64887779e+00  1.64887728e+00  6.69e-06 9.22e-12  1.54e-11   110s
  91   1.64887753e+00  1.64887728e+00  3.34e-06 6.33e-12  7.68e-12   111s
  92   1.64887741e+00  1.64887728e+00  1.67e-06 5.98e-12  3.85e-12   112s
  93   1.64887740e+00  1.64887728e+00  1.52e-06 8.56e-11  3.49e-12   113s
  94   1.64887738e+00  1.64887728e+00  1.26e-06 5.86e-11  2.90e-12   114s
  95   1.64887733e+00  1.64887728e+00  6.72e-07 4.84e-11  1.55e-12   116s
  96   1.64887733e+00  1.64887728e+00  6.26e-07 6.59e-11  1.44e-12   117s
  97   1.64887732e+00  1.64887728e+00  5.76e-07 5.03e-11  1.33e-12   118s
  98   1.64887730e+00  1.64887728e+00  2.88e-07 1.00e-11  6.66e-13   119s

Barrier solved model in 98 iterations and 119.18 seconds (89.46 work units)
Optimal objective 1.64887730e+00

