Set parameter Username
Academic license - for non-commercial use only - expires 2027-02-09
Set parameter Threads to value 4
Set parameter Method to value 2
Set parameter BarOrder to value 1
Set parameter BarHomogeneous to value 1
Set parameter NumericFocus to value 2
Set parameter Crossover to value 0
Gurobi Optimizer version 9.5.1 build v9.5.1rc2 (linux64)
Thread count: 32 physical cores, 64 logical processors, using up to 4 threads
Optimize a model with 11605718 rows, 13386507 columns and 73348424 nonzeros
Model fingerprint: 0xff6ea283
Coefficient statistics:
  Matrix range     [2e-04, 3e+00]
  Objective range  [1e+00, 1e+00]
  Bounds range     [0e+00, 0e+00]
  RHS range        [7e-04, 1e+00]
Presolve removed 268037 rows and 0 columns (presolve time = 7s) ...
Presolve removed 3177751 rows and 11226847 columns (presolve time = 13s) ...
Presolve removed 3177751 rows and 11226847 columns (presolve time = 16s) ...
Presolve removed 3573347 rows and 11226847 columns (presolve time = 21s) ...
Presolve removed 3576500 rows and 11230000 columns (presolve time = 27s) ...
Presolve removed 3968944 rows and 11622444 columns (presolve time = 31s) ...
Presolve removed 3968944 rows and 11622444 columns (presolve time = 50s) ...
Presolve removed 3968944 rows and 11622444 columns (presolve time = 50s) ...
Presolve removed 3968946 rows and 11622445 columns (presolve time = 56s) ...
Presolve removed 4747401 rows and 11622445 columns (presolve time = 60s) ...
Presolve removed 4747401 rows and 11622445 columns (presolve time = 67s) ...
Presolve removed 4747401 rows and 11622445 columns
Presolve time: 67.97s
Presolved: 6858317 rows, 1764062 columns, 46815271 nonzeros
Elapsed ordering time = 5s
Ordering time: 9.26s

Barrier statistics:
 Dense cols : 395
 AA' NZ     : 2.361e+08
 Factor NZ  : 3.362e+08 (roughly 6.0 GB of memory)
 Factor Ops : 3.185e+10 (roughly 1 second per iteration)
 Threads    : 4

                  Objective                Residual
Iter       Primal          Dual         Primal    Dual     Compl     Time
   0   3.20389639e+00  6.25000000e+01  1.00e+08 6.25e-02  1.00e+06  6032s
   1   4.68306996e+00  1.73942223e+06  9.14e+07 6.80e+02  8.98e+05  6050s
   2   5.55410025e+00  3.91190678e+06  6.83e+07 3.40e+02  5.68e+05  6085s
   3   3.74094085e+01  4.51643990e+06  4.19e+07 2.43e+02  3.74e+05  6123s
   4   4.08625385e+00  2.51665360e+05  1.05e+06 1.41e+01  7.58e+02  6159s
   5   3.88724250e+00  1.30576915e+05  7.17e+05 7.47e+00  3.44e+02  6187s
   6   3.79223178e+00  1.05382477e+05  5.87e+05 6.02e+00  2.50e+02  6209s
   7   3.69504190e+00  7.45426806e+04  4.87e+05 4.14e+00  1.71e+02  6240s
   8   3.52663499e+00  4.39196468e+04  3.09e+05 2.34e+00  8.54e+01  6274s
   9   3.42245436e+00  3.11444707e+04  2.19e+05 1.63e+00  5.39e+01  6312s
  10   3.35970361e+00  2.21849921e+04  1.80e+05 1.14e+00  3.94e+01  6353s
  11   3.13373898e+00  1.72118032e+04  1.45e+05 8.88e-01  3.13e+01  6397s
  12   2.53551112e+00  1.12932674e+04  9.64e+04 5.85e-01  2.05e+01  6438s
  13   2.21586766e+00  7.76547372e+03  6.78e+04 4.02e-01  1.37e+01  6478s
  14   2.16648550e+00  6.19368137e+03  5.92e+04 3.19e-01  1.14e+01  6517s
  15   2.14350550e+00  4.14161073e+03  4.02e+04 2.11e-01  7.42e+00  6562s
  16   2.12989027e+00  2.25367027e+03  2.84e+04 1.14e-01  4.79e+00  6602s
  17   2.15383155e+00  1.12127859e+03  1.97e+04 5.60e-02  3.06e+00  6651s
  18   2.22303006e+00  3.94186061e+02  1.33e+04 1.91e-02  1.85e+00  6699s
  19   2.27709018e+00  2.13407523e+02  8.64e+03 9.97e-03  1.14e+00  6729s
  20   2.37656031e+00  1.31044823e+02  5.33e+03 5.79e-03  6.62e-01  6762s
  21   2.46144419e+00  8.79116110e+01  3.76e+03 3.68e-03  4.35e-01  6787s
  22   2.56301241e+00  7.22568058e+01  2.51e+03 2.92e-03  2.80e-01  6812s
  23   2.59393646e+00  5.21831146e+01  1.81e+03 1.94e-03  1.67e-01  6837s
  24   2.60148965e+00  3.68904348e+01  1.16e+03 1.25e-03  8.36e-02  6862s
  25   2.54791139e+00  2.49258920e+01  6.41e+02 7.84e-04  3.43e-02  6893s
  26   2.45858287e+00  1.63410415e+01  3.73e+02 4.81e-04  1.46e-02  6935s
  27   2.32029359e+00  1.38111794e+01  2.92e+02 3.98e-04  1.08e-02  6991s
  28   2.21752594e+00  1.00150302e+01  2.48e+02 2.71e-04  7.76e-03  7048s
  29   1.87748648e+00  7.10010825e+00  1.16e+02 1.73e-04  3.08e-03  7104s
  30   1.74330025e+00  4.82762350e+00  5.79e+01 1.01e-04  1.22e-03  7160s
  31   1.65915453e+00  3.86369501e+00  2.13e+01 7.04e-05  4.25e-04  7213s
  32   1.62341472e+00  3.22222651e+00  7.43e+00 5.03e-05  1.63e-04  7261s
  33   1.60296282e+00  2.91522277e+00  4.50e+00 4.09e-05  1.08e-04  7304s
  34   1.58167440e+00  2.75244758e+00  3.27e+00 3.60e-05  8.79e-05  7343s
  35   1.57045162e+00  2.62047626e+00  2.83e+00 3.22e-05  7.74e-05  7372s
  36   1.56077975e+00  2.56191699e+00  2.35e+00 3.05e-05  7.00e-05  7401s
  37   1.54506393e+00  2.47637267e+00  1.83e+00 2.80e-05  6.15e-05  7429s
  38   1.53065458e+00  2.39497018e+00  1.49e+00 2.58e-05  5.54e-05  7457s
  39   1.50746188e+00  2.24372532e+00  1.09e+00 2.17e-05  4.66e-05  7495s
  40   1.49117967e+00  2.07881089e+00  9.06e-01 1.73e-05  3.81e-05  7541s
  41   1.47906305e+00  1.93708222e+00  7.32e-01 1.36e-05  3.02e-05  7589s
  42   1.46136107e+00  1.84861095e+00  4.33e-01 1.12e-05  2.36e-05  7644s
  43   1.45768111e+00  1.80437647e+00  3.62e-01 9.98e-06  2.05e-05  7702s
  44   1.45545902e+00  1.75624387e+00  3.08e-01 8.66e-06  1.74e-05  7759s
  45   1.45339091e+00  1.69254239e+00  2.42e-01 6.90e-06  1.33e-05  7821s
  46   1.45303128e+00  1.63935594e+00  1.95e-01 5.40e-06  9.98e-06  7887s
  47   1.46290270e+00  1.60662654e+00  1.53e-01 4.37e-06  7.66e-06  7967s
  48   1.48303872e+00  1.57073959e+00  1.09e-01 2.79e-06  4.61e-06  8053s
  49   1.49837885e+00  1.56654916e+00  8.38e-02 2.16e-06  3.44e-06  8160s
  50   1.50797838e+00  1.56641402e+00  6.90e-02 1.93e-06  3.00e-06  8272s
  51   1.51178517e+00  1.56591852e+00  6.30e-02 1.81e-06  2.77e-06  8397s
  52   1.51829566e+00  1.56588220e+00  5.83e-02 1.76e-06  2.65e-06  8486s
  53   1.52382554e+00  1.56937099e+00  5.30e-02 1.45e-06  2.20e-06  8622s
  54   1.52935896e+00  1.57241473e+00  4.86e-02 1.25e-06  1.90e-06  8823s
  55   1.53319766e+00  1.57337133e+00  4.59e-02 1.21e-06  1.82e-06  9013s
  56   1.53775446e+00  1.57506353e+00  4.28e-02 1.13e-06  1.69e-06  9216s
  57   1.54648111e+00  1.57990384e+00  3.69e-02 1.02e-06  1.51e-06  9410s
  58   1.54940744e+00  1.58432790e+00  3.55e-02 9.07e-07  1.37e-06  9662s
  59   1.55442615e+00  1.58472983e+00  3.31e-02 8.97e-07  1.33e-06  9795s
  60   1.55819394e+00  1.58723386e+00  3.14e-02 8.42e-07  1.25e-06  10060s
  61   1.56471094e+00  1.59378117e+00  2.87e-02 7.10e-07  1.07e-06  10482s
  62   1.56607036e+00  1.59569878e+00  2.82e-02 7.97e-07  1.03e-06  10563s
  63   1.56820484e+00  1.60045339e+00  2.73e-02 6.70e-07  9.26e-07  10635s
  64   1.57098530e+00  1.60473954e+00  2.61e-02 9.36e-07  8.37e-07  10718s
  65   1.57435430e+00  1.60719867e+00  2.48e-02 8.23e-07  7.77e-07  10786s
  66   1.57510031e+00  1.60767761e+00  2.45e-02 8.11e-07  7.67e-07  10862s
  67   1.57536697e+00  1.60797499e+00  2.44e-02 8.17e-07  7.62e-07  10922s
  68   1.58065448e+00  1.61228302e+00  2.24e-02 7.82e-07  6.81e-07  11000s
  69   1.58463755e+00  1.61494530e+00  2.06e-02 7.16e-07  5.80e-07  11107s
  70   1.58856586e+00  1.61542791e+00  1.91e-02 7.00e-07  5.63e-07  11153s
  71   1.59170469e+00  1.61835584e+00  1.77e-02 6.29e-07  5.10e-07  11229s
  72   1.59295636e+00  1.61879047e+00  1.71e-02 6.16e-07  4.99e-07  11311s
  73   1.59533786e+00  1.62030559e+00  1.63e-02 6.13e-07  4.76e-07  11394s
  74   1.59890720e+00  1.62142937e+00  1.45e-02 5.81e-07  4.41e-07  11500s
  75   1.59922351e+00  1.62153640e+00  1.44e-02 5.75e-07  4.39e-07  11551s
  76   1.60146969e+00  1.62294256e+00  1.36e-02 5.75e-07  4.11e-07  11622s
  77   1.60191080e+00  1.62312805e+00  1.34e-02 5.59e-07  4.02e-07  11672s
  78   1.60520773e+00  1.62402372e+00  1.23e-02 5.39e-07  3.81e-07  11757s
  79   1.60589534e+00  1.62557388e+00  1.21e-02 4.93e-07  3.59e-07  11835s
  80   1.61033221e+00  1.62587803e+00  1.07e-02 4.82e-07  3.38e-07  11893s
  81   1.61221781e+00  1.62672837e+00  1.01e-02 4.60e-07  3.19e-07  11987s
  82   1.61431620e+00  1.62967877e+00  9.47e-03 3.89e-07  2.84e-07  12097s
  83   1.61494711e+00  1.63108340e+00  9.29e-03 3.52e-07  2.69e-07  12154s
  84   1.61634771e+00  1.63162566e+00  8.88e-03 3.55e-07  2.59e-07  12210s
  85   1.61635248e+00  1.63192773e+00  8.88e-03 3.44e-07  2.56e-07  12267s
  86   1.61825929e+00  1.63292023e+00  8.33e-03 3.30e-07  2.41e-07  12329s
  87   1.61889032e+00  1.63322742e+00  8.15e-03 3.26e-07  2.35e-07  12384s
  88   1.61944794e+00  1.63370389e+00  7.98e-03 3.16e-07  2.29e-07  12431s
  89   1.61945003e+00  1.63369291e+00  7.98e-03 3.16e-07  2.29e-07  12471s
  90   1.61969333e+00  1.63490281e+00  7.91e-03 3.17e-07  2.17e-07  12543s
  91   1.62018500e+00  1.63545131e+00  7.76e-03 3.03e-07  2.10e-07  12623s
  92   1.62146092e+00  1.63655515e+00  7.39e-03 2.78e-07  1.96e-07  12719s
  93   1.62165239e+00  1.63701266e+00  7.34e-03 2.68e-07  1.92e-07  12839s
  94   1.62422625e+00  1.63754895e+00  6.60e-03 2.55e-07  1.78e-07  12897s
  95   1.62426915e+00  1.63773215e+00  6.59e-03 2.48e-07  1.76e-07  12971s
  96   1.62494744e+00  1.63847248e+00  6.40e-03 2.29e-07  1.66e-07  13085s
  97   1.62500856e+00  1.63896467e+00  6.38e-03 2.19e-07  1.62e-07  13163s
  98   1.62722574e+00  1.63974328e+00  5.80e-03 2.02e-07  1.51e-07  13218s
  99   1.62943077e+00  1.64061209e+00  5.18e-03 1.85e-07  1.35e-07  13280s
 100   1.62943699e+00  1.64064528e+00  5.18e-03 1.86e-07  1.36e-07  13331s
 101   1.62947043e+00  1.64101055e+00  5.17e-03 1.74e-07  1.32e-07  13394s
 102   1.62949093e+00  1.64109246e+00  5.16e-03 1.69e-07  1.31e-07  13441s
 103   1.62957213e+00  1.64114564e+00  5.14e-03 1.68e-07  1.31e-07  13511s
 104   1.62958282e+00  1.64160558e+00  5.14e-03 1.57e-07  1.28e-07  13687s
 105   1.62962333e+00  1.64178127e+00  5.13e-03 1.53e-07  1.26e-07  13785s
 106   1.62969314e+00  1.64179171e+00  5.11e-03 1.53e-07  1.26e-07  13850s
 107   1.62985599e+00  1.64214706e+00  5.06e-03 1.42e-07  1.23e-07  13912s
 108   1.62988860e+00  1.64226117e+00  5.06e-03 1.40e-07  1.22e-07  13983s
 109   1.63002606e+00  1.64265479e+00  5.02e-03 1.36e-07  1.19e-07  14028s
 110   1.63036095e+00  1.64316666e+00  4.93e-03 1.25e-07  1.14e-07  14120s
 111   1.63063048e+00  1.64339181e+00  4.86e-03 1.20e-07  1.12e-07  14160s
 112   1.63069961e+00  1.64353298e+00  4.84e-03 1.18e-07  1.10e-07  14213s
 113   1.63090851e+00  1.64380548e+00  4.78e-03 1.12e-07  1.08e-07  14295s
 114   1.63094087e+00  1.64406007e+00  4.77e-03 1.07e-07  1.06e-07  14364s
 115   1.63096511e+00  1.64436986e+00  4.77e-03 9.85e-08  1.04e-07  14413s
 116   1.63121304e+00  1.64447839e+00  4.70e-03 9.60e-08  1.02e-07  14466s
 117   1.63121789e+00  1.64448546e+00  4.70e-03 9.57e-08  1.02e-07  14532s
 118   1.63125146e+00  1.64462504e+00  4.69e-03 9.28e-08  1.01e-07  14626s
 119   1.63138401e+00  1.64484510e+00  4.66e-03 8.86e-08  9.96e-08  14721s
 120   1.63238856e+00  1.64485676e+00  4.42e-03 8.87e-08  9.80e-08  14777s
 121   1.63244314e+00  1.64520623e+00  4.41e-03 8.21e-08  9.58e-08  14845s
 122   1.63245917e+00  1.64546439e+00  4.40e-03 7.54e-08  9.35e-08  14900s
 123   1.63279097e+00  1.64555221e+00  4.31e-03 7.34e-08  9.15e-08  14963s
 124   1.63286090e+00  1.64585012e+00  4.29e-03 7.01e-08  8.96e-08  15128s
 125   1.63306418e+00  1.64604917e+00  4.24e-03 6.47e-08  8.74e-08  15219s
 126   1.63314054e+00  1.64620626e+00  4.21e-03 6.16e-08  8.59e-08  15285s
 127   1.63323764e+00  1.64646547e+00  4.19e-03 5.31e-08  8.31e-08  15376s
 128   1.63322301e+00  1.64646578e+00  4.19e-03 5.30e-08  8.33e-08  15443s
 129   1.63322703e+00  1.64658946e+00  4.19e-03 5.00e-08  8.22e-08  15575s
 130   1.63323269e+00  1.64680747e+00  4.19e-03 4.61e-08  8.12e-08  15665s
 131   1.63327192e+00  1.64701944e+00  4.18e-03 4.18e-08  7.96e-08  15771s
 132   1.63330186e+00  1.64732533e+00  4.17e-03 3.57e-08  7.77e-08  15992s
 133   1.63335174e+00  1.64742722e+00  4.16e-03 3.28e-08  7.61e-08  16171s
 134   1.63338535e+00  1.64746320e+00  4.15e-03 3.15e-08  7.55e-08  16316s
 135   1.63338566e+00  1.64746351e+00  4.15e-03 3.15e-08  7.55e-08  16424s
 136   1.63344599e+00  1.64747165e+00  4.13e-03 3.05e-08  7.48e-08  16565s
 137   1.63347149e+00  1.64754018e+00  4.12e-03 2.92e-08  7.43e-08  16707s
 138   1.63347399e+00  1.64754655e+00  4.12e-03 2.89e-08  7.43e-08  16784s
 139   1.63357283e+00  1.64767902e+00  4.09e-03 2.52e-08  7.28e-08  16905s
 140   1.63358520e+00  1.64770775e+00  4.09e-03 2.40e-08  7.23e-08  17058s
 141   1.63358909e+00  1.64775564e+00  4.09e-03 2.29e-08  7.21e-08  17130s
 142   1.63359332e+00  1.64776524e+00  4.09e-03 2.53e-08  7.21e-08  17209s
 143   1.63359456e+00  1.64776822e+00  4.09e-03 2.46e-08  7.20e-08  17411s
 144   1.63359519e+00  1.64776980e+00  4.09e-03 2.47e-08  7.20e-08  17482s
 145   1.63360710e+00  1.64778567e+00  4.08e-03 2.41e-08  7.19e-08  17613s
 146   1.63361143e+00  1.64779420e+00  4.08e-03 2.37e-08  7.17e-08  17749s
 147   1.63367601e+00  1.64780627e+00  4.06e-03 2.28e-08  7.11e-08  17919s
 148   1.63368459e+00  1.64780841e+00  4.06e-03 2.30e-08  7.10e-08  18009s
 149   1.63368517e+00  1.64781416e+00  4.06e-03 2.17e-08  7.10e-08  18106s
 150   1.63369322e+00  1.64784451e+00  4.06e-03 2.12e-08  7.08e-08  18184s
 151   1.63370524e+00  1.64801644e+00  4.06e-03 2.02e-08  7.01e-08  18523s
 152   1.63371035e+00  1.64802009e+00  4.06e-03 2.07e-08  7.00e-08  18609s
 153   1.63372847e+00  1.64805373e+00  4.05e-03 2.00e-08  6.98e-08  18711s
 154   1.63373880e+00  1.64805764e+00  4.05e-03 2.00e-08  6.98e-08  18774s
 155   1.63507356e+00  1.64805102e+00  3.66e-03 1.94e-08  6.40e-08  18843s
 156   1.63507930e+00  1.64805721e+00  3.66e-03 1.89e-08  6.38e-08  18911s
 157   1.63509959e+00  1.64808370e+00  3.65e-03 1.78e-08  6.37e-08  18977s
 158   1.63512519e+00  1.64808631e+00  3.65e-03 1.73e-08  6.36e-08  19112s
 159   1.63512572e+00  1.64808578e+00  3.65e-03 1.68e-08  6.35e-08  19176s
 160   1.63512595e+00  1.64808925e+00  3.65e-03 1.67e-08  6.35e-08  19268s
 161   1.63512679e+00  1.64809213e+00  3.65e-03 1.70e-08  6.35e-08  19513s
 162   1.63512707e+00  1.64809115e+00  3.65e-03 1.70e-08  6.35e-08  19602s
 163   1.63516945e+00  1.64813013e+00  3.64e-03 1.96e-08  6.31e-08  19774s
 164   1.63517982e+00  1.64813086e+00  3.63e-03 1.94e-08  6.30e-08  19847s
 165   1.63518835e+00  1.64814027e+00  3.63e-03 1.79e-08  6.27e-08  19967s
 166   1.63521431e+00  1.64819143e+00  3.62e-03 1.80e-08  6.22e-08  20127s
 167   1.63521442e+00  1.64819255e+00  3.62e-03 1.70e-08  6.22e-08  20213s
 168   1.63522439e+00  1.64819078e+00  3.62e-03 1.73e-08  6.21e-08  20281s
 169   1.63522503e+00  1.64819006e+00  3.62e-03 1.71e-08  6.21e-08  20373s
 170   1.63523777e+00  1.64819460e+00  3.62e-03 1.61e-08  6.20e-08  20460s
 171   1.63524173e+00  1.64819368e+00  3.62e-03 1.58e-08  6.19e-08  20526s
 172   1.63526148e+00  1.64819577e+00  3.61e-03 1.56e-08  6.17e-08  20804s
 173   1.63526510e+00  1.64819867e+00  3.61e-03 1.71e-08  6.17e-08  20866s
 174   1.63528314e+00  1.64820777e+00  3.61e-03 1.75e-08  6.16e-08  21071s
 175   1.63529970e+00  1.64820349e+00  3.60e-03 1.87e-08  6.14e-08  21187s
 176   1.63529971e+00  1.64820353e+00  3.60e-03 1.87e-08  6.14e-08  21244s
 177   1.63530259e+00  1.64820423e+00  3.60e-03 1.88e-08  6.14e-08  21410s
 178   1.63532327e+00  1.64820330e+00  3.59e-03 1.96e-08  6.12e-08  21481s
 179   1.63532911e+00  1.64820689e+00  3.59e-03 1.97e-08  6.12e-08  21623s
 180   1.63533460e+00  1.64819985e+00  3.59e-03 2.12e-08  6.10e-08  21670s
 181   1.63535994e+00  1.64820285e+00  3.58e-03 2.10e-08  6.08e-08  21926s
 182   1.63535994e+00  1.64820353e+00  3.58e-03 2.22e-08  6.08e-08  21995s
 183   1.63536064e+00  1.64820599e+00  3.58e-03 2.27e-08  6.08e-08  22193s
 184   1.63536609e+00  1.64820664e+00  3.58e-03 2.29e-08  6.08e-08  22396s
 185   1.63537062e+00  1.64820532e+00  3.58e-03 2.36e-08  6.07e-08  22447s
 186   1.63537205e+00  1.64820577e+00  3.58e-03 2.28e-08  6.06e-08  22605s

Barrier performed 186 iterations in 22605.42 seconds (12577.82 work units)
Sub-optimal termination - objective 1.63537205e+00

