Set parameter Username
Academic license - for non-commercial use only - expires 2027-02-09
Set parameter Threads to value 4
Set parameter Method to value 2
Set parameter BarOrder to value 1
Set parameter BarHomogeneous to value 1
Set parameter NumericFocus to value 2
Set parameter Crossover to value 0
Gurobi Optimizer version 9.5.1 build v9.5.1rc2 (linux64)
Thread count: 32 physical cores, 64 logical processors, using up to 4 threads
Optimize a model with 7270250 rows, 8210952 columns and 49702868 nonzeros
Model fingerprint: 0x975c7a78
Coefficient statistics:
  Matrix range     [2e-04, 3e+00]
  Objective range  [1e+00, 1e+00]
  Bounds range     [0e+00, 0e+00]
  RHS range        [7e-04, 1e+00]
Presolve removed 1754054 rows and 6824528 columns (presolve time = 6s) ...
Presolve removed 1754054 rows and 6945634 columns (presolve time = 10s) ...
Presolve removed 3177774 rows and 6949355 columns (presolve time = 16s) ...
Presolve removed 3177774 rows and 6949355 columns (presolve time = 26s) ...
Presolve removed 3185216 rows and 6949356 columns (presolve time = 31s) ...
Presolve removed 3185216 rows and 6949356 columns
Presolve time: 31.77s
Presolved: 4085034 rows, 1261596 columns, 27340467 nonzeros
Ordering time: 3.74s

Barrier statistics:
 Dense cols : 284
 AA' NZ     : 6.321e+07
 Factor NZ  : 9.724e+07 (roughly 2.3 GB of memory)
 Factor Ops : 6.897e+09 (less than 1 second per iteration)
 Threads    : 4

                  Objective                Residual
Iter       Primal          Dual         Primal    Dual     Compl     Time
   0   9.63963574e+00  2.50000000e+02  6.05e+07 6.25e-02  1.00e+06  2490s
   1   3.89567326e+00 -5.71211072e+05  4.43e+07 3.11e+02  5.39e+05  2497s
   2   3.64829697e+01 -4.58576502e+05  2.73e+07 1.57e+02  2.95e+05  2506s
   3   8.03872047e+01  2.49994226e+06  1.72e+07 7.57e+01  1.77e+05  2518s
   4   4.31147222e+00  4.12464661e+04  3.50e+05 1.15e+00  7.42e+01  2530s
   5   2.33564770e+00  5.35153616e+03  3.50e+04 2.08e-01  1.63e+00  2538s
   6   2.23605453e+00  1.76480339e+03  1.44e+04 6.84e-02  4.11e-01  2548s
   7   2.19917187e+00  5.85668110e+02  5.54e+03 2.25e-02  1.19e-01  2559s
   8   2.18381564e+00  2.34442352e+02  1.86e+03 8.83e-03  3.79e-02  2568s
   9   2.18192650e+00  9.89382091e+01  1.35e+03 3.58e-03  2.26e-02  2575s
  10   2.18326523e+00  8.41133175e+01  9.15e+02 3.00e-03  1.58e-02  2582s
  11   2.18374211e+00  5.00340512e+01  7.42e+02 1.73e-03  1.18e-02  2594s
  12   2.19216248e+00  3.89384644e+01  4.36e+02 1.33e-03  7.54e-03  2608s
  13   2.20339598e+00  2.12890137e+01  3.61e+02 6.79e-04  6.44e-03  2620s
  14   2.17979661e+00  1.54248798e+01  3.15e+02 5.42e-04  7.01e-03  2634s
  15   2.13088414e+00  1.17763310e+01  2.84e+02 3.97e-04  6.47e-03  2645s
  16   2.10515696e+00  9.41283274e+00  2.67e+02 2.53e-04  5.36e-03  2653s
  17   2.05925193e+00  8.41493118e+00  2.41e+02 2.18e-04  4.76e-03  2662s
  18   1.96933833e+00  7.51769026e+00  1.91e+02 1.59e-04  3.33e-03  2673s
  19   1.87167348e+00  6.16439583e+00  1.38e+02 1.01e-04  2.03e-03  2687s
  20   1.79582363e+00  4.70136511e+00  9.68e+01 5.73e-05  1.02e-03  2701s
  21   1.67314073e+00  3.30906471e+00  2.79e+01 2.95e-05  2.18e-04  2714s
  22   1.65999606e+00  2.77110567e+00  2.20e+01 1.96e-05  1.37e-04  2729s
  23   1.65745436e+00  2.61672588e+00  2.10e+01 1.70e-05  1.21e-04  2741s
  24   1.61962553e+00  2.56662363e+00  9.72e+00 1.61e-05  6.31e-05  2752s
  25   1.60417704e+00  2.43151543e+00  6.04e+00 1.39e-05  4.13e-05  2767s
  26   1.58933952e+00  2.24751608e+00  2.99e+00 1.09e-05  2.32e-05  2778s
  27   1.57600196e+00  2.07843450e+00  1.64e+00 8.26e-06  1.47e-05  2793s
  28   1.56147912e+00  1.98574598e+00  1.20e+00 6.85e-06  1.17e-05  2809s
  29   1.55318616e+00  1.87605165e+00  1.01e+00 5.26e-06  9.25e-06  2825s
  30   1.54794486e+00  1.81290377e+00  9.33e-01 4.38e-06  7.91e-06  2838s
  31   1.52306846e+00  1.72785702e+00  5.83e-01 3.26e-06  5.40e-06  2855s
  32   1.50956504e+00  1.66542149e+00  3.98e-01 2.46e-06  3.79e-06  2873s
  33   1.50100007e+00  1.62410198e+00  2.77e-01 1.90e-06  2.74e-06  2892s
  34   1.49887328e+00  1.59664597e+00  1.86e-01 1.50e-06  1.98e-06  2910s
  35   1.49634649e+00  1.57570131e+00  1.16e-01 1.19e-06  1.45e-06  2929s
  36   1.49811536e+00  1.56104515e+00  7.14e-02 9.59e-07  1.07e-06  2950s
  37   1.50090785e+00  1.54957317e+00  4.44e-02 7.62e-07  7.90e-07  2970s
  38   1.50305006e+00  1.54167498e+00  3.51e-02 6.14e-07  6.16e-07  2989s
  39   1.50566579e+00  1.53674091e+00  2.78e-02 5.10e-07  4.93e-07  3012s
  40   1.51055569e+00  1.53202381e+00  1.79e-02 3.76e-07  3.39e-07  3040s
  41   1.51374115e+00  1.52950864e+00  1.44e-02 2.85e-07  2.50e-07  3068s
  42   1.51904708e+00  1.52915213e+00  1.03e-02 1.70e-07  1.49e-07  3100s
  43   1.52703356e+00  1.53236117e+00  6.57e-03 1.23e-07  1.05e-07  3141s
  44   1.53161446e+00  1.53504309e+00  4.94e-03 9.44e-08  8.16e-08  3194s
  45   1.53376791e+00  1.53630325e+00  4.29e-03 8.37e-08  7.26e-08  3241s
  46   1.53561511e+00  1.53776961e+00  3.72e-03 7.27e-08  6.40e-08  3286s
  47   1.53772134e+00  1.53974365e+00  3.11e-03 5.88e-08  5.39e-08  3335s
  48   1.53914384e+00  1.54153098e+00  2.69e-03 4.71e-08  4.57e-08  3416s
  49   1.54042737e+00  1.54330717e+00  2.24e-03 3.47e-08  3.66e-08  3479s
  50   1.54182960e+00  1.54416555e+00  1.78e-03 2.84e-08  3.04e-08  3544s
  51   1.54315881e+00  1.54492501e+00  1.33e-03 2.14e-08  2.31e-08  3630s
  52   1.54443665e+00  1.54569662e+00  9.83e-04 1.55e-08  1.67e-08  3693s
  53   1.54445577e+00  1.54570543e+00  9.78e-04 1.54e-08  1.66e-08  3707s
  54   1.54495991e+00  1.54592543e+00  8.30e-04 1.39e-08  1.47e-08  3746s
  55   1.54529510e+00  1.54633372e+00  7.37e-04 1.11e-08  1.22e-08  3782s
  56   1.54589580e+00  1.54650441e+00  5.41e-04 9.79e-09  1.00e-08  3804s
  57   1.54590108e+00  1.54680578e+00  5.39e-04 7.57e-09  8.80e-09  3833s
  58   1.54626600e+00  1.54703361e+00  4.28e-04 5.70e-09  6.78e-09  3864s
  59   1.54650955e+00  1.54721226e+00  3.52e-04 4.21e-09  5.27e-09  3889s
  60   1.54677256e+00  1.54741267e+00  2.64e-04 2.23e-09  3.42e-09  3919s
  61   1.54697387e+00  1.54744169e+00  1.95e-04 1.79e-09  2.63e-09  3947s
  62   1.54698666e+00  1.54744692e+00  1.91e-04 1.73e-09  2.56e-09  3973s
  63   1.54703472e+00  1.54747084e+00  1.75e-04 1.58e-09  2.37e-09  4000s
  64   1.54705330e+00  1.54747819e+00  1.69e-04 1.43e-09  2.22e-09  4020s
  65   1.54711100e+00  1.54750628e+00  1.53e-04 1.15e-09  1.91e-09  4045s
  66   1.54711408e+00  1.54753103e+00  1.52e-04 9.77e-10  1.75e-09  4065s
  67   1.54717090e+00  1.54754751e+00  1.35e-04 7.84e-10  1.50e-09  4085s
  68   1.54717269e+00  1.54755524e+00  1.35e-04 8.53e-10  1.45e-09  4108s
  69   1.54717429e+00  1.54756232e+00  1.34e-04 7.40e-10  1.40e-09  4129s
  70   1.54725601e+00  1.54756600e+00  1.09e-04 7.47e-10  1.17e-09  4154s
  71   1.54731651e+00  1.54756763e+00  9.01e-05 1.27e-09  1.01e-09  4171s
  72   1.54731705e+00  1.54756983e+00  9.00e-05 7.17e-10  1.00e-09  4192s
  73   1.54731764e+00  1.54757575e+00  8.98e-05 8.57e-10  9.70e-10  4211s
  74   1.54731834e+00  1.54757663e+00  8.96e-05 8.89e-10  9.61e-10  4228s
  75   1.54731922e+00  1.54757893e+00  8.94e-05 8.69e-10  9.45e-10  4245s
  76   1.54732533e+00  1.54758017e+00  8.75e-05 2.56e-09  9.22e-10  4262s
  77   1.54733256e+00  1.54758120e+00  8.53e-05 4.57e-09  9.00e-10  4281s
  78   1.54733964e+00  1.54758169e+00  8.32e-05 6.46e-09  8.81e-10  4303s
  79   1.54735646e+00  1.54758595e+00  7.80e-05 6.43e-09  8.19e-10  4332s
  80   1.54736401e+00  1.54758731e+00  7.57e-05 7.56e-09  7.93e-10  4356s
  81   1.54736727e+00  1.54759770e+00  7.48e-05 5.41e-09  7.29e-10  4384s
  82   1.54737001e+00  1.54760131e+00  7.40e-05 4.32e-09  6.91e-10  4411s
  83   1.54737025e+00  1.54760280e+00  7.39e-05 3.93e-09  6.82e-10  4436s
  84   1.54737078e+00  1.54760351e+00  7.37e-05 2.81e-09  6.76e-10  4456s
  85   1.54737289e+00  1.54760430e+00  7.31e-05 4.23e-09  6.66e-10  4475s
  86   1.54737452e+00  1.54760450e+00  7.26e-05 4.11e-09  6.61e-10  4498s
  87   1.54737918e+00  1.54760581e+00  7.12e-05 4.42e-09  6.37e-10  4522s
  88   1.54748544e+00  1.54760662e+00  3.87e-05 5.16e-09  3.82e-10  4540s
  89   1.54748736e+00  1.54760787e+00  3.82e-05 4.83e-09  3.69e-10  4559s
  90   1.54748741e+00  1.54760915e+00  3.82e-05 4.25e-09  3.60e-10  4577s
  91   1.54749201e+00  1.54760969e+00  3.68e-05 3.87e-09  3.44e-10  4600s
  92   1.54749308e+00  1.54761057e+00  3.65e-05 3.02e-09  3.34e-10  4630s
  93   1.54749650e+00  1.54761087e+00  3.54e-05 2.79e-09  3.22e-10  4651s
  94   1.54750027e+00  1.54761097e+00  3.43e-05 3.25e-09  3.12e-10  4674s
  95   1.54750241e+00  1.54761106e+00  3.36e-05 3.17e-09  3.05e-10  4695s
  96   1.54750313e+00  1.54761113e+00  3.34e-05 3.13e-09  3.03e-10  4719s
  97   1.54750359e+00  1.54761143e+00  3.33e-05 3.45e-09  2.98e-10  4740s
  98   1.54750398e+00  1.54761160e+00  3.31e-05 4.44e-09  2.95e-10  4765s
  99   1.54758202e+00  1.54761213e+00  9.41e-06 3.88e-09  1.00e-10  4792s
 100   1.54758342e+00  1.54761265e+00  8.99e-06 2.57e-09  8.75e-11  4813s
 101   1.54758531e+00  1.54761262e+00  8.40e-06 6.40e-09  8.10e-11  4835s
 102   1.54758537e+00  1.54761267e+00  8.39e-06 3.78e-09  7.90e-11  4863s
 103   1.54758537e+00  1.54761267e+00  8.39e-06 3.84e-09  7.89e-11  4884s
 104   1.54758540e+00  1.54761359e+00  8.38e-06 4.93e-09  7.95e-11  4910s
 105   1.54758554e+00  1.54761346e+00  8.33e-06 4.41e-09  7.79e-11  4938s
 106   1.54758893e+00  1.54761313e+00  7.27e-06 3.04e-09  6.64e-11  4960s
 107   1.54758916e+00  1.54761302e+00  7.20e-06 2.63e-09  6.46e-11  4991s
 108   1.54758949e+00  1.54761288e+00  7.10e-06 5.76e-09  6.25e-11  5027s
 109   1.54759179e+00  1.54761281e+00  6.38e-06 4.54e-09  5.61e-11  5048s
 110   1.54759322e+00  1.54761265e+00  5.93e-06 3.34e-09  5.14e-11  5078s
 111   1.54759323e+00  1.54761254e+00  5.93e-06 2.16e-09  5.07e-11  5111s
 112   1.54759966e+00  1.54761244e+00  3.91e-06 2.02e-08  3.39e-11  5136s
 113   1.54759966e+00  1.54761244e+00  3.91e-06 2.05e-08  3.38e-11  5170s
 114   1.54760732e+00  1.54761253e+00  1.29e-04 1.80e-08  1.81e-11  5207s
 115   1.54760739e+00  1.54761234e+00  1.27e-04 4.47e-10  1.69e-11  5248s
 116   1.54761089e+00  1.54761220e+00  3.11e-05 2.43e-10  4.59e-12  5314s
 117   1.54761092e+00  1.54761207e+00  3.02e-05 3.53e-09  4.02e-12  5344s
 118   1.54761123e+00  1.54761204e+00  2.17e-05 1.48e-09  2.84e-12  5367s
 119   1.54761124e+00  1.54761204e+00  2.13e-05 2.00e-09  2.77e-12  5420s
 120   1.54761197e+00  1.54761262e+00  9.88e-06 6.70e-07  1.29e-12  5441s
 121   1.54761197e+00  1.54761260e+00  9.05e-06 6.44e-07  1.18e-12  5468s
 122   1.54761197e+00  1.54761256e+00  6.60e-06 6.05e-07  8.82e-13  5494s
 123   1.54761197e+00  1.54761254e+00  6.42e-06 5.85e-07  8.59e-13  5513s
 124   1.54761196e+00  1.54761252e+00  6.16e-06 5.72e-07  8.26e-13  5535s
 125   1.54761197e+00  1.54761243e+00  5.37e-06 4.66e-07  7.18e-13  5561s
 126   1.54761198e+00  1.54761221e+00  4.38e-06 2.21e-07  5.72e-13  5593s
 127   1.54761198e+00  1.54761218e+00  3.10e-06 1.87e-07  4.10e-13  5619s
 128   1.54761198e+00  1.54761214e+00  2.57e-06 1.49e-07  3.38e-13  5642s
 129   1.54761199e+00  1.54761213e+00  2.21e-06 1.31e-07  2.92e-13  5670s
 130   1.54761199e+00  1.54761206e+00  1.74e-06 6.37e-08  2.25e-13  5695s
 131   1.54761199e+00  1.54761204e+00  1.64e-06 3.93e-08  2.10e-13  5733s
 132   1.54761200e+00  1.54761201e+00  3.89e-07 9.43e-09  4.98e-14  5760s

Barrier solved model in 132 iterations and 5759.82 seconds (3525.34 work units)
Optimal objective 1.54761200e+00

