Set parameter Username
Academic license - for non-commercial use only - expires 2027-02-09
Set parameter Threads to value 4
Set parameter Method to value 2
Set parameter BarOrder to value 1
Set parameter BarHomogeneous to value 1
Set parameter NumericFocus to value 2
Set parameter Crossover to value 0
Gurobi Optimizer version 9.5.1 build v9.5.1rc2 (linux64)
Thread count: 32 physical cores, 64 logical processors, using up to 4 threads
Optimize a model with 346884 rows, 32000 columns and 2647057 nonzeros
Model fingerprint: 0xa5394543
Coefficient statistics:
  Matrix range     [2e-04, 3e+00]
  Objective range  [1e+00, 1e+00]
  Bounds range     [0e+00, 0e+00]
  RHS range        [7e-04, 1e+00]
Presolve removed 26273 rows and 158887 columns
Presolve time: 1.51s
Presolved: 5727 rows, 187997 columns, 1342138 nonzeros
Ordering time: 0.05s

Barrier statistics:
 Dense cols : 36
 AA' NZ     : 4.228e+04
 Factor NZ  : 1.271e+05 (roughly 80 MB of memory)
 Factor Ops : 4.705e+06 (less than 1 second per iteration)
 Threads    : 4

                  Objective                Residual
Iter       Primal          Dual         Primal    Dual     Compl     Time
   0   3.47046061e+06  0.00000000e+00  4.30e+07 0.00e+00  1.00e+06     2s
   1   3.15029593e+06  8.21922841e+01  3.90e+07 8.02e+02  9.12e+05     2s
   2   2.89979450e+06  6.91941959e+01  3.58e+07 7.26e+02  8.35e+05     2s
   3   2.67522426e+06  3.38837038e+01  3.31e+07 6.62e+02  7.58e+05     2s
   4   2.05455097e+06  3.15530743e+01  2.54e+07 6.08e+02  6.00e+05     3s
   5   1.94148702e+06  2.42064031e+01  2.40e+07 5.56e+02  5.59e+05     3s
   6   1.55704249e+06  1.86067156e+01  1.92e+07 4.83e+02  4.54e+05     3s
   7   1.42199052e+06  2.22453869e+01  1.75e+07 4.69e+02  4.23e+05     3s
   8   1.22924428e+06  2.37302574e+01  1.52e+07 4.00e+02  3.67e+05     3s
   9   1.07341705e+06  2.97062585e+01  1.32e+07 3.80e+02  3.30e+05     4s
  10   9.80849527e+05  8.25870362e+00  1.21e+07 3.37e+02  2.92e+05     4s
  11   9.24502776e+05  4.79609916e+00  1.14e+07 3.13e+02  2.67e+05     4s
  12   8.07785553e+05  2.32268662e+00  9.88e+06 2.75e+02  2.24e+05     4s
  13   6.69750792e+05  2.88928068e+00  8.14e+06 2.48e+02  1.83e+05     5s
  14   5.62810011e+05  2.09587666e+00  6.83e+06 2.08e+02  1.48e+05     5s
  15   5.02771279e+05  1.32534991e+00  6.09e+06 1.78e+02  1.25e+05     5s
  16   4.35264066e+05  8.24556644e-01  5.25e+06 1.48e+02  1.01e+05     5s
  17   3.01697567e+05  1.22043322e-01  3.58e+06 1.25e+02  6.49e+04     5s
  18   2.36723139e+05 -7.38667772e-02  2.79e+06 8.95e+01  3.80e+04     6s
  19   1.73978176e+05 -1.54290618e-01  2.03e+06 5.95e+01  2.05e+04     6s
  20   7.75742101e+04 -1.45872606e-01  8.97e+05 4.98e+01  8.23e+03     6s
  21   3.82192643e+04 -1.43318198e-01  4.33e+05 2.40e+01  2.07e+03     6s
  22   4.36967280e+03 -7.14709924e-02  5.12e+04 1.19e+01  1.23e+02     7s
  23   9.41423057e+02 -3.50118195e-03  1.07e+04 2.34e+00  5.76e+00     7s
  24   1.24021441e+02  6.05195849e-03  1.43e+03 2.24e-01  1.35e-01     7s
  25   7.89723236e+01  5.69632657e-03  9.09e+02 1.26e-01  6.80e-02     7s
  26   4.89453762e+01  5.95079788e-03  5.62e+02 7.15e-02  3.51e-02     8s
  27   3.24736047e+01  6.29052538e-03  3.72e+02 3.66e-02  1.96e-02     8s
  28   2.65920946e+01  8.86402790e-03  3.05e+02 2.16e-02  1.43e-02     8s
  29   2.43091260e+01  1.59475672e-02  2.78e+02 1.87e-02  1.27e-02     8s
  30   1.79976365e+01  7.99762075e-02  2.06e+02 9.94e-03  8.31e-03     8s
  31   1.39676934e+01  6.48251167e-01  1.56e+02 4.13e-03  3.95e-03     8s
  32   1.22844490e+01  8.08214869e-01  1.36e+02 2.52e-03  2.88e-03     9s
  33   8.70391257e+00  1.06486765e+00  9.13e+01 1.01e-03  1.45e-03     9s
  34   4.65153056e+00  1.33463213e+00  3.94e+01 3.92e-04  4.54e-04     9s
  35   2.85893019e+00  1.40442546e+00  1.54e+01 2.85e-04  1.87e-04     9s
  36   2.22866377e+00  1.52587217e+00  7.09e+00 1.54e-04  7.37e-05     9s
  37   2.10542350e+00  1.59820567e+00  5.50e+00 8.20e-05  4.20e-05    10s
  38   1.98902724e+00  1.60028494e+00  4.03e+00 7.95e-05  3.34e-05    10s
  39   1.91029120e+00  1.62338819e+00  3.07e+00 4.80e-05  2.20e-05    10s
  40   1.81523397e+00  1.62986043e+00  1.91e+00 2.98e-05  1.44e-05    10s
  41   1.76660199e+00  1.63734667e+00  1.34e+00 1.75e-05  9.45e-06    10s
  42   1.75082553e+00  1.64045965e+00  1.17e+00 1.33e-05  7.77e-06    11s
  43   1.73955464e+00  1.64060786e+00  1.03e+00 1.32e-05  7.12e-06    11s
  44   1.72161843e+00  1.64387547e+00  8.27e-01 7.08e-06  5.27e-06    11s
  45   1.70665942e+00  1.64680882e+00  6.53e-01 3.90e-06  3.75e-06    11s
  46   1.68865099e+00  1.64868506e+00  4.38e-01 2.13e-06  2.40e-06    12s
  47   1.67072535e+00  1.64925121e+00  2.31e-01 9.06e-07  1.32e-06    12s
  48   1.66126571e+00  1.64953955e+00  1.27e-01 3.90e-07  7.07e-07    12s
  49   1.65718294e+00  1.64963111e+00  8.04e-02 3.07e-07  4.64e-07    12s
  50   1.65604079e+00  1.64986465e+00  6.72e-02 1.82e-07  3.57e-07    13s
  51   1.65346891e+00  1.64997685e+00  3.79e-02 1.11e-07  2.00e-07    13s
  52   1.65228430e+00  1.65004752e+00  2.43e-02 6.10e-08  1.26e-07    13s
  53   1.65115294e+00  1.65008045e+00  1.16e-02 3.59e-08  6.12e-08    13s
  54   1.65078511e+00  1.65009795e+00  7.46e-03 1.88e-08  3.87e-08    13s
  55   1.65058376e+00  1.65010323e+00  5.23e-03 9.09e-09  2.69e-08    14s
  56   1.65041614e+00  1.65010654e+00  3.38e-03 4.05e-09  1.72e-08    14s
  57   1.65029328e+00  1.65010753e+00  2.03e-03 2.50e-09  1.03e-08    15s
  58   1.65025841e+00  1.65010819e+00  1.64e-03 1.41e-09  8.32e-09    15s
  59   1.65022378e+00  1.65010853e+00  1.26e-03 8.57e-10  6.37e-09    15s
  60   1.65018283e+00  1.65010873e+00  8.11e-04 5.30e-10  4.09e-09    16s
  61   1.65017592e+00  1.65010885e+00  7.35e-04 3.31e-10  3.72e-09    16s
  62   1.65017386e+00  1.65010895e+00  7.12e-04 1.83e-10  3.59e-09    17s
  63   1.65014543e+00  1.65010903e+00  3.99e-04 9.43e-11  2.03e-09    17s
  64   1.65014065e+00  1.65010908e+00  3.47e-04 4.94e-11  1.76e-09    17s
  65   1.65012496e+00  1.65010911e+00  1.74e-04 2.46e-11  8.83e-10    18s
  66   1.65011805e+00  1.65010912e+00  9.81e-05 1.24e-11  4.97e-10    18s
  67   1.65011360e+00  1.65010913e+00  4.91e-05 6.25e-12  2.49e-10    19s
  68   1.65011137e+00  1.65010913e+00  2.46e-05 3.16e-12  1.25e-10    19s
  69   1.65011025e+00  1.65010913e+00  1.23e-05 1.61e-12  6.24e-11    19s
  70   1.65010969e+00  1.65010914e+00  6.13e-06 8.33e-13  3.12e-11    20s
  71   1.65010942e+00  1.65010914e+00  3.06e-06 4.33e-13  1.56e-11    20s
  72   1.65010941e+00  1.65010914e+00  3.06e-06 2.35e-13  1.56e-11    20s
  73   1.65010928e+00  1.65010914e+00  1.53e-06 1.54e-13  7.78e-12    21s
  74   1.65010921e+00  1.65010914e+00  7.66e-07 1.29e-13  3.89e-12    21s
  75   1.65010919e+00  1.65010914e+00  6.06e-07 1.54e-13  3.08e-12    21s
  76   1.65010918e+00  1.65010914e+00  5.18e-07 1.17e-13  2.63e-12    22s
  77   1.65010918e+00  1.65010914e+00  5.14e-07 1.23e-13  2.60e-12    22s
  78   1.65010917e+00  1.65010914e+00  3.47e-07 1.23e-13  1.76e-12    22s
  79   1.65010916e+00  1.65010914e+00  2.62e-07 1.48e-13  1.33e-12    22s

Barrier solved model in 79 iterations and 22.48 seconds (21.02 work units)
Optimal objective 1.65010916e+00

