Set parameter Username
Academic license - for non-commercial use only - expires 2027-02-09
Set parameter Threads to value 4
Set parameter Method to value 2
Set parameter BarOrder to value 1
Set parameter BarHomogeneous to value 1
Set parameter NumericFocus to value 2
Set parameter Crossover to value 0
Gurobi Optimizer version 9.5.1 build v9.5.1rc2 (linux64)
Thread count: 32 physical cores, 64 logical processors, using up to 4 threads
Optimize a model with 17193739 rows, 26330292 columns and 111948025 nonzeros
Model fingerprint: 0xdbc88096
Coefficient statistics:
  Matrix range     [2e-04, 3e+00]
  Objective range  [1e+00, 1e+00]
  Bounds range     [0e+00, 0e+00]
  RHS range        [7e-04, 1e+00]
Presolve removed 0 rows and 0 columns (presolve time = 9s) ...
Presolve removed 5725214 rows and 21680538 columns (presolve time = 12s) ...
Presolve removed 5725214 rows and 22073992 columns (presolve time = 18s) ...
Presolve removed 5725214 rows and 22074083 columns (presolve time = 20s) ...
Presolve removed 5725214 rows and 22074083 columns (presolve time = 28s) ...
Presolve removed 5731131 rows and 22080000 columns (presolve time = 34s) ...
Presolve removed 5733495 rows and 22082364 columns (presolve time = 67s) ...
Presolve removed 5750057 rows and 22082365 columns (presolve time = 71s) ...
Presolve removed 5750057 rows and 22082365 columns (presolve time = 75s) ...
Presolve removed 5750057 rows and 22082365 columns (presolve time = 81s) ...
Presolve removed 5750057 rows and 22082365 columns
Presolve time: 82.82s
Presolved: 11443682 rows, 4247927 columns, 79286371 nonzeros
Elapsed ordering time = 6s
Elapsed ordering time = 10s
Ordering time: 13.16s

Barrier statistics:
 Dense cols : 395
 AA' NZ     : 2.553e+08
 Factor NZ  : 3.934e+08 (roughly 7.0 GB of memory)
 Factor Ops : 3.694e+10 (roughly 1 second per iteration)
 Threads    : 4

                  Objective                Residual
Iter       Primal          Dual         Primal    Dual     Compl     Time
   0   3.20389744e+00  3.12500000e+01  1.97e+08 6.25e-02  1.00e+06  7275s
   1   2.77126057e+00  1.73021348e+06  1.76e+08 6.81e+02  8.89e+05  7297s
   2   2.66981286e+00  4.65271451e+06  1.37e+08 3.64e+02  5.94e+05  7325s
   3   3.19968460e+01  7.15985742e+06  8.79e+07 2.44e+02  3.78e+05  7360s
   4   1.03384784e+01  7.58066573e+05  1.65e+07 2.60e+01  1.00e+04  7394s
   5   5.42056016e+00  3.50432488e+05  2.75e+06 1.19e+01  1.03e+03  7420s
   6   5.17285054e+00  2.20896877e+05  2.18e+06 7.48e+00  6.17e+02  7446s
   7   4.96825845e+00  1.41551651e+05  1.78e+06 4.78e+00  3.87e+02  7481s
   8   4.55105582e+00  8.61982286e+04  9.92e+05 2.91e+00  1.72e+02  7518s
   9   4.41293061e+00  5.31766514e+04  7.29e+05 1.79e+00  1.03e+02  7569s
  10   4.31206409e+00  3.97461962e+04  5.50e+05 1.34e+00  7.14e+01  7622s
  11   4.37337938e+00  3.48459417e+04  5.17e+05 1.20e+00  7.79e+01  7674s
  12   4.93154760e+00  4.26618893e+04  6.40e+05 1.50e+00  1.43e+02  7726s
  13   3.69830037e+00  3.73794648e+04  4.22e+05 1.33e+00  9.60e+01  7777s
  14   3.10027151e+00  2.41372454e+04  3.15e+05 8.74e-01  6.36e+01  7827s
  15   2.74782524e+00  1.61872365e+04  2.29e+05 5.86e-01  4.18e+01  7877s
  16   2.71803955e+00  9.97162400e+03  1.66e+05 3.60e-01  2.73e+01  7928s
  17   2.70092164e+00  4.38994568e+03  1.21e+05 1.58e-01  1.70e+01  7981s
  18   2.73687659e+00  2.21801596e+03  8.61e+04 7.97e-02  1.13e+01  8033s
  19   2.76770042e+00  1.10633731e+03  5.30e+04 3.97e-02  6.54e+00  8079s
  20   2.81020856e+00  6.26719926e+02  3.55e+04 2.24e-02  4.24e+00  8115s
  21   2.83502827e+00  3.48755251e+02  2.69e+04 1.24e-02  3.08e+00  8144s
  22   2.94796444e+00  2.23101533e+02  1.91e+04 7.95e-03  2.14e+00  8173s
  23   3.03205148e+00  1.57084397e+02  1.22e+04 5.54e-03  1.29e+00  8202s
  24   2.98618142e+00  1.01352348e+02  7.87e+03 3.49e-03  7.12e-01  8232s
  25   2.96026102e+00  6.61829951e+01  7.02e+03 2.21e-03  5.14e-01  8261s
  26   2.87671691e+00  4.45690001e+01  3.52e+03 1.43e-03  2.03e-01  8290s
  27   2.60846727e+00  2.39178946e+01  1.25e+03 7.17e-04  4.52e-02  8327s
  28   2.43243155e+00  1.37882741e+01  6.95e+02 3.83e-04  1.65e-02  8382s
  29   2.12583748e+00  8.46190848e+00  4.46e+02 2.15e-04  7.84e-03  8452s
  30   2.07648508e+00  6.21115405e+00  3.95e+02 1.44e-04  5.52e-03  8505s
  31   1.74677241e+00  4.08033279e+00  1.20e+02 7.82e-05  1.25e-03  8570s
  32   1.67055562e+00  3.05709286e+00  5.51e+01 4.49e-05  4.70e-04  8635s
  33   1.63183321e+00  2.52881288e+00  1.80e+01 2.84e-05  1.42e-04  8693s
  34   1.59924408e+00  2.29635083e+00  7.83e+00 2.14e-05  6.67e-05  8750s
  35   1.57458007e+00  2.15587728e+00  4.24e+00 1.74e-05  4.10e-05  8799s
  36   1.55957967e+00  2.08020788e+00  3.18e+00 1.53e-05  3.31e-05  8840s
  37   1.53541405e+00  2.02285452e+00  2.15e+00 1.38e-05  2.67e-05  8871s
  38   1.52389374e+00  1.97791282e+00  1.69e+00 1.26e-05  2.33e-05  8902s
  39   1.51366480e+00  1.94396728e+00  1.37e+00 1.18e-05  2.09e-05  8934s
  40   1.50124429e+00  1.88625482e+00  1.03e+00 1.04e-05  1.77e-05  8968s
  41   1.48516164e+00  1.73135197e+00  6.40e-01 6.66e-06  1.10e-05  9012s
  42   1.48167685e+00  1.66587106e+00  4.70e-01 5.06e-06  7.96e-06  9108s
  43   1.48494127e+00  1.65990528e+00  3.77e-01 4.90e-06  7.35e-06  9213s
  44   1.49292952e+00  1.60739674e+00  2.44e-01 3.21e-06  4.56e-06  9380s
  45   1.49967191e+00  1.58957319e+00  2.08e-01 2.54e-06  3.54e-06  9538s
  46   1.50380188e+00  1.58378549e+00  1.85e-01 2.26e-06  3.11e-06  9681s
  47   1.51039419e+00  1.57955825e+00  1.59e-01 1.99e-06  2.69e-06  9858s
  48   1.51585621e+00  1.57758377e+00  1.42e-01 1.77e-06  2.36e-06  10014s
  49   1.52333975e+00  1.57706630e+00  1.24e-01 1.60e-06  2.10e-06  10178s
  50   1.52726398e+00  1.57731536e+00  1.15e-01 1.47e-06  1.92e-06  10351s
  51   1.52857297e+00  1.57805928e+00  1.11e-01 1.42e-06  1.83e-06  10547s
  52   1.53601357e+00  1.58144708e+00  1.02e-01 1.19e-06  1.55e-06  10755s
  53   1.53967077e+00  1.58299123e+00  9.79e-02 1.12e-06  1.46e-06  10898s
  54   1.54549454e+00  1.58470015e+00  9.09e-02 1.06e-06  1.37e-06  11064s
  55   1.54885503e+00  1.58589324e+00  8.69e-02 1.02e-06  1.31e-06  11280s
  56   1.55363743e+00  1.59677134e+00  8.26e-02 7.17e-07  1.00e-06  11547s
  57   1.55374346e+00  1.59736486e+00  8.25e-02 7.35e-07  9.86e-07  11613s
  58   1.55572124e+00  1.59817499e+00  8.03e-02 7.00e-07  9.59e-07  11694s
  59   1.56017783e+00  1.60147194e+00  7.54e-02 6.57e-07  8.78e-07  11794s
  60   1.56361497e+00  1.60252901e+00  7.19e-02 6.29e-07  8.45e-07  11878s
  61   1.56525035e+00  1.60365089e+00  7.02e-02 6.16e-07  8.18e-07  11966s
  62   1.56777375e+00  1.60541264e+00  6.75e-02 5.96e-07  7.72e-07  12049s
  63   1.56791187e+00  1.60614186e+00  6.73e-02 5.76e-07  7.59e-07  12104s
  64   1.56951076e+00  1.60677943e+00  6.61e-02 5.82e-07  7.47e-07  12175s
  65   1.57248816e+00  1.61009734e+00  6.32e-02 5.64e-07  6.90e-07  12324s
  66   1.57343806e+00  1.61175306e+00  6.24e-02 5.28e-07  6.64e-07  12389s
  67   1.57762447e+00  1.61216958e+00  5.84e-02 5.20e-07  6.39e-07  12491s
  68   1.58131487e+00  1.61490461e+00  5.54e-02 4.57e-07  5.98e-07  12564s
  69   1.58131515e+00  1.61490534e+00  5.54e-02 4.57e-07  5.98e-07  12614s
  70   1.58404862e+00  1.61781895e+00  5.28e-02 4.57e-07  5.55e-07  12699s
  71   1.58586490e+00  1.61818179e+00  5.11e-02 4.50e-07  5.09e-07  12761s
  72   1.58661417e+00  1.61962718e+00  5.05e-02 4.34e-07  4.95e-07  12831s
  73   1.58800967e+00  1.62021257e+00  4.92e-02 4.16e-07  4.85e-07  12896s
  74   1.59008361e+00  1.62136989e+00  4.71e-02 3.97e-07  4.63e-07  12964s
  75   1.59400551e+00  1.62192937e+00  4.35e-02 3.84e-07  4.42e-07  13051s
  76   1.59567600e+00  1.62304245e+00  4.20e-02 3.43e-07  4.25e-07  13136s
  77   1.59634930e+00  1.62381611e+00  4.11e-02 3.24e-07  4.10e-07  13218s
  78   1.59862571e+00  1.62430286e+00  3.89e-02 3.16e-07  3.97e-07  13317s
  79   1.60049469e+00  1.62625506e+00  3.73e-02 2.84e-07  3.71e-07  13422s
  80   1.60159423e+00  1.62672801e+00  3.63e-02 2.89e-07  3.61e-07  13501s
  81   1.60346045e+00  1.62849427e+00  3.46e-02 2.55e-07  3.38e-07  13597s
  82   1.60357740e+00  1.62865081e+00  3.45e-02 2.51e-07  3.35e-07  13676s
  83   1.60638206e+00  1.62898158e+00  3.18e-02 2.48e-07  3.20e-07  13807s
  84   1.60698400e+00  1.62902958e+00  3.13e-02 2.47e-07  3.16e-07  13910s
  85   1.61007705e+00  1.62952250e+00  2.78e-02 2.37e-07  2.94e-07  14086s
  86   1.61164756e+00  1.63030501e+00  2.62e-02 2.26e-07  2.78e-07  14204s
  87   1.61292308e+00  1.63068560e+00  2.52e-02 2.21e-07  2.70e-07  14321s
  88   1.61360195e+00  1.63084373e+00  2.46e-02 2.19e-07  2.67e-07  14372s
  89   1.61384282e+00  1.63142173e+00  2.44e-02 2.12e-07  2.59e-07  14487s
  90   1.61429974e+00  1.63191792e+00  2.40e-02 2.08e-07  2.52e-07  14598s
  91   1.61446054e+00  1.63267805e+00  2.39e-02 1.96e-07  2.43e-07  14694s
  92   1.61634565e+00  1.63299487e+00  2.24e-02 1.92e-07  2.33e-07  14772s
  93   1.61760431e+00  1.63353069e+00  2.14e-02 1.77e-07  2.23e-07  14842s
  94   1.61817553e+00  1.63387427e+00  2.10e-02 1.73e-07  2.17e-07  14959s
  95   1.61955687e+00  1.63438779e+00  1.98e-02 1.64e-07  2.07e-07  15035s
  96   1.62046543e+00  1.63486177e+00  1.91e-02 1.58e-07  1.99e-07  15169s
  97   1.62220652e+00  1.63546588e+00  1.78e-02 1.56e-07  1.87e-07  15231s
  98   1.62383860e+00  1.63589736e+00  1.64e-02 1.48e-07  1.76e-07  15331s
  99   1.62383901e+00  1.63587738e+00  1.64e-02 1.48e-07  1.75e-07  15409s
 100   1.62435807e+00  1.63626406e+00  1.60e-02 1.42e-07  1.70e-07  15507s
 101   1.62436489e+00  1.63629377e+00  1.60e-02 1.42e-07  1.67e-07  15576s
 102   1.62489059e+00  1.63662404e+00  1.57e-02 1.39e-07  1.65e-07  15622s
 103   1.62492064e+00  1.63717648e+00  1.57e-02 1.33e-07  1.59e-07  15721s
 104   1.62579663e+00  1.63745017e+00  1.50e-02 1.35e-07  1.54e-07  15810s
 105   1.62902408e+00  1.63785721e+00  1.29e-02 1.28e-07  1.40e-07  15904s
 106   1.62938634e+00  1.63829903e+00  1.26e-02 1.30e-07  1.34e-07  15962s
 107   1.62957691e+00  1.63879135e+00  1.25e-02 1.22e-07  1.30e-07  16064s
 108   1.62962693e+00  1.63898294e+00  1.24e-02 1.24e-07  1.28e-07  16129s
 109   1.62972613e+00  1.63957524e+00  1.23e-02 1.18e-07  1.22e-07  16214s
 110   1.62973788e+00  1.63965608e+00  1.23e-02 1.21e-07  1.21e-07  16293s
 111   1.62976822e+00  1.63975675e+00  1.23e-02 1.20e-07  1.20e-07  16365s
 112   1.63004559e+00  1.64028248e+00  1.21e-02 1.14e-07  1.16e-07  16439s
 113   1.63010312e+00  1.64085134e+00  1.21e-02 1.12e-07  1.12e-07  16522s
 114   1.63034116e+00  1.64124992e+00  1.19e-02 1.18e-07  1.08e-07  16585s
 115   1.63040579e+00  1.64146083e+00  1.19e-02 1.11e-07  1.06e-07  16671s
 116   1.63069203e+00  1.64181771e+00  1.17e-02 1.07e-07  1.03e-07  16789s
 117   1.63114469e+00  1.64275409e+00  1.14e-02 9.30e-08  9.57e-08  16893s
 118   1.63136175e+00  1.64305259e+00  1.12e-02 8.55e-08  9.28e-08  17019s
 119   1.63156436e+00  1.64335620e+00  1.11e-02 8.21e-08  9.08e-08  17115s
 120   1.63158273e+00  1.64360816e+00  1.11e-02 7.72e-08  8.92e-08  17177s
 121   1.63172694e+00  1.64386954e+00  1.10e-02 7.75e-08  8.73e-08  17329s
 122   1.63233103e+00  1.64410595e+00  1.05e-02 7.68e-08  8.38e-08  17469s
 123   1.63235266e+00  1.64428489e+00  1.05e-02 7.30e-08  8.23e-08  17528s
 124   1.63253872e+00  1.64449429e+00  1.04e-02 6.87e-08  8.07e-08  17637s
 125   1.63254641e+00  1.64469048e+00  1.04e-02 7.03e-08  7.98e-08  17756s
 126   1.63266190e+00  1.64503083e+00  1.03e-02 6.35e-08  7.72e-08  17948s
 127   1.63283036e+00  1.64529964e+00  1.02e-02 5.72e-08  7.56e-08  18070s
 128   1.63289176e+00  1.64569791e+00  1.01e-02 5.00e-08  7.32e-08  18160s
 129   1.63296325e+00  1.64590389e+00  1.01e-02 4.66e-08  7.18e-08  18246s
 130   1.63296592e+00  1.64593034e+00  1.01e-02 4.60e-08  7.16e-08  18323s
 131   1.63297297e+00  1.64595892e+00  1.01e-02 4.59e-08  7.14e-08  18381s
 132   1.63325148e+00  1.64626495e+00  9.90e-03 4.56e-08  6.88e-08  18544s
 133   1.63325488e+00  1.64626453e+00  9.90e-03 4.13e-08  6.88e-08  18597s
 134   1.63342031e+00  1.64635015e+00  9.79e-03 3.92e-08  6.74e-08  18706s
 135   1.63342545e+00  1.64637822e+00  9.79e-03 3.93e-08  6.72e-08  18763s
 136   1.63343177e+00  1.64641040e+00  9.79e-03 3.73e-08  6.70e-08  18863s
 137   1.63346148e+00  1.64641137e+00  9.77e-03 3.73e-08  6.69e-08  18934s
 138   1.63361051e+00  1.64654467e+00  9.67e-03 3.44e-08  6.55e-08  19070s
 139   1.63363791e+00  1.64659500e+00  9.65e-03 3.29e-08  6.51e-08  19184s
 140   1.63375143e+00  1.64669446e+00  9.57e-03 2.96e-08  6.41e-08  19284s
 141   1.63381146e+00  1.64672366e+00  9.53e-03 3.19e-08  6.37e-08  19370s
 142   1.63394991e+00  1.64682903e+00  9.44e-03 3.16e-08  6.26e-08  19515s
 143   1.63399215e+00  1.64685179e+00  9.42e-03 3.09e-08  6.23e-08  19631s
 144   1.63399666e+00  1.64685285e+00  9.41e-03 3.08e-08  6.22e-08  19675s
 145   1.63404089e+00  1.64689672e+00  9.38e-03 3.01e-08  6.18e-08  19823s
 146   1.63405090e+00  1.64691570e+00  9.38e-03 3.09e-08  6.17e-08  19912s
 147   1.63405513e+00  1.64693438e+00  9.37e-03 3.07e-08  6.15e-08  19966s
 148   1.63409610e+00  1.64696920e+00  9.35e-03 3.01e-08  6.11e-08  20024s
 149   1.63410452e+00  1.64698236e+00  9.34e-03 2.99e-08  6.10e-08  20109s
 150   1.63411890e+00  1.64699501e+00  9.33e-03 3.01e-08  6.09e-08  20177s
 151   1.63411947e+00  1.64700188e+00  9.33e-03 3.44e-08  6.08e-08  20265s
 152   1.63411988e+00  1.64700192e+00  9.33e-03 3.44e-08  6.08e-08  20363s
 153   1.63412668e+00  1.64701186e+00  9.33e-03 3.40e-08  6.07e-08  20413s
 154   1.63425322e+00  1.64714687e+00  9.24e-03 3.02e-08  5.94e-08  20604s
 155   1.63426090e+00  1.64717540e+00  9.24e-03 3.12e-08  5.91e-08  20761s
 156   1.63426094e+00  1.64717546e+00  9.24e-03 3.11e-08  5.91e-08  20810s
 157   1.63426372e+00  1.64718289e+00  9.23e-03 3.09e-08  5.91e-08  20895s
 158   1.63435924e+00  1.64727535e+00  9.17e-03 2.85e-08  5.82e-08  20973s
 159   1.63436176e+00  1.64727538e+00  9.17e-03 2.85e-08  5.82e-08  21043s
 160   1.63438555e+00  1.64734603e+00  9.15e-03 2.79e-08  5.79e-08  21155s
 161   1.63441258e+00  1.64736213e+00  9.14e-03 2.68e-08  5.77e-08  21281s
 162   1.63442095e+00  1.64736665e+00  9.13e-03 2.75e-08  5.76e-08  21370s
 163   1.63442245e+00  1.64736677e+00  9.13e-03 2.78e-08  5.76e-08  21430s
 164   1.63442639e+00  1.64737448e+00  9.13e-03 2.77e-08  5.76e-08  21526s
 165   1.63443086e+00  1.64738370e+00  9.12e-03 2.75e-08  5.75e-08  21590s
 166   1.63446128e+00  1.64740779e+00  9.11e-03 2.56e-08  5.73e-08  21665s
 167   1.63449955e+00  1.64741917e+00  9.08e-03 2.52e-08  5.71e-08  21792s
 168   1.63450408e+00  1.64742411e+00  9.08e-03 2.52e-08  5.70e-08  21844s
 169   1.63454693e+00  1.64745299e+00  9.05e-03 2.45e-08  5.67e-08  22009s
 170   1.63455194e+00  1.64745711e+00  9.04e-03 2.34e-08  5.66e-08  22060s
 171   1.63457243e+00  1.64746291e+00  9.03e-03 2.31e-08  5.65e-08  22175s
 172   1.63457642e+00  1.64746716e+00  9.03e-03 2.30e-08  5.65e-08  22225s
 173   1.63461183e+00  1.64748579e+00  9.01e-03 2.46e-08  5.62e-08  22313s
 174   1.63462172e+00  1.64749282e+00  9.00e-03 2.39e-08  5.61e-08  22398s
 175   1.63463437e+00  1.64750311e+00  8.99e-03 2.34e-08  5.61e-08  22480s
 176   1.63472680e+00  1.64755335e+00  8.93e-03 2.23e-08  5.56e-08  22572s
 177   1.63477910e+00  1.64756317e+00  8.89e-03 2.16e-08  5.53e-08  22660s
 178   1.63478045e+00  1.64756440e+00  8.89e-03 2.12e-08  5.53e-08  22704s
 179   1.63483717e+00  1.64757221e+00  8.86e-03 2.14e-08  5.50e-08  22784s
 180   1.63496228e+00  1.64759211e+00  8.77e-03 2.25e-08  5.44e-08  22834s
 181   1.63497575e+00  1.64759911e+00  8.76e-03 2.23e-08  5.43e-08  22921s
 182   1.63499708e+00  1.64760544e+00  8.75e-03 2.30e-08  5.42e-08  23040s
 183   1.63500627e+00  1.64761345e+00  8.74e-03 2.26e-08  5.41e-08  23135s
 184   1.63500936e+00  1.64761382e+00  8.74e-03 2.27e-08  5.40e-08  23214s
 185   1.63502489e+00  1.64761531e+00  8.73e-03 2.27e-08  5.40e-08  23280s
 186   1.63503927e+00  1.64761886e+00  8.72e-03 2.21e-08  5.39e-08  23387s
 187   1.63503927e+00  1.64761885e+00  8.72e-03 2.21e-08  5.39e-08  23489s
 188   1.63507446e+00  1.64764773e+00  8.70e-03 2.19e-08  5.37e-08  23577s
 189   1.63508160e+00  1.64764897e+00  8.69e-03 2.13e-08  5.36e-08  23646s
 190   1.63508500e+00  1.64765091e+00  8.69e-03 2.15e-08  5.36e-08  23696s
 191   1.63508526e+00  1.64765090e+00  8.69e-03 2.15e-08  5.36e-08  23751s
 192   1.63512305e+00  1.64775118e+00  8.67e-03 1.77e-08  5.28e-08  23852s
 193   1.63565972e+00  1.64776313e+00  8.31e-03 1.87e-08  5.07e-08  23944s
 194   1.63566437e+00  1.64776443e+00  8.31e-03 1.90e-08  5.06e-08  24070s
 195   1.63566441e+00  1.64776443e+00  8.31e-03 1.90e-08  5.06e-08  24145s
 196   1.63566631e+00  1.64776439e+00  8.30e-03 1.88e-08  5.06e-08  24203s
 197   1.63566731e+00  1.64776447e+00  8.30e-03 1.91e-08  5.06e-08  24289s
 198   1.63573168e+00  1.64777600e+00  8.26e-03 1.96e-08  5.04e-08  24347s
 199   1.63573177e+00  1.64777629e+00  8.26e-03 1.94e-08  5.03e-08  24465s
 200   1.63575845e+00  1.64778215e+00  8.24e-03 1.95e-08  5.02e-08  24525s
 201   1.63577547e+00  1.64778482e+00  8.23e-03 1.99e-08  5.02e-08  24569s
 202   1.63577706e+00  1.64778499e+00  8.23e-03 1.98e-08  5.01e-08  24631s
 203   1.63577923e+00  1.64778525e+00  8.23e-03 2.00e-08  5.01e-08  24704s
 204   1.63577946e+00  1.64778500e+00  8.23e-03 1.99e-08  5.01e-08  24780s
 205   1.63578456e+00  1.64778478e+00  8.23e-03 1.98e-08  5.01e-08  24839s
 206   1.63578471e+00  1.64778487e+00  8.23e-03 1.98e-08  5.01e-08  24891s
 207   1.63580621e+00  1.64778719e+00  8.21e-03 1.93e-08  5.00e-08  24957s
 208   1.63590450e+00  1.64778913e+00  8.15e-03 1.92e-08  4.96e-08  25019s
 209   1.63593416e+00  1.64779059e+00  8.13e-03 1.92e-08  4.95e-08  25065s
 210   1.63597632e+00  1.64779202e+00  8.10e-03 1.87e-08  4.93e-08  25161s
 211   1.63596939e+00  1.64779296e+00  8.10e-03 1.89e-08  4.94e-08  25205s
 212   1.63597107e+00  1.64780232e+00  8.10e-03 2.06e-08  4.93e-08  25270s
 213   1.63598737e+00  1.64780416e+00  8.09e-03 2.06e-08  4.93e-08  25388s
 214   1.63599507e+00  1.64781283e+00  8.09e-03 3.53e-08  4.93e-08  25451s
 215   1.63599515e+00  1.64781294e+00  8.09e-03 3.53e-08  4.93e-08  25571s
 216   1.63601446e+00  1.64781556e+00  8.07e-03 3.57e-08  4.92e-08  25660s
 217   1.63601439e+00  1.64781465e+00  8.07e-03 3.55e-08  4.92e-08  25712s
 218   1.63601841e+00  1.64781664e+00  8.07e-03 4.02e-08  4.92e-08  25778s
 219   1.63602371e+00  1.64781743e+00  8.07e-03 4.08e-08  4.92e-08  25853s
 220   1.63614855e+00  1.64784361e+00  7.99e-03 3.64e-08  4.85e-08  25956s
 221   1.63614892e+00  1.64784470e+00  7.99e-03 2.86e-08  4.85e-08  26024s
 222   1.63618527e+00  1.64785022e+00  7.96e-03 2.90e-08  4.84e-08  26108s
 223   1.63627784e+00  1.64785101e+00  7.90e-03 3.01e-08  4.80e-08  26202s
 224   1.63647430e+00  1.64785260e+00  7.77e-03 3.31e-08  4.73e-08  26257s
 225   1.63666063e+00  1.64784991e+00  7.64e-03 2.73e-08  4.62e-08  26341s
 226   1.63669787e+00  1.64785078e+00  7.61e-03 2.67e-08  4.60e-08  26471s
 227   1.63672189e+00  1.64784982e+00  7.60e-03 2.62e-08  4.58e-08  26614s
 228   1.63678321e+00  1.64785260e+00  7.56e-03 2.76e-08  4.57e-08  26677s
 229   1.63678940e+00  1.64785221e+00  7.55e-03 2.67e-08  4.56e-08  26733s
 230   1.63679294e+00  1.64785832e+00  7.55e-03 2.63e-08  4.56e-08  26830s
 231   1.63696339e+00  1.64785819e+00  7.44e-03 3.17e-08  4.50e-08  26898s
 232   1.63700798e+00  1.64785847e+00  7.41e-03 3.19e-08  4.48e-08  26952s
 233   1.63702638e+00  1.64787406e+00  7.39e-03 3.12e-08  4.47e-08  27010s
 234   1.63704195e+00  1.64787399e+00  7.38e-03 3.17e-08  4.46e-08  27082s
 235   1.63731476e+00  1.64789823e+00  7.20e-03 2.75e-08  4.33e-08  27205s
 236   1.64058226e+00  1.64789428e+00  4.98e-03 2.49e-08  3.10e-08  27287s
 237   1.64058511e+00  1.64789428e+00  4.98e-03 2.50e-08  3.10e-08  27343s
 238   1.64058888e+00  1.64789425e+00  4.98e-03 2.49e-08  3.10e-08  27393s
 239   1.64060815e+00  1.64789452e+00  4.97e-03 2.44e-08  3.09e-08  27457s
 240   1.64060953e+00  1.64789564e+00  4.97e-03 2.42e-08  3.09e-08  27531s
 241   1.64060751e+00  1.64789786e+00  4.97e-03 2.46e-08  3.09e-08  27586s
 242   1.64060762e+00  1.64789789e+00  4.97e-03 2.46e-08  3.09e-08  27633s
 243   1.64060864e+00  1.64789838e+00  4.97e-03 2.45e-08  3.09e-08  27699s
 244   1.64061445e+00  1.64789920e+00  4.97e-03 2.42e-08  3.09e-08  27749s
 245   1.64061460e+00  1.64789898e+00  4.97e-03 2.42e-08  3.09e-08  27815s
 246   1.64061531e+00  1.64789764e+00  4.96e-03 2.53e-08  3.09e-08  27869s
 247   1.64062011e+00  1.64789789e+00  4.96e-03 2.50e-08  3.09e-08  27978s
 248   1.64062137e+00  1.64789661e+00  4.96e-03 2.50e-08  3.09e-08  28068s
 249   1.64062174e+00  1.64789793e+00  4.96e-03 2.48e-08  3.09e-08  28130s
 250   1.64062402e+00  1.64790082e+00  4.96e-03 2.48e-08  3.09e-08  28220s
 251   1.64062412e+00  1.64790050e+00  4.96e-03 2.46e-08  3.08e-08  28368s
 252   1.64062875e+00  1.64790093e+00  4.96e-03 2.49e-08  3.08e-08  28452s
 253   1.64063136e+00  1.64790135e+00  4.95e-03 2.47e-08  3.08e-08  28541s
 254   1.64063208e+00  1.64790136e+00  4.95e-03 2.47e-08  3.08e-08  28613s
 255   1.64063398e+00  1.64790105e+00  4.95e-03 2.47e-08  3.08e-08  28668s
 256   1.64063463e+00  1.64790084e+00  4.95e-03 2.47e-08  3.08e-08  28753s

Barrier performed 256 iterations in 28753.37 seconds (16363.33 work units)
Sub-optimal termination - objective 1.64063463e+00

