Set parameter Username
Academic license - for non-commercial use only - expires 2027-02-09
Set parameter Threads to value 4
Set parameter Method to value 2
Set parameter BarOrder to value 1
Set parameter BarHomogeneous to value 1
Set parameter NumericFocus to value 2
Set parameter Crossover to value 0
Gurobi Optimizer version 9.5.1 build v9.5.1rc2 (linux64)
Thread count: 32 physical cores, 64 logical processors, using up to 4 threads
Optimize a model with 5384099 rows, 5673232 columns and 32896265 nonzeros
Model fingerprint: 0xe593d079
Coefficient statistics:
  Matrix range     [2e-04, 3e+00]
  Objective range  [1e+00, 1e+00]
  Bounds range     [0e+00, 0e+00]
  RHS range        [7e-04, 1e+00]
Presolve removed 1754014 rows and 4619447 columns (presolve time = 5s) ...
Presolve removed 1754506 rows and 4620000 columns (presolve time = 10s) ...
Presolve removed 1757735 rows and 4623229 columns (presolve time = 19s) ...
Presolve removed 1765177 rows and 4623230 columns (presolve time = 20s) ...
Presolve removed 1765177 rows and 4623230 columns
Presolve time: 23.48s
Presolved: 3618922 rows, 1050002 columns, 24694781 nonzeros
Ordering time: 2.71s

Barrier statistics:
 Dense cols : 265
 AA' NZ     : 5.290e+07
 Factor NZ  : 7.926e+07 (roughly 2.0 GB of memory)
 Factor Ops : 4.846e+09 (less than 1 second per iteration)
 Threads    : 4

                  Objective                Residual
Iter       Primal          Dual         Primal    Dual     Compl     Time
   0   3.14810080e+00  6.25000000e+01  6.05e+07 6.25e-02  1.00e+06  1705s
   1   4.52469202e+00  8.66384094e+05  5.51e+07 6.28e+02  8.77e+05  1711s
   2   5.56490611e+00  2.29098241e+06  4.13e+07 3.27e+02  5.24e+05  1720s
   3   6.25649434e+01  2.29265175e+06  2.36e+07 2.38e+02  3.36e+05  1730s
   4   7.38290375e+00  1.36074092e+05  1.53e+06 1.58e+01  1.67e+03  1740s
   5   5.48395803e+00  6.57341718e+04  5.97e+05 7.54e+00  4.14e+02  1748s
   6   5.11597349e+00  4.53296232e+04  4.33e+05 5.13e+00  2.41e+02  1758s
   7   4.76061025e+00  2.91184634e+04  3.02e+05 3.06e+00  1.33e+02  1769s
   8   4.46446531e+00  1.90035185e+04  1.95e+05 2.02e+00  7.23e+01  1780s
   9   4.35769555e+00  1.33858901e+04  1.56e+05 1.43e+00  5.02e+01  1790s
  10   4.60784965e+00  1.11939129e+04  1.59e+05 1.21e+00  5.22e+01  1803s
  11   4.85954402e+00  1.12029003e+04  1.73e+05 1.22e+00  6.30e+01  1814s
  12   4.66217653e+00  1.10557891e+04  1.66e+05 1.21e+00  6.07e+01  1823s
  13   3.66882571e+00  7.48379047e+03  1.16e+05 8.25e-01  4.09e+01  1834s
  14   3.29634692e+00  5.13659868e+03  8.86e+04 5.68e-01  2.87e+01  1845s
  15   3.32915851e+00  3.77648616e+03  5.75e+04 4.13e-01  1.85e+01  1857s
  16   3.31384091e+00  1.28598962e+03  4.11e+04 1.35e-01  9.45e+00  1867s
  17   3.39374289e+00  6.53302601e+02  2.45e+04 6.70e-02  5.18e+00  1879s
  18   3.44856607e+00  3.21039031e+02  1.80e+04 3.20e-02  3.40e+00  1889s
  19   3.53509568e+00  1.94148807e+02  1.14e+04 1.88e-02  2.09e+00  1896s
  20   3.58894922e+00  1.02155372e+02  8.29e+03 9.39e-03  1.40e+00  1904s
  21   3.76623888e+00  6.36687762e+01  4.81e+03 5.48e-03  7.87e-01  1911s
  22   3.80043521e+00  4.22201486e+01  3.24e+03 3.34e-03  4.97e-01  1919s
  23   3.86591154e+00  3.02471432e+01  2.59e+03 2.15e-03  3.63e-01  1928s
  24   3.89715805e+00  2.65129568e+01  2.42e+03 1.79e-03  3.26e-01  1936s
  25   3.94890294e+00  2.43844120e+01  2.29e+03 1.58e-03  2.98e-01  1944s
  26   4.18543876e+00  2.02535544e+01  1.49e+03 1.14e-03  1.78e-01  1955s
  27   4.06835984e+00  1.57548852e+01  1.03e+03 7.69e-04  1.07e-01  1971s
  28   3.07107847e+00  9.44348258e+00  6.51e+02 3.82e-04  4.57e-02  1987s
  29   2.83639801e+00  6.80596806e+00  5.48e+02 2.33e-04  2.79e-02  2004s
  30   1.69842509e+00  4.01209173e+00  5.83e+01 9.73e-05  1.84e-03  2019s
  31   1.64239256e+00  3.27562994e+00  2.99e+01 6.69e-05  8.31e-04  2033s
  32   1.60956713e+00  2.70456477e+00  1.01e+01 4.44e-05  2.80e-04  2045s
  33   1.59004057e+00  2.41853359e+00  5.25e+00 3.31e-05  1.54e-04  2058s
  34   1.57659128e+00  2.29180142e+00  2.95e+00 2.83e-05  1.03e-04  2069s
  35   1.56557771e+00  2.21987336e+00  2.07e+00 2.56e-05  8.35e-05  2078s
  36   1.55047494e+00  2.12716894e+00  1.19e+00 2.21e-05  6.37e-05  2087s
  37   1.54156294e+00  2.06109135e+00  9.05e-01 1.97e-05  5.54e-05  2100s
  38   1.52393217e+00  1.71359467e+00  4.67e-01 7.22e-06  2.11e-05  2115s
  39   1.53115153e+00  1.66562455e+00  3.33e-01 5.29e-06  1.45e-05  2134s
  40   1.54132610e+00  1.63396794e+00  2.22e-01 3.34e-06  8.75e-06  2151s
  41   1.54515372e+00  1.62043825e+00  2.02e-01 2.47e-06  6.58e-06  2168s
  42   1.54733721e+00  1.61843681e+00  1.85e-01 2.28e-06  5.96e-06  2183s
  43   1.56354115e+00  1.61690183e+00  1.55e-01 1.89e-06  4.82e-06  2205s
  44   1.57190790e+00  1.62162809e+00  1.37e-01 1.10e-06  3.14e-06  2232s
  45   1.58072783e+00  1.62222154e+00  1.20e-01 1.06e-06  2.86e-06  2266s
  46   1.58898499e+00  1.62758723e+00  1.04e-01 7.76e-07  2.23e-06  2301s
  47   1.59281802e+00  1.62812435e+00  9.67e-02 7.47e-07  2.10e-06  2335s
  48   1.59923036e+00  1.63155010e+00  8.43e-02 5.93e-07  1.72e-06  2383s
  49   1.60764803e+00  1.63217033e+00  6.33e-02 5.57e-07  1.48e-06  2439s
  50   1.61063604e+00  1.63350821e+00  5.61e-02 4.95e-07  1.31e-06  2511s
  51   1.61322413e+00  1.63454109e+00  5.16e-02 4.47e-07  1.19e-06  2608s
  52   1.61567880e+00  1.63513069e+00  4.71e-02 4.21e-07  1.10e-06  2652s
  53   1.61778821e+00  1.63589842e+00  4.33e-02 3.84e-07  1.01e-06  2757s
  54   1.61853763e+00  1.63611569e+00  4.20e-02 3.70e-07  9.70e-07  2795s
  55   1.62060419e+00  1.63661029e+00  3.83e-02 3.50e-07  9.01e-07  2827s
  56   1.62404496e+00  1.63709961e+00  3.20e-02 3.19e-07  7.92e-07  2859s
  57   1.62644121e+00  1.63778243e+00  2.84e-02 2.87e-07  7.04e-07  2891s
  58   1.63075379e+00  1.63930910e+00  2.20e-02 2.30e-07  5.51e-07  2913s
  59   1.63221506e+00  1.63986685e+00  2.00e-02 2.14e-07  5.05e-07  2929s
  60   1.63355017e+00  1.64041021e+00  1.82e-02 1.98e-07  4.62e-07  2956s
  61   1.63355291e+00  1.64041048e+00  1.82e-02 1.98e-07  4.62e-07  2984s
  62   1.63478703e+00  1.64083013e+00  1.65e-02 1.86e-07  4.24e-07  3006s
  63   1.63497390e+00  1.64110728e+00  1.62e-02 1.74e-07  3.88e-07  3028s
  64   1.63516400e+00  1.64121130e+00  1.58e-02 1.66e-07  3.72e-07  3067s
  65   1.63555233e+00  1.64129646e+00  1.50e-02 1.60e-07  3.56e-07  3084s
  66   1.63576242e+00  1.64134882e+00  1.46e-02 1.55e-07  3.45e-07  3114s
  67   1.63579112e+00  1.64136255e+00  1.46e-02 1.54e-07  3.43e-07  3133s
  68   1.63580977e+00  1.64138885e+00  1.45e-02 1.52e-07  3.40e-07  3164s
  69   1.63615557e+00  1.64149054e+00  1.39e-02 1.46e-07  3.24e-07  3193s
  70   1.63625396e+00  1.64149919e+00  1.38e-02 1.46e-07  3.21e-07  3215s
  71   1.63635231e+00  1.64154665e+00  1.36e-02 1.44e-07  3.17e-07  3238s
  72   1.63661606e+00  1.64171567e+00  1.32e-02 1.37e-07  3.03e-07  3306s
  73   1.63662805e+00  1.64172571e+00  1.31e-02 1.36e-07  3.02e-07  3327s
  74   1.63663326e+00  1.64176732e+00  1.31e-02 1.34e-07  2.99e-07  3347s
  75   1.63665818e+00  1.64181713e+00  1.31e-02 1.32e-07  2.95e-07  3364s
  76   1.63682659e+00  1.64197810e+00  1.28e-02 1.26e-07  2.84e-07  3395s
  77   1.63698874e+00  1.64205358e+00  1.26e-02 1.24e-07  2.80e-07  3423s
  78   1.63706914e+00  1.64223945e+00  1.25e-02 1.18e-07  2.70e-07  3446s
  79   1.63706923e+00  1.64223960e+00  1.25e-02 1.18e-07  2.70e-07  3465s
  80   1.63709178e+00  1.64224796e+00  1.25e-02 1.18e-07  2.70e-07  3479s
  81   1.63709182e+00  1.64224725e+00  1.25e-02 1.18e-07  2.70e-07  3499s
  82   1.63711054e+00  1.64225271e+00  1.24e-02 1.18e-07  2.69e-07  3523s
  83   1.63723564e+00  1.64231783e+00  1.23e-02 1.16e-07  2.65e-07  3547s
  84   1.63723594e+00  1.64231856e+00  1.23e-02 1.16e-07  2.65e-07  3565s
  85   1.63723597e+00  1.64231813e+00  1.23e-02 1.16e-07  2.65e-07  3585s
  86   1.63739057e+00  1.64249470e+00  1.21e-02 1.12e-07  2.57e-07  3620s
  87   1.63739055e+00  1.64249744e+00  1.21e-02 1.12e-07  2.57e-07  3637s
  88   1.63750971e+00  1.64251458e+00  1.19e-02 1.11e-07  2.55e-07  3653s
  89   1.63763263e+00  1.64253890e+00  1.18e-02 1.11e-07  2.52e-07  3685s
  90   1.63764600e+00  1.64255342e+00  1.17e-02 1.10e-07  2.51e-07  3707s
  91   1.63764699e+00  1.64255377e+00  1.17e-02 1.10e-07  2.51e-07  3731s
  92   1.63770576e+00  1.64262402e+00  1.17e-02 1.08e-07  2.48e-07  3749s
  93   1.63771281e+00  1.64262604e+00  1.16e-02 1.08e-07  2.48e-07  3770s
  94   1.63788950e+00  1.64272612e+00  1.14e-02 1.06e-07  2.43e-07  3797s
  95   1.63791062e+00  1.64282145e+00  1.14e-02 1.04e-07  2.40e-07  3821s
  96   1.63807984e+00  1.64289159e+00  1.12e-02 1.02e-07  2.36e-07  3838s
  97   1.63810814e+00  1.64291082e+00  1.12e-02 1.02e-07  2.35e-07  3855s
  98   1.63814644e+00  1.64292669e+00  1.11e-02 1.01e-07  2.34e-07  3870s
  99   1.63835115e+00  1.64303135e+00  1.09e-02 9.95e-08  2.29e-07  3912s
 100   1.63842161e+00  1.64310874e+00  1.08e-02 9.79e-08  2.26e-07  3935s
 101   1.63842198e+00  1.64310828e+00  1.08e-02 9.79e-08  2.26e-07  3964s
 102   1.63960688e+00  1.64326127e+00  9.52e-03 9.48e-08  2.06e-07  3999s
 103   1.63964300e+00  1.64331411e+00  9.48e-03 9.37e-08  2.04e-07  4018s
 104   1.63964350e+00  1.64337236e+00  9.48e-03 9.25e-08  2.03e-07  4054s
 105   1.63999993e+00  1.64357100e+00  9.08e-03 8.87e-08  1.94e-07  4083s
 106   1.64001374e+00  1.64361064e+00  9.06e-03 8.79e-08  1.93e-07  4105s
 107   1.64001856e+00  1.64361261e+00  9.06e-03 8.78e-08  1.93e-07  4127s
 108   1.64011725e+00  1.64364220e+00  8.95e-03 8.73e-08  1.91e-07  4146s
 109   1.64011535e+00  1.64364245e+00  8.96e-03 8.73e-08  1.92e-07  4165s
 110   1.64027362e+00  1.64374689e+00  8.78e-03 8.52e-08  1.87e-07  4187s
 111   1.64052354e+00  1.64377222e+00  8.50e-03 8.47e-08  1.83e-07  4203s
 112   1.64052232e+00  1.64377279e+00  8.51e-03 8.47e-08  1.83e-07  4220s
 113   1.64052290e+00  1.64377330e+00  8.51e-03 8.47e-08  1.83e-07  4243s
 114   1.64052599e+00  1.64377414e+00  8.50e-03 8.47e-08  1.83e-07  4265s
 115   1.64054277e+00  1.64381110e+00  8.49e-03 8.40e-08  1.82e-07  4286s
 116   1.64055890e+00  1.64382060e+00  8.47e-03 8.38e-08  1.82e-07  4318s
 117   1.64065540e+00  1.64386215e+00  8.36e-03 8.30e-08  1.80e-07  4338s
 118   1.64066184e+00  1.64386918e+00  8.35e-03 8.29e-08  1.79e-07  4356s
 119   1.64066202e+00  1.64389884e+00  8.35e-03 8.24e-08  1.79e-07  4394s
 120   1.64066290e+00  1.64392810e+00  8.35e-03 8.19e-08  1.78e-07  4439s
 121   1.64079827e+00  1.64397941e+00  8.20e-03 8.09e-08  1.75e-07  4465s
 122   1.64087487e+00  1.64412740e+00  8.11e-03 7.80e-08  1.71e-07  4493s
 123   1.64088367e+00  1.64413433e+00  8.10e-03 7.78e-08  1.71e-07  4513s
 124   1.64092534e+00  1.64413595e+00  8.06e-03 7.78e-08  1.70e-07  4532s
 125   1.64092571e+00  1.64413473e+00  8.06e-03 7.77e-08  1.70e-07  4555s
 126   1.64093389e+00  1.64415524e+00  8.05e-03 7.73e-08  1.70e-07  4574s
 127   1.64093544e+00  1.64415443e+00  8.04e-03 7.72e-08  1.69e-07  4596s
 128   1.64093483e+00  1.64415549e+00  8.05e-03 7.72e-08  1.70e-07  4630s
 129   1.64101394e+00  1.64421489e+00  7.96e-03 7.60e-08  1.67e-07  4653s
 130   1.64121590e+00  1.64435994e+00  7.73e-03 7.32e-08  1.62e-07  4678s
 131   1.64138794e+00  1.64441422e+00  7.54e-03 7.21e-08  1.58e-07  4696s
 132   1.64141933e+00  1.64445565e+00  7.50e-03 7.12e-08  1.57e-07  4711s
 133   1.64151977e+00  1.64460736e+00  7.39e-03 6.83e-08  1.53e-07  4744s
 134   1.64155571e+00  1.64469454e+00  7.35e-03 6.67e-08  1.51e-07  4774s
 135   1.64158852e+00  1.64481490e+00  7.32e-03 6.44e-08  1.48e-07  4822s
 136   1.64176354e+00  1.64499165e+00  7.12e-03 6.11e-08  1.42e-07  4852s
 137   1.64176449e+00  1.64499107e+00  7.12e-03 6.11e-08  1.42e-07  4889s
 138   1.64196471e+00  1.64513202e+00  6.90e-03 5.85e-08  1.37e-07  4912s
 139   1.64211794e+00  1.64519594e+00  6.73e-03 5.74e-08  1.34e-07  4951s
 140   1.64211796e+00  1.64519646e+00  6.73e-03 5.74e-08  1.34e-07  4967s
 141   1.64214491e+00  1.64523268e+00  6.70e-03 5.68e-08  1.33e-07  4992s
 142   1.64214470e+00  1.64523369e+00  6.70e-03 5.68e-08  1.33e-07  5009s
 143   1.64214802e+00  1.64523498e+00  6.70e-03 5.68e-08  1.33e-07  5028s
 144   1.64218547e+00  1.64526120e+00  6.66e-03 5.62e-08  1.32e-07  5045s
 145   1.64219632e+00  1.64531063e+00  6.65e-03 5.55e-08  1.31e-07  5068s
 146   1.64228236e+00  1.64543947e+00  6.55e-03 5.33e-08  1.28e-07  5094s
 147   1.64228143e+00  1.64543986e+00  6.56e-03 5.33e-08  1.28e-07  5116s
 148   1.64236295e+00  1.64553580e+00  6.47e-03 5.15e-08  1.25e-07  5148s
 149   1.64236489e+00  1.64553906e+00  6.47e-03 5.15e-08  1.25e-07  5163s
 150   1.64254329e+00  1.64572495e+00  6.27e-03 4.80e-08  1.19e-07  5203s
 151   1.64254338e+00  1.64572553e+00  6.27e-03 4.80e-08  1.19e-07  5225s
 152   1.64254483e+00  1.64572759e+00  6.27e-03 4.79e-08  1.19e-07  5249s
 153   1.64254544e+00  1.64572737e+00  6.27e-03 4.79e-08  1.19e-07  5269s
 154   1.64256834e+00  1.64583477e+00  6.25e-03 4.60e-08  1.17e-07  5298s
 155   1.64257061e+00  1.64583809e+00  6.24e-03 4.59e-08  1.17e-07  5313s
 156   1.64264671e+00  1.64590261e+00  6.16e-03 4.48e-08  1.15e-07  5343s
 157   1.64266933e+00  1.64593242e+00  6.13e-03 4.42e-08  1.14e-07  5380s
 158   1.64267614e+00  1.64594705e+00  6.13e-03 4.39e-08  1.14e-07  5405s
 159   1.64271433e+00  1.64597152e+00  6.09e-03 4.35e-08  1.13e-07  5420s
 160   1.64275891e+00  1.64601649e+00  6.04e-03 4.26e-08  1.11e-07  5442s
 161   1.64279611e+00  1.64605038e+00  5.99e-03 4.19e-08  1.10e-07  5462s
 162   1.64286845e+00  1.64621628e+00  5.92e-03 3.88e-08  1.06e-07  5502s
 163   1.64293987e+00  1.64628404e+00  5.84e-03 3.76e-08  1.04e-07  5521s
 164   1.64295406e+00  1.64630590e+00  5.82e-03 3.71e-08  1.03e-07  5541s
 165   1.64298953e+00  1.64632765e+00  5.78e-03 3.67e-08  1.03e-07  5560s
 166   1.64298996e+00  1.64633168e+00  5.78e-03 3.66e-08  1.02e-07  5581s
 167   1.64302249e+00  1.64637322e+00  5.75e-03 3.57e-08  1.01e-07  5610s
 168   1.64302227e+00  1.64637333e+00  5.75e-03 3.57e-08  1.01e-07  5632s
 169   1.64302725e+00  1.64637798e+00  5.74e-03 3.56e-08  1.01e-07  5651s
 170   1.64302773e+00  1.64638090e+00  5.74e-03 3.56e-08  1.01e-07  5682s
 171   1.64303083e+00  1.64638151e+00  5.74e-03 3.56e-08  1.01e-07  5697s
 172   1.64303392e+00  1.64640407e+00  5.73e-03 3.52e-08  1.00e-07  5724s
 173   1.64305104e+00  1.64641807e+00  5.71e-03 3.49e-08  1.00e-07  5742s
 174   1.64306846e+00  1.64650164e+00  5.69e-03 3.33e-08  9.83e-08  5763s
 175   1.64307080e+00  1.64650232e+00  5.69e-03 3.32e-08  9.83e-08  5790s
 176   1.64307197e+00  1.64650384e+00  5.69e-03 3.32e-08  9.82e-08  5819s
 177   1.64307273e+00  1.64650359e+00  5.69e-03 3.32e-08  9.82e-08  5836s
 178   1.64313794e+00  1.64657259e+00  5.62e-03 3.20e-08  9.60e-08  5860s
 179   1.64323889e+00  1.64664228e+00  5.50e-03 3.06e-08  9.34e-08  5884s
 180   1.64327047e+00  1.64664961e+00  5.47e-03 3.05e-08  9.28e-08  5898s
 181   1.64327292e+00  1.64665365e+00  5.47e-03 3.04e-08  9.27e-08  5914s
 182   1.64327640e+00  1.64666060e+00  5.46e-03 3.03e-08  9.26e-08  5934s
 183   1.64327981e+00  1.64666094e+00  5.46e-03 3.02e-08  9.25e-08  5952s
 184   1.64335733e+00  1.64674838e+00  5.37e-03 2.86e-08  8.99e-08  5974s
 185   1.64344621e+00  1.64683786e+00  5.27e-03 2.67e-08  8.70e-08  5997s
 186   1.64345008e+00  1.64683855e+00  5.27e-03 2.67e-08  8.70e-08  6014s
 187   1.64346644e+00  1.64687209e+00  5.25e-03 2.61e-08  8.61e-08  6028s
 188   1.64346649e+00  1.64687243e+00  5.25e-03 2.61e-08  8.61e-08  6047s
 189   1.64346586e+00  1.64687272e+00  5.25e-03 2.61e-08  8.62e-08  6066s
 190   1.64347401e+00  1.64690532e+00  5.25e-03 2.55e-08  8.55e-08  6087s
 191   1.64348259e+00  1.64690632e+00  5.24e-03 2.55e-08  8.53e-08  6111s
 192   1.64352294e+00  1.64692312e+00  5.19e-03 2.51e-08  8.45e-08  6128s
 193   1.64353209e+00  1.64698208e+00  5.18e-03 2.41e-08  8.32e-08  6150s
 194   1.64354721e+00  1.64699294e+00  5.16e-03 2.39e-08  8.28e-08  6164s
 195   1.64355834e+00  1.64699975e+00  5.15e-03 2.37e-08  8.25e-08  6178s
 196   1.64355798e+00  1.64699989e+00  5.15e-03 2.37e-08  8.25e-08  6199s
 197   1.64366210e+00  1.64709552e+00  5.03e-03 2.17e-08  7.93e-08  6235s
 198   1.64368105e+00  1.64709671e+00  5.01e-03 2.17e-08  7.90e-08  6253s
 199   1.64374320e+00  1.64715506e+00  4.94e-03 2.09e-08  7.70e-08  6279s
 200   1.64378794e+00  1.64716216e+00  4.89e-03 2.08e-08  7.63e-08  6296s
 201   1.64379141e+00  1.64716604e+00  4.89e-03 2.07e-08  7.61e-08  6321s
 202   1.64389999e+00  1.64721417e+00  4.76e-03 1.96e-08  7.37e-08  6352s
 203   1.64393466e+00  1.64724245e+00  4.72e-03 1.91e-08  7.26e-08  6374s
 204   1.64398025e+00  1.64727223e+00  4.67e-03 1.83e-08  7.13e-08  6399s
 205   1.64399454e+00  1.64727819e+00  4.65e-03 1.81e-08  7.09e-08  6420s
 206   1.64399957e+00  1.64728266e+00  4.65e-03 1.80e-08  7.07e-08  6454s
 207   1.64400115e+00  1.64728253e+00  4.65e-03 1.80e-08  7.07e-08  6481s
 208   1.64404439e+00  1.64731520e+00  4.60e-03 1.71e-08  6.94e-08  6505s
 209   1.64404444e+00  1.64731520e+00  4.60e-03 1.71e-08  6.94e-08  6539s
 210   1.64405709e+00  1.64731556e+00  4.58e-03 1.71e-08  6.92e-08  6560s
 211   1.64406398e+00  1.64733074e+00  4.57e-03 1.67e-08  6.88e-08  6586s
 212   1.64415627e+00  1.64734811e+00  4.47e-03 1.64e-08  6.71e-08  6614s
 213   1.64421091e+00  1.64736885e+00  4.40e-03 1.58e-08  6.59e-08  6631s
 214   1.64433374e+00  1.64738851e+00  4.26e-03 1.52e-08  6.37e-08  6659s
 215   1.64433380e+00  1.64739284e+00  4.26e-03 1.51e-08  6.36e-08  6686s
 216   1.64436235e+00  1.64740311e+00  4.23e-03 1.48e-08  6.30e-08  6709s
 217   1.64437827e+00  1.64740555e+00  4.21e-03 1.48e-08  6.27e-08  6728s
 218   1.64438372e+00  1.64740735e+00  4.20e-03 1.47e-08  6.26e-08  6751s
 219   1.64439116e+00  1.64741018e+00  4.19e-03 1.46e-08  6.24e-08  6772s
 220   1.64442186e+00  1.64741204e+00  4.16e-03 1.46e-08  6.19e-08  6794s
 221   1.64442231e+00  1.64741225e+00  4.16e-03 1.46e-08  6.19e-08  6817s
 222   1.64442236e+00  1.64741486e+00  4.16e-03 1.46e-08  6.19e-08  6855s
 223   1.64443745e+00  1.64743486e+00  4.14e-03 1.40e-08  6.12e-08  6879s
 224   1.64449324e+00  1.64745859e+00  4.07e-03 1.33e-08  5.98e-08  6902s
 225   1.64450431e+00  1.64748081e+00  4.06e-03 1.28e-08  5.90e-08  6957s
 226   1.64453215e+00  1.64750004e+00  4.03e-03 1.26e-08  5.80e-08  6986s
 227   1.64454245e+00  1.64754107e+00  4.01e-03 1.12e-08  5.66e-08  7049s
 228   1.64454827e+00  1.64755224e+00  4.01e-03 1.11e-08  5.62e-08  7069s
 229   1.64459002e+00  1.64755815e+00  3.96e-03 1.11e-08  5.54e-08  7086s
 230   1.64464213e+00  1.64756678e+00  3.89e-03 1.05e-08  5.45e-08  7104s
 231   1.64464644e+00  1.64758136e+00  3.89e-03 1.04e-08  5.39e-08  7140s
 232   1.64466142e+00  1.64758393e+00  3.87e-03 1.03e-08  5.36e-08  7157s
 233   1.64466748e+00  1.64759154e+00  3.86e-03 1.02e-08  5.32e-08  7177s
 234   1.64468854e+00  1.64759825e+00  3.84e-03 1.04e-08  5.27e-08  7191s
 235   1.64469866e+00  1.64760034e+00  3.83e-03 1.03e-08  5.25e-08  7219s
 236   1.64469888e+00  1.64760076e+00  3.83e-03 1.03e-08  5.25e-08  7237s
 237   1.64471169e+00  1.64760162e+00  3.81e-03 1.02e-08  5.23e-08  7255s
 238   1.64471570e+00  1.64760191e+00  3.81e-03 1.02e-08  5.22e-08  7275s
 239   1.64474054e+00  1.64761739e+00  3.78e-03 9.69e-09  5.14e-08  7317s
 240   1.64474165e+00  1.64761770e+00  3.77e-03 9.66e-09  5.14e-08  7347s
 241   1.64478421e+00  1.64761959e+00  3.72e-03 9.52e-09  5.07e-08  7379s
 242   1.64478440e+00  1.64761989e+00  3.72e-03 9.53e-09  5.07e-08  7401s
 243   1.64478384e+00  1.64762018e+00  3.72e-03 9.55e-09  5.08e-08  7422s
 244   1.64478454e+00  1.64762173e+00  3.72e-03 9.46e-09  5.07e-08  7453s
 245   1.64478518e+00  1.64762175e+00  3.72e-03 9.46e-09  5.07e-08  7468s
 246   1.64478548e+00  1.64762177e+00  3.72e-03 9.46e-09  5.07e-08  7486s
 247   1.64480563e+00  1.64762855e+00  3.70e-03 9.29e-09  5.02e-08  7511s
 248   1.64480564e+00  1.64762889e+00  3.70e-03 9.28e-09  5.01e-08  7532s
 249   1.64481858e+00  1.64763406e+00  3.68e-03 8.87e-09  4.98e-08  7555s
 250   1.64484336e+00  1.64763883e+00  3.65e-03 8.67e-09  4.92e-08  7577s
 251   1.64490225e+00  1.64764026e+00  3.58e-03 8.60e-09  4.83e-08  7592s
 252   1.64491383e+00  1.64764233e+00  3.57e-03 8.72e-09  4.81e-08  7610s
 253   1.64492103e+00  1.64764811e+00  3.56e-03 8.73e-09  4.77e-08  7628s
 254   1.64492104e+00  1.64764814e+00  3.56e-03 8.73e-09  4.77e-08  7665s
 255   1.64492976e+00  1.64765301e+00  3.55e-03 8.90e-09  4.74e-08  7694s
 256   1.64494564e+00  1.64766137e+00  3.53e-03 8.46e-09  4.68e-08  7726s
 257   1.64494795e+00  1.64766186e+00  3.52e-03 8.39e-09  4.67e-08  7754s
 258   1.64494798e+00  1.64766174e+00  3.52e-03 8.37e-09  4.67e-08  7769s
 259   1.64494986e+00  1.64766216e+00  3.52e-03 8.35e-09  4.67e-08  7786s
 260   1.64495419e+00  1.64766788e+00  3.52e-03 8.22e-09  4.64e-08  7808s
 261   1.64495453e+00  1.64766797e+00  3.52e-03 8.21e-09  4.63e-08  7837s
 262   1.64497181e+00  1.64767031e+00  3.50e-03 8.07e-09  4.60e-08  7881s
 263   1.64501183e+00  1.64767289e+00  3.45e-03 7.83e-09  4.53e-08  7907s
 264   1.64501311e+00  1.64767294e+00  3.44e-03 7.83e-09  4.53e-08  7922s
 265   1.64502849e+00  1.64767474e+00  3.43e-03 7.57e-09  4.50e-08  7943s
 266   1.64503730e+00  1.64767538e+00  3.41e-03 7.50e-09  4.49e-08  7964s
 267   1.64506545e+00  1.64768040e+00  3.38e-03 7.14e-09  4.42e-08  7985s
 268   1.64506824e+00  1.64768236e+00  3.38e-03 6.99e-09  4.41e-08  8014s
 269   1.64509693e+00  1.64768966e+00  3.34e-03 6.62e-09  4.33e-08  8046s
 270   1.64509782e+00  1.64768999e+00  3.34e-03 6.66e-09  4.32e-08  8081s
 271   1.64510665e+00  1.64769124e+00  3.33e-03 6.77e-09  4.31e-08  8108s
 272   1.64513162e+00  1.64769318e+00  3.30e-03 7.01e-09  4.26e-08  8123s
 273   1.64513395e+00  1.64769880e+00  3.30e-03 6.61e-09  4.21e-08  8153s
 274   1.64513505e+00  1.64769886e+00  3.29e-03 6.60e-09  4.21e-08  8172s
 275   1.64517134e+00  1.64770322e+00  3.25e-03 6.34e-09  4.13e-08  8196s
 276   1.64517921e+00  1.64770493e+00  3.24e-03 6.01e-09  4.11e-08  8217s
 277   1.64517923e+00  1.64770499e+00  3.24e-03 5.99e-09  4.11e-08  8234s
 278   1.64518267e+00  1.64770509e+00  3.23e-03 5.96e-09  4.10e-08  8253s
 279   1.64520381e+00  1.64770729e+00  3.21e-03 5.45e-09  4.06e-08  8272s
 280   1.64521649e+00  1.64770834e+00  3.19e-03 5.28e-09  4.04e-08  8302s
 281   1.64523889e+00  1.64771050e+00  3.16e-03 5.28e-09  3.99e-08  8350s
 282   1.64524275e+00  1.64771055e+00  3.16e-03 5.28e-09  3.98e-08  8375s
 283   1.64524301e+00  1.64771113e+00  3.16e-03 5.31e-09  3.98e-08  8403s
 284   1.64524307e+00  1.64771113e+00  3.16e-03 5.31e-09  3.98e-08  8424s
 285   1.64524317e+00  1.64771109e+00  3.16e-03 5.29e-09  3.98e-08  8441s
 286   1.64524409e+00  1.64771209e+00  3.16e-03 5.18e-09  3.97e-08  8470s
 287   1.64524688e+00  1.64771285e+00  3.15e-03 5.16e-09  3.96e-08  8491s
 288   1.64525155e+00  1.64771330e+00  3.15e-03 5.22e-09  3.95e-08  8521s
 289   1.64527963e+00  1.64771451e+00  3.11e-03 5.15e-09  3.90e-08  8552s
 290   1.64534523e+00  1.64771738e+00  3.03e-03 4.84e-09  3.78e-08  8574s
 291   1.64534527e+00  1.64771739e+00  3.03e-03 4.84e-09  3.78e-08  8597s
 292   1.64535034e+00  1.64771899e+00  3.02e-03 4.37e-09  3.76e-08  8638s
 293   1.64535186e+00  1.64771993e+00  3.02e-03 4.02e-09  3.74e-08  8658s
 294   1.64538970e+00  1.64772284e+00  2.98e-03 3.61e-09  3.64e-08  8694s
 295   1.64538977e+00  1.64772282e+00  2.98e-03 3.61e-09  3.64e-08  8715s
 296   1.64538991e+00  1.64772282e+00  2.97e-03 3.61e-09  3.64e-08  8749s
 297   1.64539503e+00  1.64772309e+00  2.97e-03 3.61e-09  3.63e-08  8768s
 298   1.64545990e+00  1.64772450e+00  2.89e-03 3.27e-09  3.50e-08  8803s
 299   1.64546442e+00  1.64772470e+00  2.88e-03 3.19e-09  3.49e-08  8824s
 300   1.64546952e+00  1.64772500e+00  2.87e-03 3.16e-09  3.48e-08  8865s
 301   1.64546970e+00  1.64772499e+00  2.87e-03 3.16e-09  3.48e-08  8886s
 302   1.64547356e+00  1.64772502e+00  2.87e-03 3.15e-09  3.47e-08  8917s
 303   1.64549073e+00  1.64772827e+00  2.85e-03 3.10e-09  3.44e-08  8960s
 304   1.64549193e+00  1.64772829e+00  2.85e-03 3.27e-09  3.44e-08  8990s
 305   1.64549365e+00  1.64772842e+00  2.84e-03 3.76e-09  3.43e-08  9017s
 306   1.64549934e+00  1.64772810e+00  2.84e-03 4.46e-09  3.41e-08  9038s
 307   1.64559594e+00  1.64772776e+00  2.71e-03 4.39e-09  3.27e-08  9061s
 308   1.64559624e+00  1.64772781e+00  2.71e-03 4.39e-09  3.27e-08  9091s
 309   1.64559676e+00  1.64772781e+00  2.71e-03 4.40e-09  3.27e-08  9111s
 310   1.64559741e+00  1.64772802e+00  2.71e-03 4.82e-09  3.27e-08  9138s
 311   1.64560006e+00  1.64772807e+00  2.71e-03 5.25e-09  3.26e-08  9159s
 312   1.64560008e+00  1.64772813e+00  2.71e-03 5.08e-09  3.26e-08  9183s
 313   1.64560008e+00  1.64772815e+00  2.71e-03 5.34e-09  3.26e-08  9202s
 314   1.64560648e+00  1.64772796e+00  2.70e-03 5.84e-09  3.24e-08  9221s
 315   1.64562298e+00  1.64772737e+00  2.68e-03 6.69e-09  3.21e-08  9238s
 316   1.64562320e+00  1.64772738e+00  2.68e-03 7.13e-09  3.21e-08  9283s
 317   1.64562985e+00  1.64772753e+00  2.67e-03 7.19e-09  3.20e-08  9308s
 318   1.64575280e+00  1.64772645e+00  2.51e-03 7.92e-09  3.00e-08  9331s
 319   1.64575284e+00  1.64772642e+00  2.51e-03 7.91e-09  3.00e-08  9366s
 320   1.64575537e+00  1.64772610e+00  2.51e-03 8.20e-09  2.99e-08  9392s
 321   1.64576290e+00  1.64772564e+00  2.50e-03 8.30e-09  2.98e-08  9425s
 322   1.64576522e+00  1.64772546e+00  2.50e-03 8.30e-09  2.97e-08  9449s
 323   1.64578088e+00  1.64772539e+00  2.48e-03 8.32e-09  2.94e-08  9470s
 324   1.64578040e+00  1.64772543e+00  2.48e-03 8.33e-09  2.94e-08  9488s
 325   1.64578526e+00  1.64772517e+00  2.47e-03 8.17e-09  2.93e-08  9511s
 326   1.64578596e+00  1.64772500e+00  2.47e-03 8.13e-09  2.93e-08  9535s
 327   1.64579082e+00  1.64772501e+00  2.46e-03 8.11e-09  2.92e-08  9559s
 328   1.64579912e+00  1.64772503e+00  2.45e-03 6.72e-09  2.91e-08  9574s
 329   1.64585255e+00  1.64772429e+00  2.38e-03 8.61e-09  2.83e-08  9596s
 330   1.64585703e+00  1.64772421e+00  2.38e-03 8.55e-09  2.82e-08  9613s
 331   1.64586013e+00  1.64772404e+00  2.38e-03 8.36e-09  2.81e-08  9647s
 332   1.64586048e+00  1.64772403e+00  2.37e-03 8.35e-09  2.81e-08  9683s
 333   1.64586967e+00  1.64772731e+00  2.36e-03 7.76e-09  2.78e-08  9719s
 334   1.64586995e+00  1.64772730e+00  2.36e-03 7.76e-09  2.78e-08  9736s
 335   1.64587236e+00  1.64772708e+00  2.36e-03 7.47e-09  2.78e-08  9755s
 336   1.64588186e+00  1.64772693e+00  2.35e-03 7.18e-09  2.76e-08  9771s
 337   1.64591168e+00  1.64772383e+00  2.31e-03 5.80e-09  2.69e-08  9803s
 338   1.64591658e+00  1.64772088e+00  2.30e-03 6.17e-09  2.67e-08  9841s
 339   1.64591688e+00  1.64772054e+00  2.30e-03 5.62e-09  2.67e-08  9861s
 340   1.64592080e+00  1.64772039e+00  2.30e-03 5.09e-09  2.66e-08  9889s
 341   1.64592275e+00  1.64772006e+00  2.30e-03 4.96e-09  2.66e-08  9934s
 342   1.64592483e+00  1.64771979e+00  2.29e-03 5.07e-09  2.65e-08  9956s
 343   1.64592653e+00  1.64771895e+00  2.29e-03 5.01e-09  2.64e-08  9981s
 344   1.64594199e+00  1.64772171e+00  2.27e-03 4.63e-09  2.61e-08  10013s
 345   1.64594569e+00  1.64771683e+00  2.27e-03 4.05e-09  2.58e-08  10042s
 346   1.64596099e+00  1.64771647e+00  2.25e-03 4.13e-09  2.56e-08  10068s
 347   1.64598639e+00  1.64771615e+00  2.21e-03 4.36e-09  2.52e-08  10090s
 348   1.64599201e+00  1.64771582e+00  2.20e-03 4.41e-09  2.51e-08  10121s
 349   1.64599830e+00  1.64772251e+00  2.20e-03 3.64e-09  2.49e-08  10162s
 350   1.64600082e+00  1.64772080e+00  2.19e-03 3.48e-09  2.48e-08  10200s
 351   1.64600138e+00  1.64772019e+00  2.19e-03 3.73e-09  2.48e-08  10228s
 352   1.64600186e+00  1.64772009e+00  2.19e-03 3.79e-09  2.48e-08  10252s
 353   1.64601772e+00  1.64772353e+00  2.17e-03 3.64e-09  2.46e-08  10308s
 354   1.64602784e+00  1.64772223e+00  2.16e-03 3.80e-09  2.44e-08  10366s
 355   1.64603011e+00  1.64772155e+00  2.16e-03 3.68e-09  2.44e-08  10387s
 356   1.64604161e+00  1.64771673e+00  2.14e-03 3.33e-09  2.41e-08  10412s
 357   1.64604606e+00  1.64771537e+00  2.14e-03 3.28e-09  2.40e-08  10448s
 358   1.64621469e+00  1.64770911e+00  1.91e-03 2.80e-09  2.14e-08  10485s
 359   1.64622347e+00  1.64770869e+00  1.90e-03 3.21e-09  2.12e-08  10505s
 360   1.64622867e+00  1.64770870e+00  1.89e-03 3.13e-09  2.11e-08  10526s
 361   1.64622972e+00  1.64770587e+00  1.89e-03 3.33e-09  2.11e-08  10552s
 362   1.64622973e+00  1.64770587e+00  1.89e-03 3.32e-09  2.11e-08  10582s
 363   1.64623134e+00  1.64770566e+00  1.89e-03 4.28e-09  2.10e-08  10597s
 364   1.64623032e+00  1.64770534e+00  1.89e-03 5.08e-09  2.10e-08  10616s
 365   1.64623274e+00  1.64770489e+00  1.89e-03 6.82e-09  2.10e-08  10632s
 366   1.64623692e+00  1.64770323e+00  1.88e-03 7.49e-09  2.09e-08  10655s
 367   1.64623713e+00  1.64770290e+00  1.88e-03 7.53e-09  2.09e-08  10678s
 368   1.64623720e+00  1.64770319e+00  1.88e-03 6.45e-09  2.09e-08  10693s
 369   1.64628140e+00  1.64770228e+00  1.82e-03 5.35e-09  2.02e-08  10720s
 370   1.64629438e+00  1.64769282e+00  1.81e-03 4.60e-09  1.98e-08  10752s
 371   1.64629435e+00  1.64769234e+00  1.81e-03 4.76e-09  1.98e-08  10777s
 372   1.64629629e+00  1.64769203e+00  1.80e-03 4.84e-09  1.98e-08  10812s
 373   1.64629630e+00  1.64770063e+00  1.80e-03 2.71e-08  1.98e-08  10860s
 374   1.64629631e+00  1.64770051e+00  1.80e-03 2.71e-08  1.98e-08  10881s
 375   1.64633524e+00  1.64770074e+00  1.75e-03 2.68e-08  1.93e-08  10945s
 376   1.64635128e+00  1.64769696e+00  1.73e-03 2.49e-08  1.90e-08  10978s
 377   1.64636176e+00  1.64769523e+00  1.72e-03 2.40e-08  1.88e-08  11032s
 378   1.64636307e+00  1.64769193e+00  1.71e-03 2.20e-08  1.88e-08  11077s
 379   1.64637201e+00  1.64768359e+00  1.70e-03 1.81e-08  1.85e-08  11131s
 380   1.64637627e+00  1.64768369e+00  1.70e-03 1.80e-08  1.84e-08  11162s
 381   1.64637946e+00  1.64768384e+00  1.69e-03 1.79e-08  1.84e-08  11177s
 382   1.64638329e+00  1.64768396e+00  1.69e-03 1.78e-08  1.83e-08  11230s
 383   1.64638770e+00  1.64770321e+00  1.68e-03 1.44e-08  1.84e-08  11263s
 384   1.64639088e+00  1.64770268e+00  1.68e-03 1.43e-08  1.84e-08  11312s
 385   1.64639059e+00  1.64770238e+00  1.68e-03 1.41e-08  1.84e-08  11329s
 386   1.64641077e+00  1.64770604e+00  1.65e-03 1.34e-08  1.81e-08  11364s
 387   1.64650615e+00  1.64769978e+00  1.52e-03 1.22e-08  1.67e-08  11384s
 388   1.64650709e+00  1.64769960e+00  1.52e-03 1.21e-08  1.67e-08  11403s
 389   1.64651168e+00  1.64770883e+00  1.52e-03 1.14e-08  1.67e-08  11429s
 390   1.64651181e+00  1.64770874e+00  1.52e-03 1.24e-08  1.67e-08  11455s
 391   1.64651273e+00  1.64770866e+00  1.52e-03 1.24e-08  1.67e-08  11473s
 392   1.64652650e+00  1.64770858e+00  1.50e-03 1.23e-08  1.65e-08  11493s
 393   1.64653075e+00  1.64769881e+00  1.49e-03 1.05e-08  1.63e-08  11545s
 394   1.64656622e+00  1.64768457e+00  1.44e-03 9.11e-09  1.57e-08  11578s
 395   1.64659230e+00  1.64768407e+00  1.41e-03 8.68e-09  1.53e-08  11612s
 396   1.64661148e+00  1.64768431e+00  1.38e-03 8.62e-09  1.50e-08  11654s
 397   1.64661151e+00  1.64768437e+00  1.38e-03 8.61e-09  1.51e-08  11673s
 398   1.64661159e+00  1.64768434e+00  1.38e-03 8.57e-09  1.51e-08  11688s
 399   1.64661649e+00  1.64768551e+00  1.38e-03 8.26e-09  1.50e-08  11722s
 400   1.64661881e+00  1.64768227e+00  1.38e-03 7.51e-09  1.49e-08  11775s
 401   1.64662786e+00  1.64768090e+00  1.36e-03 7.22e-09  1.48e-08  11819s
 402   1.64663874e+00  1.64767717e+00  1.35e-03 6.55e-09  1.46e-08  11843s
 403   1.64664069e+00  1.64767389e+00  1.35e-03 5.92e-09  1.45e-08  11872s
 404   1.64664403e+00  1.64767050e+00  1.34e-03 5.37e-09  1.44e-08  11905s
 405   1.64668180e+00  1.64766609e+00  1.29e-03 4.66e-09  1.39e-08  11926s
 406   1.64668277e+00  1.64766462e+00  1.29e-03 4.50e-09  1.38e-08  11946s
 407   1.64668292e+00  1.64766404e+00  1.29e-03 4.29e-09  1.38e-08  11971s
 408   1.64669329e+00  1.64766672e+00  1.28e-03 3.28e-09  1.37e-08  11998s
 409   1.64673047e+00  1.64766319e+00  1.23e-03 2.90e-09  1.31e-08  12022s
 410   1.64673460e+00  1.64765596e+00  1.22e-03 2.11e-09  1.30e-08  12048s
 411   1.64677149e+00  1.64764617e+00  1.17e-03 1.26e-09  1.24e-08  12070s
 412   1.64677610e+00  1.64764457e+00  1.16e-03 1.14e-09  1.23e-08  12085s
 413   1.64683933e+00  1.64764235e+00  1.08e-03 1.88e-09  1.14e-08  12103s
 414   1.64684009e+00  1.64764099e+00  1.08e-03 1.70e-09  1.13e-08  12123s
 415   1.64684514e+00  1.64763880e+00  1.07e-03 1.84e-09  1.12e-08  12148s
 416   1.64687222e+00  1.64763499e+00  1.03e-03 2.19e-09  1.08e-08  12174s
 417   1.64699241e+00  1.64763349e+00  8.67e-04 1.86e-09  9.10e-09  12194s
 418   1.64699272e+00  1.64763326e+00  8.67e-04 1.82e-09  9.09e-09  12211s
 419   1.64699582e+00  1.64763688e+00  8.63e-04 1.75e-09  9.10e-09  12235s
 420   1.64701801e+00  1.64763288e+00  8.33e-04 1.30e-09  8.75e-09  12258s
 421   1.64701892e+00  1.64763117e+00  8.32e-04 1.05e-09  8.72e-09  12280s
 422   1.64701968e+00  1.64762833e+00  8.31e-04 7.59e-10  8.68e-09  12313s
 423   1.64725094e+00  1.64762778e+00  5.12e-04 6.56e-10  5.40e-09  12334s
 424   1.64725626e+00  1.64762687e+00  5.05e-04 1.59e-09  5.31e-09  12362s
 425   1.64726376e+00  1.64762516e+00  4.95e-04 1.32e-09  5.19e-09  12382s
 426   1.64727342e+00  1.64762349e+00  4.81e-04 2.66e-09  5.03e-09  12405s
 427   1.64728522e+00  1.64762165e+00  4.65e-04 1.80e-09  4.85e-09  12432s
 428   1.64728589e+00  1.64762075e+00  4.64e-04 1.38e-09  4.83e-09  12465s
 429   1.64728715e+00  1.64761997e+00  4.62e-04 1.09e-09  4.80e-09  12504s
 430   1.64728801e+00  1.64761979e+00  4.61e-04 9.91e-10  4.79e-09  12528s
 431   1.64729668e+00  1.64761912e+00  4.49e-04 7.24e-10  4.66e-09  12559s
 432   1.64737188e+00  1.64761825e+00  3.43e-04 4.34e-10  3.56e-09  12589s
 433   1.64740622e+00  1.64761765e+00  2.95e-04 2.71e-10  3.06e-09  12620s
 434   1.64748678e+00  1.64761731e+00  1.82e-04 1.79e-10  1.89e-09  12647s
 435   1.64748852e+00  1.64761700e+00  1.79e-04 1.29e-10  1.86e-09  12665s
 436   1.64748887e+00  1.64761687e+00  1.79e-04 9.18e-11  1.86e-09  12684s
 437   1.64748999e+00  1.64761668e+00  1.77e-04 1.32e-10  1.84e-09  12697s
 438   1.64749028e+00  1.64761646e+00  1.77e-04 9.94e-10  1.83e-09  12715s
 439   1.64753681e+00  1.64761628e+00  1.12e-04 7.79e-10  1.16e-09  12737s
 440   1.64753733e+00  1.64761608e+00  1.12e-04 3.81e-10  1.15e-09  12795s
 441   1.64753960e+00  1.64761579e+00  1.08e-04 2.03e-10  1.12e-09  12823s
 442   1.64754015e+00  1.64761554e+00  1.08e-04 7.36e-10  1.10e-09  12837s
 443   1.64754070e+00  1.64761538e+00  1.07e-04 5.24e-10  1.10e-09  12862s
 444   1.64754130e+00  1.64761532e+00  1.06e-04 5.78e-10  1.09e-09  12884s
 445   1.64754672e+00  1.64761508e+00  9.81e-05 5.00e-10  1.00e-09  12908s
 446   1.64754706e+00  1.64761507e+00  9.76e-05 7.61e-10  9.99e-10  12931s
 447   1.64754706e+00  1.64761507e+00  9.76e-05 1.59e-09  9.99e-10  12954s
 448   1.64754830e+00  1.64761702e+00  9.62e-05 1.58e-09  1.01e-09  12979s
 449   1.64757158e+00  1.64761573e+00  6.26e-05 1.06e-09  6.58e-10  13008s
 450   1.64757209e+00  1.64761502e+00  6.19e-05 1.70e-09  6.44e-10  13038s
 451   1.64757419e+00  1.64761453e+00  5.88e-05 4.21e-10  6.07e-10  13062s
 452   1.64757573e+00  1.64761427e+00  5.65e-05 3.14e-10  5.81e-10  13078s
 453   1.64757734e+00  1.64761392e+00  5.40e-05 2.51e-10  5.53e-10  13098s
 454   1.64757737e+00  1.64761382e+00  5.40e-05 4.09e-10  5.52e-10  13120s
 455   1.64757757e+00  1.64761377e+00  5.37e-05 3.81e-10  5.48e-10  13143s
 456   1.64757787e+00  1.64761371e+00  5.32e-05 3.86e-10  5.43e-10  13177s
 457   1.64757799e+00  1.64761344e+00  5.31e-05 4.69e-10  5.39e-10  13205s
 458   1.64758078e+00  1.64761337e+00  4.89e-05 9.37e-10  4.98e-10  13238s
 459   1.64758090e+00  1.64761321e+00  4.87e-05 7.76e-10  4.94e-10  13260s
 460   1.64758097e+00  1.64761316e+00  4.86e-05 7.27e-10  4.93e-10  13277s
 461   1.64758211e+00  1.64761304e+00  4.68e-05 5.01e-10  4.74e-10  13300s
 462   1.64758234e+00  1.64761295e+00  4.65e-05 3.68e-10  4.70e-10  13332s
 463   1.64758305e+00  1.64761289e+00  4.53e-05 3.53e-10  4.58e-10  13356s
 464   1.64758317e+00  1.64761293e+00  4.51e-05 7.76e-10  4.57e-10  13376s
 465   1.64758339e+00  1.64761273e+00  4.48e-05 5.34e-10  4.51e-10  13401s
 466   1.64758468e+00  1.64761270e+00  4.27e-05 9.12e-10  4.31e-10  13428s
 467   1.64758554e+00  1.64761266e+00  4.13e-05 6.57e-10  4.18e-10  13459s
 468   1.64758594e+00  1.64761257e+00  4.07e-05 4.98e-10  4.11e-10  13489s
 469   1.64758625e+00  1.64761255e+00  4.02e-05 4.98e-10  4.06e-10  13507s
 470   1.64758641e+00  1.64761250e+00  3.99e-05 6.35e-10  4.03e-10  13529s
 471   1.64758663e+00  1.64761248e+00  3.95e-05 5.98e-10  3.99e-10  13556s
 472   1.64758698e+00  1.64761241e+00  3.90e-05 4.62e-10  3.93e-10  13587s
 473   1.64758745e+00  1.64761244e+00  3.82e-05 3.79e-10  3.86e-10  13619s
 474   1.64758793e+00  1.64761242e+00  3.75e-05 4.82e-10  3.79e-10  13656s
 475   1.64758793e+00  1.64761243e+00  3.75e-05 8.44e-10  3.79e-10  13672s
 476   1.64758863e+00  1.64761324e+00  3.64e-05 1.64e-09  3.77e-10  13720s
 477   1.64759064e+00  1.64761308e+00  3.33e-05 1.42e-09  3.45e-10  13734s
 478   1.64759088e+00  1.64761294e+00  3.29e-05 1.19e-09  3.40e-10  13761s
 479   1.64760235e+00  1.64761276e+00  1.48e-05 1.23e-09  1.60e-10  13789s
 480   1.64760236e+00  1.64761274e+00  1.48e-05 6.03e-09  1.60e-10  13813s
 481   1.64760244e+00  1.64761271e+00  1.47e-05 5.28e-09  1.58e-10  13840s
 482   1.64760253e+00  1.64761256e+00  1.46e-05 4.56e-09  1.55e-10  13869s
 483   1.64760253e+00  1.64761255e+00  1.46e-05 4.94e-09  1.55e-10  13887s
 484   1.64760289e+00  1.64761251e+00  1.40e-05 4.03e-09  1.50e-10  13914s
 485   1.64760328e+00  1.64761239e+00  1.34e-05 8.49e-09  1.42e-10  13944s
 486   1.64760335e+00  1.64761232e+00  1.33e-05 7.47e-09  1.41e-10  13965s
 487   1.64760434e+00  1.64761228e+00  1.17e-05 7.01e-09  1.24e-10  13996s
 488   1.64760439e+00  1.64761214e+00  1.16e-05 4.54e-09  1.22e-10  14029s
 489   1.64760442e+00  1.64761209e+00  1.15e-05 7.98e-09  1.21e-10  14057s
 490   1.64760448e+00  1.64761206e+00  1.14e-05 6.60e-09  1.20e-10  14088s
 491   1.64760541e+00  1.64761204e+00  9.77e-06 1.83e-09  1.05e-10  14125s
 492   1.64760578e+00  1.64761195e+00  9.29e-06 2.40e-09  9.86e-11  14168s
 493   1.64760582e+00  1.64761194e+00  9.24e-06 2.50e-09  9.79e-11  14203s
 494   1.64760584e+00  1.64761193e+00  9.22e-06 2.15e-09  9.75e-11  14229s
 495   1.64760584e+00  1.64761193e+00  9.22e-06 2.25e-09  9.75e-11  14250s
 496   1.64760632e+00  1.64761191e+00  8.69e-06 3.81e-09  8.98e-11  14271s
 497   1.64760642e+00  1.64761187e+00  8.48e-06 6.19e-09  8.77e-11  14298s
 498   1.64760654e+00  1.64761183e+00  8.25e-06 3.65e-09  8.55e-11  14325s
 499   1.64760663e+00  1.64761182e+00  8.05e-06 2.69e-09  8.40e-11  14347s
 500   1.64760682e+00  1.64761181e+00  7.73e-06 2.28e-09  8.09e-11  14367s
 501   1.64760687e+00  1.64761181e+00  7.64e-06 2.05e-09  8.01e-11  14389s
 502   1.64760690e+00  1.64761180e+00  7.58e-06 2.05e-09  7.94e-11  14409s
 503   1.64760695e+00  1.64761178e+00  7.49e-06 1.97e-09  7.84e-11  14441s
 504   1.64760704e+00  1.64761178e+00  7.35e-06 1.93e-09  7.70e-11  14474s
 505   1.64760705e+00  1.64761177e+00  7.33e-06 1.88e-09  7.68e-11  14493s
 506   1.64760714e+00  1.64761176e+00  7.16e-06 1.95e-09  7.52e-11  14527s
 507   1.64760728e+00  1.64761175e+00  6.92e-06 1.50e-09  7.28e-11  14550s
 508   1.64760729e+00  1.64761175e+00  6.92e-06 1.50e-09  7.27e-11  14573s
 509   1.64760732e+00  1.64761175e+00  6.77e-06 1.45e-09  7.21e-11  14602s
 510   1.64760732e+00  1.64761174e+00  6.76e-06 1.43e-09  7.21e-11  14629s
 511   1.64760733e+00  1.64761175e+00  6.77e-06 1.43e-09  7.20e-11  14652s
 512   1.64760733e+00  1.64761174e+00  6.74e-06 1.43e-09  7.20e-11  14673s

Barrier solved model in 512 iterations and 14672.79 seconds (7638.89 work units)
Optimal objective 1.64760235e+00

