Set parameter Username
Academic license - for non-commercial use only - expires 2027-02-09
Set parameter Threads to value 4
Set parameter Method to value 2
Set parameter BarOrder to value 1
Set parameter BarHomogeneous to value 1
Set parameter NumericFocus to value 2
Set parameter Crossover to value 0
Gurobi Optimizer version 9.5.1 build v9.5.1rc2 (linux64)
Thread count: 32 physical cores, 64 logical processors, using up to 4 threads
Optimize a model with 1845950 rows, 1008674 columns and 10572091 nonzeros
Model fingerprint: 0x2c4fe7bf
Coefficient statistics:
  Matrix range     [5e-04, 3e+00]
  Objective range  [1e+00, 1e+00]
  Bounds range     [0e+00, 0e+00]
  RHS range        [7e-04, 1e+00]
Presolve removed 538638 rows and 853564 columns (presolve time = 7s) ...
Presolve removed 642344 rows and 853565 columns
Presolve time: 9.12s
Presolved: 1203606 rows, 155109 columns, 7753331 nonzeros
Ordering time: 0.74s

Barrier statistics:
 Dense cols : 199
 AA' NZ     : 1.654e+07
 Factor NZ  : 2.232e+07 (roughly 800 MB of memory)
 Factor Ops : 9.577e+08 (less than 1 second per iteration)
 Threads    : 4

                  Objective                Residual
Iter       Primal          Dual         Primal    Dual     Compl     Time
   0   1.74182705e+01  2.50000000e+02  1.37e+07 6.25e-02  1.00e+06   572s
   1   1.74182705e+00  1.56846622e+06  1.01e+07 2.84e+02  4.90e+05   573s
   2   1.74578406e+01  3.40970436e+06  8.23e+06 1.02e+02  2.56e+05   576s
   3   7.53268873e+01  1.58011552e+06  5.84e+06 5.61e+01  1.65e+05   579s
   4   6.85347691e+01  1.01223116e+06  2.81e+06 3.82e+01  6.34e+04   581s
   5   8.22187024e+00  5.98195800e+04  1.59e+05 2.10e+00  2.51e+02   584s
   6   2.40618083e+00  4.94755218e+03  4.00e+03 1.95e-01  9.43e-01   586s
   7   2.15716717e+00  1.04952707e+03  9.61e+02 4.31e-02  1.14e-01   588s
   8   2.10471900e+00  4.20019264e+02  2.24e+02 1.70e-02  2.82e-02   592s
   9   2.09693403e+00  2.30467981e+02  1.24e+02 9.30e-03  1.48e-02   595s
  10   2.09486044e+00  1.94598065e+02  9.09e+01 7.85e-03  1.16e-02   597s
  11   2.09448593e+00  1.90509307e+02  8.40e+01 7.68e-03  1.11e-02   599s
  12   2.09436453e+00  1.72750896e+02  7.87e+01 6.92e-03  1.03e-02   603s
  13   2.09744652e+00  1.48023542e+02  6.82e+01 5.89e-03  9.25e-03   606s
  14   2.09295596e+00  1.04124928e+02  5.92e+01 3.94e-03  7.89e-03   611s
  15   1.94616740e+00  3.92844005e+01  3.96e+01 1.19e-03  3.86e-03   616s
  16   1.93194111e+00  2.52175852e+01  3.75e+01 7.88e-04  2.88e-03   620s
  17   1.84822521e+00  1.29243003e+01  2.60e+01 3.66e-04  1.37e-03   624s
  18   1.79599674e+00  9.87292191e+00  1.91e+01 2.79e-04  9.14e-04   629s
  19   1.74159649e+00  5.62410420e+00  1.22e+01 1.30e-04  4.47e-04   634s
  20   1.68360816e+00  4.17256286e+00  6.57e+00 8.57e-05  2.42e-04   638s
  21   1.62333153e+00  3.39452065e+00  3.31e+00 6.12e-05  1.37e-04   643s
  22   1.57460175e+00  2.90899332e+00  2.14e+00 4.62e-05  1.01e-04   647s
  23   1.51541251e+00  2.57247993e+00  1.34e+00 3.61e-05  7.70e-05   651s
  24   1.47847470e+00  2.26565988e+00  9.30e-01 2.68e-05  5.64e-05   654s
  25   1.45930875e+00  2.11373608e+00  6.61e-01 2.22e-05  4.42e-05   657s
  26   1.45361366e+00  2.04514202e+00  5.75e-01 2.00e-05  3.90e-05   660s
  27   1.45109516e+00  2.02128917e+00  5.32e-01 1.92e-05  3.69e-05   665s
  28   1.44908456e+00  1.85884676e+00  4.89e-01 1.39e-05  2.66e-05   669s
  29   1.44514986e+00  1.69408566e+00  3.37e-01 8.40e-06  1.43e-05   675s
  30   1.45783873e+00  1.55497923e+00  6.65e-02 3.46e-06  3.87e-06   682s
  31   1.47834577e+00  1.52749685e+00  2.60e-02 1.98e-06  1.83e-06   690s
  32   1.49263711e+00  1.51608173e+00  1.42e-02 1.06e-06  8.69e-07   706s
  33   1.50337659e+00  1.51549666e+00  7.23e-03 8.99e-07  6.50e-07   720s
  34   1.50858534e+00  1.51948724e+00  4.96e-03 5.21e-07  3.73e-07   736s
  35   1.51743608e+00  1.52180726e+00  2.81e-03 3.94e-07  2.53e-07   757s
  36   1.52151206e+00  1.52693974e+00  2.20e-03 2.41e-07  1.62e-07   790s
  37   1.52941716e+00  1.53167087e+00  1.48e-03 1.80e-07  1.21e-07   841s
  38   1.53360581e+00  1.53664016e+00  1.18e-03 1.26e-07  9.30e-08   877s
  39   1.53484026e+00  1.53846580e+00  1.08e-03 1.08e-07  8.42e-08   894s
  40   1.53577297e+00  1.53971116e+00  1.02e-03 9.64e-08  7.83e-08   911s
  41   1.53721691e+00  1.54080426e+00  9.20e-04 8.66e-08  7.19e-08   921s
  42   1.53827932e+00  1.54204389e+00  8.54e-04 7.60e-08  6.61e-08   936s
  43   1.53944413e+00  1.54332748e+00  7.74e-04 6.51e-08  5.92e-08   950s
  44   1.54073520e+00  1.54426676e+00  6.73e-04 5.63e-08  5.19e-08   961s
  45   1.54174945e+00  1.54490553e+00  5.98e-04 4.96e-08  4.62e-08   970s
  46   1.54243927e+00  1.54577661e+00  5.33e-04 4.03e-08  3.99e-08   981s
  47   1.54374235e+00  1.54636741e+00  4.17e-04 3.30e-08  3.23e-08   996s
  48   1.54525465e+00  1.54728391e+00  2.89e-04 2.13e-08  2.18e-08  1005s
  49   1.54597311e+00  1.54773639e+00  2.25e-04 1.49e-08  1.63e-08  1013s
  50   1.54623403e+00  1.54796405e+00  2.02e-04 1.14e-08  1.36e-08  1020s
  51   1.54657153e+00  1.54812555e+00  1.72e-04 8.29e-09  1.08e-08  1028s
  52   1.54723943e+00  1.54824579e+00  1.11e-04 5.66e-09  7.16e-09  1033s
  53   1.54753145e+00  1.54827865e+00  8.41e-05 4.64e-09  5.64e-09  1040s
  54   1.54784534e+00  1.54831911e+00  5.28e-05 3.07e-09  3.65e-09  1045s
  55   1.54789307e+00  1.54832434e+00  4.79e-05 2.75e-09  3.29e-09  1054s
  56   1.54797713e+00  1.54835083e+00  4.01e-05 2.35e-09  2.83e-09  1060s
  57   1.54799469e+00  1.54836855e+00  3.83e-05 1.42e-09  2.16e-09  1066s
  58   1.54807598e+00  1.54837644e+00  3.06e-05 1.01e-09  1.63e-09  1079s
  59   1.54814526e+00  1.54838788e+00  2.42e-05 9.44e-10  1.20e-09  1088s
  60   1.54814591e+00  1.54839787e+00  2.41e-05 7.49e-10  9.93e-10  1096s
  61   1.54814742e+00  1.54839952e+00  2.40e-05 6.13e-10  9.44e-10  1104s
  62   1.54815604e+00  1.54840169e+00  2.32e-05 6.44e-10  8.86e-10  1113s
  63   1.54816379e+00  1.54840322e+00  2.24e-05 4.32e-10  8.25e-10  1123s
  64   1.54827392e+00  1.54840350e+00  1.22e-05 3.36e-10  4.78e-10  1131s
  65   1.54827436e+00  1.54840373e+00  1.21e-05 7.47e-10  4.71e-10  1142s
  66   1.54827441e+00  1.54840400e+00  1.21e-05 5.81e-10  4.48e-10  1152s
  67   1.54827582e+00  1.54840413e+00  1.20e-05 1.54e-10  4.39e-10  1160s
  68   1.54827599e+00  1.54840438e+00  1.20e-05 6.35e-10  4.29e-10  1167s
  69   1.54827637e+00  1.54840441e+00  1.20e-05 6.69e-10  4.24e-10  1173s
  70   1.54827645e+00  1.54840433e+00  1.20e-05 5.29e-10  4.21e-10  1181s
  71   1.54827788e+00  1.54840429e+00  1.18e-05 3.92e-10  4.10e-10  1187s
  72   1.54827792e+00  1.54840421e+00  1.18e-05 2.97e-10  4.05e-10  1196s
  73   1.54827806e+00  1.54840408e+00  1.18e-05 1.93e-10  4.01e-10  1203s
  74   1.54827853e+00  1.54840410e+00  1.18e-05 8.46e-10  4.00e-10  1210s
  75   1.54827999e+00  1.54840382e+00  1.16e-05 5.70e-10  3.90e-10  1219s
  76   1.54828020e+00  1.54840369e+00  1.16e-05 5.82e-10  3.87e-10  1226s
  77   1.54828058e+00  1.54840360e+00  1.16e-05 5.17e-10  3.84e-10  1232s
  78   1.54828145e+00  1.54840355e+00  1.15e-05 3.89e-10  3.80e-10  1241s
  79   1.54828157e+00  1.54840351e+00  1.15e-05 3.51e-10  3.79e-10  1252s
  80   1.54828164e+00  1.54840346e+00  1.15e-05 3.01e-10  3.78e-10  1259s
  81   1.54828183e+00  1.54840352e+00  1.14e-05 3.84e-10  3.76e-10  1272s
  82   1.54828187e+00  1.54840355e+00  1.14e-05 4.46e-10  3.76e-10  1280s
  83   1.54828190e+00  1.54840371e+00  1.14e-05 4.89e-10  3.76e-10  1287s
  84   1.54828191e+00  1.54840376e+00  1.14e-05 2.85e-10  3.76e-10  1296s
  85   1.54828193e+00  1.54840474e+00  1.14e-05 4.99e-10  3.78e-10  1302s
  86   1.54828199e+00  1.54840455e+00  1.14e-05 4.12e-10  3.77e-10  1309s
  87   1.54828247e+00  1.54840452e+00  1.14e-05 4.03e-10  3.76e-10  1321s
  88   1.54828331e+00  1.54840431e+00  1.13e-05 4.17e-10  3.72e-10  1327s
  89   1.54828344e+00  1.54840418e+00  1.13e-05 3.82e-10  3.71e-10  1337s
  90   1.54828354e+00  1.54840401e+00  1.13e-05 3.25e-10  3.69e-10  1345s
  91   1.54828379e+00  1.54840397e+00  1.13e-05 2.75e-10  3.68e-10  1354s
  92   1.54828387e+00  1.54840396e+00  1.13e-05 8.28e-10  3.68e-10  1362s
  93   1.54828389e+00  1.54840408e+00  1.13e-05 9.74e-10  3.68e-10  1371s
  94   1.54828402e+00  1.54840442e+00  1.12e-05 9.42e-10  3.69e-10  1386s
  95   1.54828405e+00  1.54840413e+00  1.12e-05 7.02e-10  3.68e-10  1403s
  96   1.54828408e+00  1.54840412e+00  1.12e-05 6.96e-10  3.68e-10  1415s
  97   1.54828409e+00  1.54840559e+00  1.12e-05 5.10e-10  3.72e-10  1425s
  98   1.54834640e+00  1.54840454e+00  5.34e-06 5.03e-10  1.80e-10  1440s
  99   1.54834697e+00  1.54840372e+00  5.28e-06 3.01e-10  1.75e-10  1455s
 100   1.54834700e+00  1.54840316e+00  5.28e-06 1.42e-10  1.73e-10  1463s
 101   1.54834799e+00  1.54840279e+00  5.19e-06 7.18e-11  1.69e-10  1474s
 102   1.54834812e+00  1.54840260e+00  5.17e-06 2.01e-10  1.68e-10  1485s
 103   1.54834897e+00  1.54840246e+00  5.09e-06 1.06e-10  1.65e-10  1493s
 104   1.54835006e+00  1.54840238e+00  4.99e-06 4.89e-10  1.62e-10  1512s
 105   1.54835069e+00  1.54840236e+00  4.93e-06 2.83e-10  1.60e-10  1525s
 106   1.54835323e+00  1.54840231e+00  4.68e-06 1.83e-10  1.52e-10  1540s
 107   1.54836331e+00  1.54840228e+00  3.72e-06 1.31e-10  1.20e-10  1552s
 108   1.54836460e+00  1.54840225e+00  3.59e-06 6.23e-11  1.16e-10  1568s
 109   1.54836460e+00  1.54840239e+00  3.59e-06 6.90e-11  1.17e-10  1578s
 110   1.54837317e+00  1.54840237e+00  1.41e-05 6.58e-11  9.02e-11  1588s
 111   1.54838587e+00  1.54840229e+00  7.92e-06 2.83e-11  5.08e-11  1596s
 112   1.54838836e+00  1.54840225e+00  6.71e-06 1.36e-11  4.30e-11  1608s
 113   1.54838837e+00  1.54840225e+00  6.71e-06 4.34e-10  4.29e-11  1617s
 114   1.54838855e+00  1.54840225e+00  6.62e-06 7.31e-10  4.24e-11  1626s
 115   1.54838858e+00  1.54840226e+00  6.60e-06 9.73e-10  4.23e-11  1637s
 116   1.54838897e+00  1.54840223e+00  6.41e-06 3.73e-10  4.10e-11  1652s
 117   1.54838972e+00  1.54840221e+00  6.05e-06 1.86e-10  3.86e-11  1668s
 118   1.54838992e+00  1.54840230e+00  5.96e-06 7.44e-10  3.83e-11  1682s
 119   1.54839013e+00  1.54840225e+00  5.85e-06 2.11e-10  3.75e-11  1691s
 120   1.54839142e+00  1.54840222e+00  5.23e-06 4.47e-11  3.34e-11  1706s
 121   1.54839652e+00  1.54840220e+00  2.75e-06 4.06e-11  1.76e-11  1731s
 122   1.54839652e+00  1.54840223e+00  2.75e-06 2.66e-09  1.77e-11  1745s
 123   1.54839653e+00  1.54840223e+00  2.74e-06 2.80e-09  1.76e-11  1763s
 124   1.54839653e+00  1.54840223e+00  2.74e-06 2.64e-09  1.77e-11  1775s
 125   1.54839663e+00  1.54840224e+00  2.70e-06 2.69e-09  1.74e-11  1805s
 126   1.54839758e+00  1.54840220e+00  2.23e-06 1.38e-09  1.43e-11  1831s
 127   1.54839759e+00  1.54840220e+00  2.23e-06 1.71e-09  1.43e-11  1840s
 128   1.54839867e+00  1.54840231e+00  3.50e-05 2.59e-08  1.17e-11  1852s
 129   1.54839869e+00  1.54840230e+00  3.48e-05 4.45e-10  1.16e-11  1870s
 130   1.54839869e+00  1.54840229e+00  3.48e-05 6.29e-10  1.16e-11  1880s
 131   1.54839869e+00  1.54840230e+00  3.48e-05 1.21e-08  1.16e-11  1888s
 132   1.54839881e+00  1.54840231e+00  3.43e-05 1.90e-09  1.17e-11  1907s
 133   1.54839884e+00  1.54840231e+00  3.39e-05 1.77e-09  1.15e-11  1922s
 134   1.54839887e+00  1.54840230e+00  3.37e-05 1.82e-09  1.14e-11  1937s
 135   1.54840066e+00  1.54840225e+00  1.54e-05 2.05e-09  5.31e-12  1957s
 136   1.54840066e+00  1.54840221e+00  1.54e-05 9.76e-10  5.18e-12  1969s
 137   1.54840066e+00  1.54840221e+00  1.54e-05 4.22e-10  5.16e-12  1983s
 138   1.54840079e+00  1.54840219e+00  1.41e-05 2.59e-09  4.69e-12  1993s
 139   1.54840079e+00  1.54840217e+00  1.41e-05 1.00e-09  4.65e-12  2004s
 140   1.54840095e+00  1.54840217e+00  1.24e-05 5.25e-10  4.10e-12  2026s
 141   1.54840097e+00  1.54840216e+00  1.22e-05 6.20e-11  4.02e-12  2035s
 142   1.54840144e+00  1.54840216e+00  7.36e-06 2.05e-10  2.42e-12  2043s
 143   1.54840144e+00  1.54840216e+00  7.34e-06 2.05e-10  2.41e-12  2050s
 144   1.54840144e+00  1.54840217e+00  7.33e-06 6.59e-10  2.45e-12  2058s
 145   1.54840153e+00  1.54840258e+00  6.77e-06 8.59e-09  3.44e-12  2071s
 146   1.54840208e+00  1.54840221e+00  9.06e-07 9.62e-10  4.50e-13  2089s
 147   1.54840215e+00  1.54840216e+00  1.19e-07 1.15e-10  5.88e-14  2100s

Barrier solved model in 147 iterations and 2099.71 seconds (1150.58 work units)
Optimal objective 1.54840215e+00

