Set parameter Username
Academic license - for non-commercial use only - expires 2027-02-09
Set parameter Threads to value 4
Set parameter Method to value 2
Set parameter BarOrder to value 1
Set parameter BarHomogeneous to value 1
Set parameter NumericFocus to value 2
Set parameter Crossover to value 0
Gurobi Optimizer version 9.5.1 build v9.5.1rc2 (linux64)
Thread count: 32 physical cores, 64 logical processors, using up to 4 threads
Optimize a model with 6923665 rows, 6709209 columns and 40615106 nonzeros
Model fingerprint: 0xfefc4641
Coefficient statistics:
  Matrix range     [5e-04, 3e+00]
  Objective range  [1e+00, 1e+00]
  Bounds range     [0e+00, 0e+00]
  RHS range        [7e-04, 1e+00]
Presolve removed 1870196 rows and 5442495 columns (presolve time = 5s) ...
Presolve removed 2102829 rows and 5560365 columns (presolve time = 13s) ...
Presolve removed 2112464 rows and 5570000 columns (presolve time = 16s) ...
Presolve removed 2335463 rows and 5792999 columns (presolve time = 29s) ...
Presolve removed 2335465 rows and 5793000 columns (presolve time = 31s) ...
Presolve removed 2791804 rows and 5793000 columns (presolve time = 35s) ...
Presolve removed 2791804 rows and 5793000 columns
Presolve time: 39.21s
Presolved: 4131861 rows, 916209 columns, 26301086 nonzeros
Ordering time: 4.50s

Barrier statistics:
 Dense cols : 329
 AA' NZ     : 1.091e+08
 Factor NZ  : 1.545e+08 (roughly 3.3 GB of memory)
 Factor Ops : 1.219e+10 (roughly 1 second per iteration)
 Threads    : 4

                  Objective                Residual
Iter       Primal          Dual         Primal    Dual     Compl     Time
   0   1.74364780e+01  2.50000000e+02  5.89e+07 6.25e-02  1.00e+06  3457s
   1   1.74364780e+00  2.38434735e+06  4.44e+07 3.55e+02  5.86e+05  3466s
   2   6.12363541e+00  3.32764662e+07  3.60e+07 1.04e+02  3.87e+05  3479s
   3   1.28463408e+01  5.76784152e+06  2.62e+07 5.42e+01  2.47e+05  3493s
   4   3.33410696e+00  3.57158046e+05  3.79e+05 5.81e+00  4.39e+02  3507s
   5   3.47331722e+00  1.68241067e+05  1.07e+05 2.13e+00  6.59e+01  3519s
   6   2.25228232e+00  1.70116904e+04  6.20e+03 2.17e-01  9.11e-01  3533s
   7   2.18818179e+00  5.56012764e+03  2.73e+03 7.15e-02  2.87e-01  3544s
   8   2.15835295e+00  3.14581964e+03  1.20e+03 4.19e-02  1.21e-01  3557s
   9   2.14076814e+00  1.80748215e+03  4.28e+02 2.40e-02  4.80e-02  3574s
  10   2.13655660e+00  1.28523845e+03  2.99e+02 1.72e-02  3.33e-02  3586s
  11   2.13568816e+00  1.18591639e+03  2.62e+02 1.58e-02  2.97e-02  3598s
  12   2.13586673e+00  1.00389274e+03  2.40e+02 1.33e-02  2.65e-02  3614s
  13   2.13463367e+00  7.07697634e+02  1.95e+02 9.04e-03  2.12e-02  3633s
  14   2.11802760e+00  5.68392761e+02  1.68e+02 6.50e-03  1.88e-02  3653s
  15   2.02839268e+00  2.07409006e+02  1.32e+02 2.35e-03  1.02e-02  3672s
  16   2.01928307e+00  1.46100497e+02  1.28e+02 1.69e-03  8.71e-03  3689s
  17   1.96739951e+00  1.05993364e+02  1.09e+02 1.28e-03  6.37e-03  3709s
  18   1.78849295e+00  5.65101718e+01  4.53e+01 6.96e-04  2.04e-03  3729s
  19   1.75800123e+00  2.83943052e+01  3.47e+01 3.31e-04  1.15e-03  3748s
  20   1.71094022e+00  1.57574090e+01  2.02e+01 1.75e-04  5.60e-04  3768s
  21   1.66426777e+00  9.34156873e+00  9.88e+00 9.82e-05  2.39e-04  3787s
  22   1.65145847e+00  7.37814559e+00  8.08e+00 7.42e-05  1.79e-04  3804s
  23   1.64097991e+00  6.60060217e+00  7.02e+00 6.46e-05  1.50e-04  3818s
  24   1.62834130e+00  5.42271501e+00  5.72e+00 4.95e-05  1.12e-04  3832s
  25   1.59323669e+00  4.97631721e+00  3.84e+00 4.39e-05  8.08e-05  3849s
  26   1.54533263e+00  3.91735316e+00  2.19e+00 3.07e-05  4.85e-05  3870s
  27   1.51235908e+00  3.11075032e+00  1.73e+00 2.08e-05  3.41e-05  3893s
  28   1.49340679e+00  2.67532347e+00  1.40e+00 1.55e-05  2.52e-05  3916s
  29   1.47474695e+00  2.32931383e+00  1.07e+00 1.12e-05  1.76e-05  3940s
  30   1.45644125e+00  2.19263366e+00  6.17e-01 9.47e-06  1.26e-05  3963s
  31   1.45084369e+00  2.11955527e+00  4.62e-01 8.56e-06  1.03e-05  3990s
  32   1.44742238e+00  2.00673811e+00  3.66e-01 7.15e-06  8.10e-06  4016s
  33   1.44414333e+00  1.91478040e+00  2.82e-01 6.00e-06  6.35e-06  4043s
  34   1.44239714e+00  1.82091314e+00  2.29e-01 4.83e-06  4.88e-06  4071s
  35   1.44168226e+00  1.76812807e+00  2.01e-01 4.17e-06  4.10e-06  4099s
  36   1.44169037e+00  1.66187556e+00  1.32e-01 2.82e-06  2.54e-06  4128s
  37   1.44357633e+00  1.59443248e+00  1.02e-01 1.93e-06  1.67e-06  4163s
  38   1.44892738e+00  1.54809474e+00  4.82e-02 1.24e-06  9.65e-07  4213s
  39   1.46145347e+00  1.52867118e+00  2.66e-02 9.02e-07  6.34e-07  4344s
  40   1.47535793e+00  1.51903319e+00  1.80e-02 7.02e-07  4.44e-07  4476s
  41   1.47882697e+00  1.51438097e+00  1.58e-02 5.41e-07  3.35e-07  4590s
  42   1.48444580e+00  1.51364332e+00  1.29e-02 4.99e-07  2.94e-07  4715s
  43   1.49027392e+00  1.51189044e+00  1.03e-02 3.16e-07  1.81e-07  4762s
  44   1.50307959e+00  1.51284528e+00  5.38e-03 2.56e-07  1.25e-07  4820s
  45   1.50313782e+00  1.51353289e+00  5.36e-03 2.31e-07  1.15e-07  4853s
  46   1.50955954e+00  1.51577874e+00  3.74e-03 1.64e-07  7.62e-08  4893s
  47   1.51381806e+00  1.51926028e+00  3.01e-03 1.17e-07  5.34e-08  4925s
  48   1.51411585e+00  1.52337956e+00  2.97e-03 8.17e-08  4.19e-08  4966s
  49   1.51929337e+00  1.52599236e+00  2.24e-03 7.33e-08  3.61e-08  5001s
  50   1.52341145e+00  1.52961366e+00  1.89e-03 5.99e-08  3.10e-08  5059s
  51   1.52811949e+00  1.53302212e+00  1.52e-03 4.82e-08  2.60e-08  5091s
  52   1.53125986e+00  1.53709081e+00  1.29e-03 3.58e-08  2.18e-08  5125s
  53   1.53336577e+00  1.54004283e+00  1.14e-03 2.74e-08  1.90e-08  5163s
  54   1.53476827e+00  1.54168827e+00  1.05e-03 2.30e-08  1.72e-08  5213s
  55   1.53680094e+00  1.54317765e+00  9.00e-04 1.88e-08  1.48e-08  5236s
  56   1.53996455e+00  1.54417066e+00  6.62e-04 1.56e-08  1.15e-08  5263s
  57   1.54161515e+00  1.54650872e+00  5.17e-04 7.87e-09  8.09e-09  5289s
  58   1.54204369e+00  1.54674290e+00  4.78e-04 5.88e-09  6.87e-09  5313s
  59   1.54322448e+00  1.54681515e+00  3.69e-04 4.98e-09  5.50e-09  5343s
  60   1.54346902e+00  1.54682877e+00  3.51e-04 4.85e-09  5.25e-09  5362s
  61   1.54420783e+00  1.54712946e+00  2.94e-04 3.60e-09  4.24e-09  5395s
  62   1.54443361e+00  1.54727871e+00  2.76e-04 2.91e-09  3.79e-09  5423s
  63   1.54510107e+00  1.54738144e+00  2.20e-04 2.31e-09  3.03e-09  5464s
  64   1.54517026e+00  1.54741364e+00  2.15e-04 2.13e-09  2.89e-09  5491s
  65   1.54563881e+00  1.54747394e+00  1.74e-04 1.74e-09  2.34e-09  5523s
  66   1.54567091e+00  1.54752171e+00  1.72e-04 1.38e-09  2.18e-09  5557s
  67   1.54579429e+00  1.54752700e+00  1.61e-04 1.32e-09  2.06e-09  5583s
  68   1.54585387e+00  1.54756464e+00  1.56e-04 9.98e-10  1.88e-09  5615s
  69   1.54586231e+00  1.54757995e+00  1.55e-04 8.25e-10  1.80e-09  5651s
  70   1.54588907e+00  1.54758761e+00  1.53e-04 6.70e-10  1.71e-09  5686s
  71   1.54593235e+00  1.54758847e+00  1.49e-04 6.37e-10  1.66e-09  5713s
  72   1.54611760e+00  1.54759729e+00  1.32e-04 5.17e-10  1.43e-09  5750s
  73   1.54652237e+00  1.54759657e+00  9.58e-05 3.60e-10  1.03e-09  5783s
  74   1.54681025e+00  1.54758907e+00  6.92e-05 2.62e-10  7.54e-10  5833s
  75   1.54681061e+00  1.54758664e+00  6.92e-05 2.53e-10  7.46e-10  5868s
  76   1.54682538e+00  1.54759029e+00  6.78e-05 2.50e-10  7.30e-10  5902s
  77   1.54685510e+00  1.54759429e+00  6.51e-05 5.33e-10  6.94e-10  5955s
  78   1.54685644e+00  1.54759533e+00  6.50e-05 5.27e-10  6.88e-10  6003s
  79   1.54691902e+00  1.54759520e+00  5.95e-05 1.05e-09  6.18e-10  6056s
  80   1.54708266e+00  1.54759514e+00  4.46e-05 8.52e-10  4.63e-10  6095s
  81   1.54712260e+00  1.54759269e+00  4.10e-05 1.24e-09  4.22e-10  6128s
  82   1.54726751e+00  1.54759186e+00  2.78e-05 1.38e-09  3.01e-10  6167s
  83   1.54733901e+00  1.54759039e+00  2.16e-05 2.68e-10  2.35e-10  6212s
  84   1.54733933e+00  1.54759002e+00  2.15e-05 1.21e-09  2.34e-10  6246s
  85   1.54734091e+00  1.54758871e+00  2.14e-05 1.33e-09  2.27e-10  6275s
  86   1.54734144e+00  1.54758863e+00  2.13e-05 5.58e-10  2.26e-10  6315s
  87   1.54734446e+00  1.54758878e+00  2.11e-05 1.13e-09  2.24e-10  6364s
  88   1.54738089e+00  1.54758687e+00  1.79e-05 4.10e-09  1.85e-10  6414s
  89   1.54738196e+00  1.54758654e+00  1.78e-05 4.45e-09  1.82e-10  6462s
  90   1.54738369e+00  1.54758601e+00  1.76e-05 3.77e-09  1.79e-10  6497s
  91   1.54738380e+00  1.54758561e+00  1.76e-05 1.09e-09  1.77e-10  6548s
  92   1.54745166e+00  1.54758484e+00  1.15e-05 1.15e-09  1.19e-10  6598s
  93   1.54745283e+00  1.54758480e+00  1.14e-05 1.59e-09  1.18e-10  6639s
  94   1.54745370e+00  1.54758430e+00  1.14e-05 1.23e-09  1.14e-10  6725s
  95   1.54748322e+00  1.54758386e+00  8.72e-06 1.56e-09  8.90e-11  6778s
  96   1.54748352e+00  1.54758382e+00  8.70e-06 1.08e-09  8.86e-11  6835s
  97   1.54748734e+00  1.54758339e+00  8.36e-06 8.17e-10  8.35e-11  6881s
  98   1.54748818e+00  1.54758329e+00  8.28e-06 1.17e-09  8.24e-11  6916s
  99   1.54748822e+00  1.54758301e+00  8.28e-06 8.42e-10  8.12e-11  6946s
 100   1.54748901e+00  1.54758267e+00  8.20e-06 4.60e-09  7.94e-11  6998s
 101   1.54749033e+00  1.54758241e+00  8.09e-06 5.94e-10  7.74e-11  7052s
 102   1.54749893e+00  1.54758245e+00  1.02e-04 2.87e-09  7.76e-11  7094s
 103   1.54750009e+00  1.54758237e+00  1.01e-04 5.91e-09  7.63e-11  7135s
 104   1.54750018e+00  1.54758223e+00  1.01e-04 5.82e-09  7.58e-11  7173s
 105   1.54750113e+00  1.54758204e+00  9.96e-05 5.04e-09  7.44e-11  7212s
 106   1.54750120e+00  1.54758196e+00  9.95e-05 2.09e-09  7.42e-11  7245s
 107   1.54750132e+00  1.54758184e+00  9.94e-05 9.88e-10  7.38e-11  7279s
 108   1.54750970e+00  1.54758180e+00  8.89e-05 9.25e-10  6.62e-11  7332s
 109   1.54751483e+00  1.54758179e+00  8.25e-05 1.46e-09  6.15e-11  7400s
 110   1.54751590e+00  1.54758176e+00  8.12e-05 1.67e-09  6.02e-11  7438s
 111   1.54751645e+00  1.54758174e+00  8.05e-05 1.09e-09  5.96e-11  7477s
 112   1.54751647e+00  1.54758173e+00  8.05e-05 9.82e-10  5.96e-11  7518s
 113   1.54751854e+00  1.54758369e+00  7.81e-05 6.48e-09  5.92e-11  7558s
 114   1.54755478e+00  1.54758345e+00  3.27e-05 5.80e-09  2.63e-11  7582s
 115   1.54755491e+00  1.54758337e+00  3.25e-05 5.61e-09  2.61e-11  7630s
 116   1.54755554e+00  1.54758329e+00  3.18e-05 5.37e-09  2.55e-11  7680s
 117   1.54755647e+00  1.54758319e+00  3.06e-05 5.26e-09  2.45e-11  7734s
 118   1.54755648e+00  1.54758266e+00  3.06e-05 3.83e-09  2.40e-11  7784s
 119   1.54755658e+00  1.54758262e+00  3.05e-05 3.73e-09  2.39e-11  7849s
 120   1.54755708e+00  1.54758255e+00  2.99e-05 4.36e-09  2.33e-11  7908s
 121   1.54755737e+00  1.54758249e+00  2.95e-05 6.13e-09  2.30e-11  7986s
 122   1.54755764e+00  1.54758211e+00  2.92e-05 4.96e-09  2.24e-11  8043s
 123   1.54755802e+00  1.54758192e+00  2.87e-05 5.35e-09  2.19e-11  8090s
 124   1.54756995e+00  1.54758190e+00  1.37e-05 4.48e-09  1.09e-11  8147s
 125   1.54757005e+00  1.54758178e+00  1.36e-05 3.30e-09  1.07e-11  8231s
 126   1.54757008e+00  1.54758177e+00  1.35e-05 3.20e-09  1.07e-11  8282s
 127   1.54757008e+00  1.54758177e+00  1.35e-05 2.99e-09  1.06e-11  8340s
 128   1.54757009e+00  1.54758181e+00  1.35e-05 2.78e-09  1.07e-11  8402s
 129   1.54757024e+00  1.54758151e+00  1.33e-05 1.81e-09  1.03e-11  8467s
 130   1.54757043e+00  1.54758150e+00  1.31e-05 2.33e-09  1.01e-11  8538s
 131   1.54757061e+00  1.54758132e+00  1.29e-05 1.80e-09  9.86e-12  8591s
 132   1.54757092e+00  1.54758115e+00  1.25e-05 8.47e-10  9.41e-12  8704s
 133   1.54757092e+00  1.54758113e+00  1.25e-05 7.82e-10  9.39e-12  8748s
 134   1.54757152e+00  1.54758191e+00  1.18e-05 2.88e-09  9.59e-12  8839s
 135   1.54757359e+00  1.54758190e+00  9.19e-06 2.86e-09  7.64e-12  8907s
 136   1.54757657e+00  1.54757979e+00  3.97e-06 5.46e-08  2.60e-12  8951s
 137   1.54757657e+00  1.54757979e+00  3.97e-06 5.45e-08  2.60e-12  8981s
 138   1.54757662e+00  1.54758030e+00  3.93e-06 4.00e-08  2.70e-12  9015s
 139   1.54757664e+00  1.54758035e+00  3.91e-06 3.72e-08  2.67e-12  9049s
 140   1.54757675e+00  1.54758040e+00  3.81e-06 3.37e-08  2.58e-12  9083s
 141   1.54757678e+00  1.54758042e+00  3.78e-06 3.28e-08  2.56e-12  9134s
 142   1.54757684e+00  1.54758072e+00  3.72e-06 1.04e-08  2.31e-12  9179s
 143   1.54757687e+00  1.54758078e+00  3.69e-06 5.18e-09  2.24e-12  9222s
 144   1.54757688e+00  1.54758079e+00  3.68e-06 4.70e-09  2.23e-12  9268s
 145   1.54757689e+00  1.54758080e+00  3.68e-06 2.72e-09  2.20e-12  9299s
 146   1.54757690e+00  1.54758080e+00  3.67e-06 2.34e-09  2.19e-12  9359s
 147   1.54757692e+00  1.54758081e+00  3.65e-06 2.17e-09  2.18e-12  9414s
 148   1.54757699e+00  1.54758081e+00  3.59e-06 2.16e-09  2.14e-12  9477s
 149   1.54757700e+00  1.54758081e+00  3.57e-06 1.55e-09  2.13e-12  9523s
 150   1.54757706e+00  1.54758082e+00  3.52e-06 9.44e-10  2.09e-12  9578s
 151   1.54757711e+00  1.54758083e+00  3.47e-06 5.05e-10  2.06e-12  9635s
 152   1.54757711e+00  1.54758083e+00  3.47e-06 3.83e-10  2.05e-12  9676s
 153   1.54757718e+00  1.54758083e+00  3.41e-06 3.90e-10  2.01e-12  9719s
 154   1.54757725e+00  1.54758082e+00  3.34e-06 3.54e-10  1.97e-12  9780s
 155   1.54757732e+00  1.54758083e+00  3.28e-06 4.62e-10  1.93e-12  9830s
 156   1.54757733e+00  1.54758082e+00  3.27e-06 4.48e-10  1.92e-12  9871s
 157   1.54757768e+00  1.54758082e+00  2.94e-06 4.49e-10  1.73e-12  9923s
 158   1.54757775e+00  1.54758082e+00  2.87e-06 3.94e-10  1.69e-12  9954s
 159   1.54757784e+00  1.54758082e+00  2.79e-06 3.55e-10  1.64e-12  10001s
 160   1.54757784e+00  1.54758082e+00  2.79e-06 4.26e-10  1.64e-12  10034s
 161   1.54757884e+00  1.54758082e+00  1.85e-06 5.49e-10  1.09e-12  10091s
 162   1.54757885e+00  1.54758082e+00  1.85e-06 5.45e-10  1.09e-12  10115s
 163   1.54757885e+00  1.54758105e+00  1.85e-06 6.58e-10  1.29e-12  10143s
 164   1.54758061e+00  1.54758086e+00  1.96e-07 5.29e-10  1.57e-13  10198s
 165   1.54758073e+00  1.54758085e+00  8.17e-08 1.29e-09  8.04e-14  10239s
 166   1.54758074e+00  1.54758085e+00  7.54e-08 1.22e-09  7.60e-14  10263s
 167   1.54758078e+00  1.54758082e+00  3.92e-08 5.39e-10  2.64e-14  10289s
 168   1.54758079e+00  1.54758082e+00  3.26e-08 2.22e-09  2.25e-14  10310s
 169   1.54758083e+00  1.54758082e+00  1.17e-08 1.62e-09  7.11e-15  10337s

Barrier solved model in 169 iterations and 10336.78 seconds (5651.64 work units)
Optimal objective 1.54758083e+00

