Set parameter Username
Academic license - for non-commercial use only - expires 2027-02-09
Set parameter Threads to value 4
Set parameter Method to value 2
Set parameter BarOrder to value 1
Set parameter BarHomogeneous to value 1
Set parameter NumericFocus to value 2
Set parameter Crossover to value 0
Gurobi Optimizer version 9.5.1 build v9.5.1rc2 (linux64)
Thread count: 32 physical cores, 64 logical processors, using up to 4 threads
Optimize a model with 707604 rows, 237200 columns and 4124912 nonzeros
Model fingerprint: 0x90474b74
Coefficient statistics:
  Matrix range     [5e-04, 3e+00]
  Objective range  [1e+00, 1e+00]
  Bounds range     [0e+00, 0e+00]
  RHS range        [7e-04, 1e+00]
Presolve removed 196428 rows and 205478 columns
Presolve time: 2.76s
Presolved: 40772 rows, 502126 columns, 3251967 nonzeros
Ordering time: 0.11s

Barrier statistics:
 Dense cols : 78
 AA' NZ     : 2.841e+05
 Factor NZ  : 9.123e+05 (roughly 230 MB of memory)
 Factor Ops : 4.348e+07 (less than 1 second per iteration)
 Threads    : 4

                  Objective                Residual
Iter       Primal          Dual         Primal    Dual     Compl     Time
   0   7.12615258e+07  0.00000000e+00  7.38e+06 0.00e+00  1.00e+06     4s
   1   3.86200800e+07 -1.02051338e+01  3.99e+06 7.91e+02  5.89e+05     4s
   2   1.95521590e+07 -2.02013278e+01  2.01e+06 6.26e+02  3.43e+05     5s
   3   7.35239003e+06  7.19845312e-01  7.42e+05 4.46e+02  1.68e+05     5s
   4   4.80685817e+06  3.29292167e+01  4.91e+05 4.08e+02  1.87e+05     6s
   5   3.72340811e+06  7.95147993e+01  3.82e+05 3.08e+02  1.53e+05     7s
   6   3.04910621e+06  1.55204268e+02  3.13e+05 2.26e+02  1.19e+05     7s
   7   2.47495365e+06  1.90437311e+02  2.54e+05 1.92e+02  9.89e+04     8s
   8   2.25820981e+06  2.04984217e+02  2.32e+05 1.78e+02  9.03e+04     9s
   9   1.95313475e+06  2.26047015e+02  2.00e+05 1.56e+02  7.69e+04    10s
  10   1.53898554e+06  2.38651078e+02  1.58e+05 1.36e+02  6.26e+04    11s
  11   1.30034278e+06  2.29423984e+02  1.33e+05 1.20e+02  5.33e+04    12s
  12   1.15229128e+06  2.09548014e+02  1.18e+05 1.10e+02  4.73e+04    13s
  13   7.43421591e+05  1.77720822e+02  7.56e+04 9.81e+01  3.35e+04    14s
  14   5.93810431e+05  1.00143390e+02  6.02e+04 6.77e+01  2.17e+04    15s
  15   3.93797299e+05  4.83646984e+01  3.97e+04 4.36e+01  1.10e+04    16s
  16   1.70518168e+05  1.24617714e+01  1.69e+04 1.60e+01  2.16e+03    17s
  17   2.47820924e+04  2.89831878e+00  2.45e+03 3.37e+00  7.39e+01    18s
  18   4.52130700e+03  1.30059279e+00  4.46e+02 5.97e-01  2.97e+00    19s
  19   1.03742685e+03  1.32658211e+00  1.02e+02 2.55e-01  3.83e-01    20s
  20   2.47152554e+02  1.39034168e+00  2.42e+01 9.78e-02  4.74e-02    21s
  21   1.11961193e+02  1.40993458e+00  1.09e+01 4.47e-02  1.30e-02    22s
  22   6.89354556e+01  1.39555049e+00  6.64e+00 1.29e-02  3.76e-03    23s
  23   5.38867958e+01  1.38300362e+00  5.16e+00 8.43e-03  2.46e-03    24s
  24   3.71038779e+01  1.37311963e+00  3.51e+00 6.12e-03  1.50e-03    25s
  25   2.73594369e+01  1.36078184e+00  2.56e+00 4.22e-03  9.86e-04    27s
  26   2.13175652e+01  1.34997091e+00  1.96e+00 2.48e-03  6.45e-04    28s
  27   1.67424859e+01  1.38080449e+00  1.51e+00 1.19e-03  3.56e-04    29s
  28   7.32385256e+00  1.41608199e+00  5.82e-01 2.65e-04  9.29e-05    29s
  29   5.26700164e+00  1.44116260e+00  3.77e-01 1.13e-04  5.15e-05    30s
  30   4.81881535e+00  1.44459571e+00  3.32e-01 1.04e-04  4.49e-05    31s
  31   4.33033774e+00  1.44935841e+00  2.83e-01 9.67e-05  3.77e-05    32s
  32   3.48897624e+00  1.46657643e+00  1.99e-01 6.89e-05  2.42e-05    32s
  33   3.00844058e+00  1.48653135e+00  1.50e-01 4.69e-05  1.59e-05    33s
  34   2.42277413e+00  1.50255795e+00  9.11e-02 2.50e-05  8.53e-06    34s
  35   2.11296256e+00  1.51187170e+00  5.94e-02 1.64e-05  5.38e-06    35s
  36   1.93023921e+00  1.52781983e+00  4.01e-02 9.71e-06  3.53e-06    36s
  37   1.79376543e+00  1.53450222e+00  2.55e-02 7.00e-06  2.50e-06    37s
  38   1.69465858e+00  1.53947854e+00  1.51e-02 4.91e-06  1.59e-06    38s
  39   1.65893971e+00  1.54370012e+00  1.13e-02 2.89e-06  1.09e-06    38s
  40   1.61848990e+00  1.54507142e+00  7.10e-03 2.00e-06  7.49e-07    39s
  41   1.60267336e+00  1.54669848e+00  5.45e-03 1.35e-06  5.45e-07    40s
  42   1.58656000e+00  1.54763045e+00  3.78e-03 9.19e-07  3.82e-07    40s
  43   1.57184512e+00  1.54826446e+00  2.27e-03 5.32e-07  2.40e-07    41s
  44   1.56135928e+00  1.54885829e+00  1.21e-03 2.45e-07  1.26e-07    42s
  45   1.56025453e+00  1.54905916e+00  1.09e-03 1.54e-07  1.05e-07    43s
  46   1.55823724e+00  1.54918643e+00  8.91e-04 9.64e-08  8.14e-08    43s
  47   1.55453424e+00  1.54928891e+00  5.16e-04 4.73e-08  4.70e-08    44s
  48   1.55358037e+00  1.54934045e+00  4.20e-04 2.71e-08  3.66e-08    46s
  49   1.55237633e+00  1.54937891e+00  2.98e-04 1.33e-08  2.51e-08    47s
  50   1.55115687e+00  1.54939525e+00  1.75e-04 8.87e-09  1.50e-08    48s
  51   1.55048184e+00  1.54941065e+00  1.07e-04 3.90e-09  8.97e-09    49s
  52   1.54985776e+00  1.54941572e+00  4.36e-05 2.54e-09  3.90e-09    50s
  53   1.54960372e+00  1.54942217e+00  1.80e-05 7.31e-10  1.56e-09    51s
  54   1.54948467e+00  1.54942353e+00  6.05e-06 3.52e-10  5.54e-10    53s
  55   1.54944332e+00  1.54942437e+00  1.87e-06 1.28e-10  1.77e-10    54s
  56   1.54943961e+00  1.54942469e+00  1.49e-06 3.85e-11  1.28e-10    56s
  57   1.54943060e+00  1.54942479e+00  5.81e-07 1.37e-11  5.02e-11    58s
  58   1.54942656e+00  1.54942483e+00  1.72e-07 2.43e-12  1.55e-11    60s
  59   1.54942655e+00  1.54942484e+00  1.71e-07 9.86e-12  1.49e-11    61s
  60   1.54942620e+00  1.54942485e+00  1.35e-07 3.56e-12  1.16e-11    63s
  61   1.54942611e+00  1.54942485e+00  1.27e-07 2.14e-12  1.08e-11    64s
  62   1.54942611e+00  1.54942485e+00  1.26e-07 1.38e-10  1.07e-11    66s
  63   1.54942607e+00  1.54942485e+00  1.22e-07 2.25e-11  1.03e-11    68s
  64   1.54942598e+00  1.54942485e+00  1.13e-07 1.09e-11  9.48e-12    70s
  65   1.54942597e+00  1.54942485e+00  1.13e-07 2.09e-10  9.46e-12    72s
  66   1.54942594e+00  1.54942485e+00  1.09e-07 1.02e-10  9.16e-12    74s
  67   1.54942592e+00  1.54942485e+00  1.07e-07 5.33e-11  8.99e-12    75s
  68   1.54942591e+00  1.54942485e+00  1.07e-07 7.20e-13  8.94e-12    77s
  69   1.54942588e+00  1.54942485e+00  1.04e-07 7.01e-13  8.69e-12    79s
  70   1.54942587e+00  1.54942485e+00  1.03e-07 8.54e-13  8.61e-12    80s
  71   1.54942587e+00  1.54942485e+00  1.02e-07 4.90e-12  8.58e-12    81s
  72   1.54942580e+00  1.54942485e+00  9.48e-08 1.25e-10  7.95e-12    83s
  73   1.54942579e+00  1.54942485e+00  9.38e-08 2.01e-11  7.87e-12    85s
  74   1.54942579e+00  1.54942485e+00  9.38e-08 1.46e-10  7.86e-12    86s
  75   1.54942567e+00  1.54942485e+00  8.23e-08 9.10e-11  6.90e-12    87s
  76   1.54942564e+00  1.54942485e+00  7.93e-08 1.40e-10  6.65e-12    88s
  77   1.54942531e+00  1.54942485e+00  4.62e-08 5.46e-11  3.87e-12    90s
  78   1.54942531e+00  1.54942485e+00  4.61e-08 4.86e-11  3.87e-12    91s
  79   1.54942531e+00  1.54942485e+00  4.61e-08 4.86e-11  3.87e-12    93s
  80   1.54942531e+00  1.54942485e+00  4.61e-08 4.85e-11  3.87e-12    94s
  81   1.54942531e+00  1.54942485e+00  4.61e-08 4.86e-11  3.87e-12    96s
  82   1.54942531e+00  1.54942485e+00  4.61e-08 4.87e-11  3.87e-12    97s
  83   1.54942531e+00  1.54942485e+00  4.61e-08 7.87e-11  3.87e-12    98s
  84   1.54942531e+00  1.54942485e+00  4.61e-08 1.07e-10  3.87e-12   100s
  85   1.54942531e+00  1.54942485e+00  4.61e-08 1.12e-10  3.89e-12   102s
  86   1.54942531e+00  1.54942485e+00  4.59e-08 7.00e-10  4.09e-12   103s
  87   1.54942509e+00  1.54942485e+00  2.38e-08 3.14e-10  2.12e-12   105s
  88   1.54942506e+00  1.54942485e+00  2.11e-08 1.59e-10  1.84e-12   106s
  89   1.54942505e+00  1.54942485e+00  1.97e-08 7.98e-11  1.69e-12   107s
  90   1.54942500e+00  1.54942485e+00  1.46e-08 4.01e-11  1.25e-12   108s
  91   1.54942492e+00  1.54942485e+00  7.32e-09 1.01e-10  6.25e-13   109s
  92   1.54942489e+00  1.54942485e+00  3.66e-09 9.21e-11  3.13e-13   111s
  93   1.54942487e+00  1.54942485e+00  1.83e-09 6.42e-11  1.56e-13   112s

Barrier solved model in 93 iterations and 111.53 seconds (82.68 work units)
Optimal objective 1.54942487e+00

