Set parameter Username
Academic license - for non-commercial use only - expires 2027-02-09
Set parameter Threads to value 4
Set parameter Method to value 2
Set parameter BarOrder to value 1
Set parameter BarHomogeneous to value 1
Set parameter NumericFocus to value 2
Set parameter Crossover to value 0
Gurobi Optimizer version 9.5.1 build v9.5.1rc2 (linux64)
Thread count: 32 physical cores, 64 logical processors, using up to 4 threads
Optimize a model with 7462403 rows, 8210954 columns and 54207059 nonzeros
Model fingerprint: 0xfb9fd45e
Coefficient statistics:
  Matrix range     [2e-04, 3e+00]
  Objective range  [1e+00, 1e+00]
  Bounds range     [0e+00, 0e+00]
  RHS range        [7e-04, 1e+00]
Presolve removed 1754055 rows and 6824529 columns (presolve time = 6s) ...
Presolve removed 1754055 rows and 6945635 columns (presolve time = 11s) ...
Presolve removed 3245404 rows and 6949356 columns (presolve time = 17s) ...
Presolve removed 3245404 rows and 6949356 columns (presolve time = 27s) ...
Presolve removed 3252846 rows and 6949357 columns (presolve time = 31s) ...
Presolve removed 3252846 rows and 6949357 columns
Presolve time: 33.30s
Presolved: 4209557 rows, 1261597 columns, 29952206 nonzeros
Ordering time: 3.97s

Barrier statistics:
 Dense cols : 285
 AA' NZ     : 6.582e+07
 Factor NZ  : 9.998e+07 (roughly 2.4 GB of memory)
 Factor Ops : 6.935e+09 (less than 1 second per iteration)
 Threads    : 4

                  Objective                Residual
Iter       Primal          Dual         Primal    Dual     Compl     Time
   0   3.31319516e+00  6.25000000e+01  6.05e+07 6.25e-02  1.00e+06  2752s
   1   3.65874399e+00  3.30782017e+05  5.56e+07 8.12e+02  9.25e+05  2759s
   2   8.08768223e+00  6.64714563e+05  5.00e+07 8.12e+02  8.63e+05  2769s
   3   4.72166514e+01  4.63838013e+06  2.70e+07 4.27e+02  5.09e+05  2783s
   4   1.62343718e+01  2.56396458e+05  7.52e+06 2.44e+01  1.02e+04  2795s
   5   8.07517595e+00  2.42182292e+04  1.63e+06 2.10e+00  3.96e+02  2812s
   6   6.97889725e+00  1.04625736e+04  7.53e+05 7.08e-01  1.16e+02  2824s
   7   6.71756222e+00  7.42281965e+03  4.95e+05 5.01e-01  6.90e+01  2832s
   8   6.62679690e+00  4.66351158e+03  4.19e+05 3.16e-01  4.84e+01  2842s
   9   6.58432569e+00  3.51083989e+03  3.39e+05 2.34e-01  3.70e+01  2850s
  10   6.58870431e+00  1.56961910e+03  2.92e+05 1.02e-01  2.70e+01  2861s
  11   5.83041084e+00  9.94940735e+02  2.39e+05 6.72e-02  2.20e+01  2874s
  12   5.71150944e+00  7.83321567e+02  1.61e+05 5.33e-02  1.52e+01  2888s
  13   5.80314628e+00  3.33134687e+02  1.12e+05 2.23e-02  9.95e+00  2900s
  14   5.83272837e+00  1.39597286e+02  7.06e+04 9.12e-03  6.08e+00  2908s
  15   6.18256178e+00  8.02985691e+01  4.81e+04 5.19e-03  4.15e+00  2918s
  16   7.00138388e+00  5.93478221e+01  3.24e+04 3.76e-03  2.87e+00  2928s
  17   7.76705702e+00  3.98885846e+01  2.26e+04 2.26e-03  1.99e+00  2943s
  18   8.52956311e+00  3.07579804e+01  1.41e+04 1.49e-03  1.22e+00  2961s
  19   9.96065326e+00  2.72716363e+01  1.06e+04 1.13e-03  9.00e-01  2974s
  20   1.16922620e+01  2.50522387e+01  8.30e+03 9.01e-04  7.01e-01  2985s
  21   1.28241327e+01  2.37499605e+01  7.59e+03 7.44e-04  6.37e-01  2995s
  22   1.36942976e+01  2.19941865e+01  7.26e+03 5.50e-04  6.00e-01  3010s
  23   1.46208184e+01  2.09884560e+01  6.18e+03 4.88e-04  5.29e-01  3030s
  24   1.37026951e+01  1.81865352e+01  5.53e+03 4.19e-04  4.51e-01  3053s
  25   1.26538115e+01  1.59463594e+01  5.08e+03 3.44e-04  3.91e-01  3074s
  26   1.11151162e+01  1.48695753e+01  4.37e+03 3.00e-04  3.21e-01  3093s
  27   8.58584229e+00  1.31634459e+01  3.35e+03 2.27e-04  2.17e-01  3112s
  28   6.53856871e+00  1.06830065e+01  2.55e+03 1.42e-04  1.26e-01  3130s
  29   2.50305391e+00  5.53517570e+00  7.61e+02 3.87e-05  1.50e-02  3150s
  30   1.76403601e+00  3.72018204e+00  1.65e+02 1.74e-05  1.78e-03  3166s
  31   1.66128597e+00  2.21802648e+00  5.07e+01 5.10e-06  2.08e-04  3185s
  32   1.64132124e+00  1.96101858e+00  2.61e+01 2.92e-06  7.54e-05  3202s
  33   1.63241957e+00  1.84468827e+00  1.48e+01 1.89e-06  3.46e-05  3221s
  34   1.63138698e+00  1.79995674e+00  8.79e+00 1.42e-06  1.92e-05  3241s
  35   1.64613855e+00  1.76614520e+00  6.52e+00 1.01e-06  1.26e-05  3263s
  36   1.65315478e+00  1.74957373e+00  5.52e+00 7.86e-07  9.75e-06  3284s
  37   1.67153647e+00  1.72957319e+00  3.49e+00 4.99e-07  5.53e-06  3306s
  38   1.67755107e+00  1.71937208e+00  2.71e+00 3.50e-07  4.02e-06  3330s
  39   1.67876277e+00  1.71577944e+00  2.50e+00 2.99e-07  3.63e-06  3355s
  40   1.68110757e+00  1.71290421e+00  1.75e+00 2.62e-07  2.69e-06  3380s
  41   1.68133047e+00  1.70817765e+00  1.69e+00 2.28e-07  2.50e-06  3407s
  42   1.67502477e+00  1.70485438e+00  1.02e+00 2.10e-07  1.74e-06  3438s
  43   1.67389744e+00  1.69943022e+00  9.31e-01 1.77e-07  1.58e-06  3468s
  44   1.67129235e+00  1.69615071e+00  7.71e-01 1.65e-07  1.41e-06  3499s
  45   1.67044987e+00  1.69370934e+00  7.12e-01 1.55e-07  1.34e-06  3531s
  46   1.66801808e+00  1.69210573e+00  5.85e-01 1.48e-07  1.19e-06  3563s
  47   1.66558945e+00  1.69000186e+00  5.03e-01 1.40e-07  1.10e-06  3593s
  48   1.66326603e+00  1.68254201e+00  4.38e-01 1.15e-07  9.72e-07  3622s
  49   1.65879789e+00  1.68083547e+00  3.44e-01 1.10e-07  8.75e-07  3654s
  50   1.65689108e+00  1.67628379e+00  2.92e-01 9.60e-08  7.66e-07  3687s
  51   1.65478528e+00  1.67200237e+00  2.51e-01 8.35e-08  6.73e-07  3720s
  52   1.65330900e+00  1.66544692e+00  2.23e-01 6.49e-08  5.66e-07  3756s
  53   1.65304075e+00  1.66344793e+00  2.18e-01 5.91e-08  5.40e-07  3789s
  54   1.65218915e+00  1.66130736e+00  2.00e-01 5.29e-08  4.99e-07  3832s
  55   1.64930859e+00  1.65584002e+00  1.48e-01 3.82e-08  3.78e-07  3874s
  56   1.64767851e+00  1.65324505e+00  1.20e-01 3.15e-08  3.14e-07  3924s
  57   1.64554420e+00  1.65199228e+00  8.22e-02 2.82e-08  2.53e-07  3975s
  58   1.64527649e+00  1.65087961e+00  7.46e-02 2.51e-08  2.27e-07  4035s
  59   1.64523873e+00  1.65057854e+00  7.12e-02 2.41e-08  2.17e-07  4102s
  60   1.64520120e+00  1.64977595e+00  6.36e-02 2.14e-08  1.92e-07  4160s
  61   1.64559535e+00  1.64962243e+00  5.41e-02 2.07e-08  1.69e-07  4226s
  62   1.64585474e+00  1.64873458e+00  4.78e-02 1.33e-08  1.34e-07  4314s
  63   1.64586350e+00  1.64872103e+00  4.75e-02 1.32e-08  1.33e-07  4338s
  64   1.64589526e+00  1.64865974e+00  4.62e-02 1.28e-08  1.29e-07  4394s
  65   1.64592344e+00  1.64860394e+00  4.51e-02 1.24e-08  1.26e-07  4422s
  66   1.64592946e+00  1.64858149e+00  4.49e-02 1.22e-08  1.25e-07  4444s
  67   1.64595192e+00  1.64857048e+00  4.40e-02 1.22e-08  1.23e-07  4489s
  68   1.64603797e+00  1.64835707e+00  4.10e-02 1.32e-08  1.11e-07  4537s
  69   1.64611702e+00  1.64828772e+00  3.82e-02 1.28e-08  1.04e-07  4561s
  70   1.64618630e+00  1.64819478e+00  3.57e-02 1.25e-08  9.68e-08  4604s
  71   1.64620781e+00  1.64814170e+00  3.49e-02 1.19e-08  9.39e-08  4632s
  72   1.64627345e+00  1.64811136e+00  3.26e-02 1.16e-08  8.84e-08  4679s
  73   1.64628547e+00  1.64809531e+00  3.21e-02 1.16e-08  8.72e-08  4700s
  74   1.64632346e+00  1.64805893e+00  3.07e-02 1.12e-08  8.35e-08  4723s
  75   1.64635624e+00  1.64802439e+00  2.95e-02 1.06e-08  8.02e-08  4755s
  76   1.64637809e+00  1.64799828e+00  2.87e-02 1.02e-08  7.79e-08  4781s
  77   1.64637944e+00  1.64799292e+00  2.86e-02 9.87e-09  7.77e-08  4818s
  78   1.64643206e+00  1.64797040e+00  2.67e-02 9.71e-09  7.33e-08  4851s
  79   1.64645474e+00  1.64792928e+00  2.57e-02 8.80e-09  7.04e-08  4877s
  80   1.64645504e+00  1.64792795e+00  2.57e-02 8.89e-09  7.03e-08  4904s
  81   1.64646505e+00  1.64791857e+00  2.53e-02 8.77e-09  6.93e-08  4932s
  82   1.64648395e+00  1.64788522e+00  2.45e-02 9.02e-09  6.70e-08  4965s
  83   1.64648572e+00  1.64787245e+00  2.45e-02 9.19e-09  6.66e-08  4989s
  84   1.64650661e+00  1.64784566e+00  2.36e-02 8.67e-09  6.42e-08  5014s
  85   1.64652911e+00  1.64781439e+00  2.26e-02 8.37e-09  6.16e-08  5046s
  86   1.64656910e+00  1.64778225e+00  2.09e-02 7.88e-09  5.76e-08  5075s
  87   1.64660542e+00  1.64770617e+00  1.93e-02 5.92e-09  5.26e-08  5111s
  88   1.64662716e+00  1.64763888e+00  1.82e-02 5.32e-09  4.92e-08  5138s
  89   1.64664621e+00  1.64760094e+00  1.72e-02 5.36e-09  4.64e-08  5166s
  90   1.64664661e+00  1.64760065e+00  1.72e-02 5.44e-09  4.64e-08  5194s
  91   1.64664699e+00  1.64760082e+00  1.72e-02 5.41e-09  4.64e-08  5220s
  92   1.64670731e+00  1.64753936e+00  1.41e-02 4.58e-09  3.91e-08  5275s
  93   1.64671984e+00  1.64744159e+00  1.34e-02 5.71e-09  3.58e-08  5295s
  94   1.64673947e+00  1.64736077e+00  1.19e-02 6.78e-09  3.15e-08  5334s
  95   1.64674432e+00  1.64733589e+00  1.15e-02 6.38e-09  3.03e-08  5371s
  96   1.64674845e+00  1.64731462e+00  1.11e-02 5.86e-09  2.91e-08  5400s
  97   1.64675537e+00  1.64730239e+00  1.05e-02 5.73e-09  2.77e-08  5433s
  98   1.64675608e+00  1.64730242e+00  1.05e-02 5.72e-09  2.77e-08  5455s
  99   1.64675792e+00  1.64729512e+00  1.04e-02 5.59e-09  2.73e-08  5481s
 100   1.64676242e+00  1.64729112e+00  1.00e-02 5.55e-09  2.66e-08  5515s
 101   1.64676928e+00  1.64724865e+00  9.40e-03 5.33e-09  2.47e-08  5539s
 102   1.64676928e+00  1.64724862e+00  9.40e-03 5.33e-09  2.47e-08  5558s
 103   1.64676924e+00  1.64724626e+00  9.39e-03 5.23e-09  2.46e-08  5573s
 104   1.64678567e+00  1.64721031e+00  8.38e-03 4.47e-09  2.20e-08  5633s
 105   1.64678607e+00  1.64713340e+00  8.35e-03 3.62e-09  2.06e-08  5686s
 106   1.64682587e+00  1.64710342e+00  5.14e-03 2.97e-09  1.43e-08  5716s
 107   1.64682718e+00  1.64708632e+00  4.79e-03 2.65e-09  1.34e-08  5741s
 108   1.64682704e+00  1.64706402e+00  4.65e-03 6.67e-09  1.27e-08  5776s
 109   1.64682660e+00  1.64703771e+00  4.43e-03 8.99e-09  1.19e-08  5807s
 110   1.64682520e+00  1.64701050e+00  4.05e-03 7.90e-09  1.07e-08  5845s
 111   1.64682270e+00  1.64697693e+00  3.45e-03 8.28e-09  9.13e-09  5889s
 112   1.64682243e+00  1.64695378e+00  3.27e-03 7.39e-09  8.44e-09  5937s
 113   1.64682172e+00  1.64694150e+00  3.08e-03 1.12e-08  7.91e-09  5968s
 114   1.64682043e+00  1.64692145e+00  2.88e-03 9.55e-09  7.23e-09  5994s
 115   1.64681914e+00  1.64691550e+00  2.74e-03 9.18e-09  6.84e-09  6021s
 116   1.64681894e+00  1.64690472e+00  2.42e-03 8.27e-09  6.05e-09  6058s
 117   1.64681880e+00  1.64689440e+00  2.40e-03 1.21e-08  5.85e-09  6088s
 118   1.64681814e+00  1.64688346e+00  2.25e-03 1.24e-08  5.40e-09  6118s
 119   1.64681766e+00  1.64687729e+00  2.08e-03 1.29e-08  5.02e-09  6133s
 120   1.64681660e+00  1.64686401e+00  1.93e-03 1.10e-08  4.50e-09  6169s
 121   1.64681658e+00  1.64685348e+00  1.92e-03 9.23e-09  4.33e-09  6213s
 122   1.64681644e+00  1.64684875e+00  1.89e-03 9.40e-09  4.21e-09  6247s
 123   1.64681611e+00  1.64684662e+00  1.86e-03 9.86e-09  4.11e-09  6268s
 124   1.64681606e+00  1.64684632e+00  1.85e-03 9.86e-09  4.09e-09  6294s
 125   1.64681458e+00  1.64684342e+00  1.69e-03 9.04e-09  3.74e-09  6323s
 126   1.64681458e+00  1.64684340e+00  1.69e-03 9.02e-09  3.74e-09  6353s
 127   1.64681458e+00  1.64684336e+00  1.68e-03 9.02e-09  3.74e-09  6392s
 128   1.64681367e+00  1.64684218e+00  1.58e-03 1.01e-08  3.53e-09  6413s
 129   1.64681354e+00  1.64684110e+00  1.56e-03 1.01e-08  3.49e-09  6448s
 130   1.64681343e+00  1.64684016e+00  1.55e-03 9.86e-09  3.45e-09  6471s
 131   1.64681333e+00  1.64683760e+00  1.54e-03 9.46e-09  3.38e-09  6507s
 132   1.64681309e+00  1.64683651e+00  1.51e-03 9.21e-09  3.32e-09  6546s
 133   1.64681282e+00  1.64683575e+00  1.48e-03 9.27e-09  3.26e-09  6574s
 134   1.64681282e+00  1.64683574e+00  1.48e-03 9.27e-09  3.26e-09  6596s
 135   1.64681276e+00  1.64683567e+00  1.47e-03 9.30e-09  3.24e-09  6620s
 136   1.64681272e+00  1.64683403e+00  1.47e-03 8.88e-09  3.21e-09  6653s
 137   1.64681269e+00  1.64683334e+00  1.47e-03 8.71e-09  3.20e-09  6692s
 138   1.64681169e+00  1.64683237e+00  1.37e-03 8.49e-09  2.99e-09  6723s
 139   1.64681163e+00  1.64683222e+00  1.36e-03 8.47e-09  2.98e-09  6747s
 140   1.64681104e+00  1.64682993e+00  1.30e-03 7.87e-09  2.83e-09  6783s
 141   1.64681103e+00  1.64682991e+00  1.29e-03 7.87e-09  2.83e-09  6834s
 142   1.64681199e+00  1.64682864e+00  1.25e-03 7.61e-09  2.74e-09  6858s
 143   1.64681196e+00  1.64682799e+00  1.25e-03 7.45e-09  2.73e-09  6901s
 144   1.64681196e+00  1.64682797e+00  1.25e-03 7.45e-09  2.73e-09  6950s
 145   1.64681187e+00  1.64682615e+00  1.24e-03 7.25e-09  2.68e-09  6986s
 146   1.64681186e+00  1.64682582e+00  1.24e-03 7.17e-09  2.68e-09  7021s
 147   1.64681182e+00  1.64682521e+00  1.24e-03 8.08e-09  2.66e-09  7049s
 148   1.64681182e+00  1.64682521e+00  1.24e-03 8.08e-09  2.66e-09  7071s
 149   1.64681180e+00  1.64682432e+00  1.24e-03 7.88e-09  2.65e-09  7103s
 150   1.64681180e+00  1.64682432e+00  1.23e-03 7.88e-09  2.65e-09  7125s
 151   1.64681166e+00  1.64682375e+00  1.22e-03 7.93e-09  2.62e-09  7166s
 152   1.64681164e+00  1.64682371e+00  1.22e-03 9.46e-09  2.61e-09  7185s
 153   1.64681217e+00  1.64682270e+00  1.20e-03 9.07e-09  2.57e-09  7220s
 154   1.64681214e+00  1.64682263e+00  1.20e-03 9.06e-09  2.57e-09  7239s
 155   1.64681212e+00  1.64682258e+00  1.20e-03 9.03e-09  2.56e-09  7263s
 156   1.64681198e+00  1.64682170e+00  1.19e-03 8.70e-09  2.53e-09  7288s
 157   1.64681195e+00  1.64682140e+00  1.18e-03 8.61e-09  2.52e-09  7312s
 158   1.64681194e+00  1.64682130e+00  1.18e-03 8.58e-09  2.52e-09  7339s
 159   1.64681180e+00  1.64681964e+00  1.17e-03 7.89e-09  2.46e-09  7368s
 160   1.64681173e+00  1.64681930e+00  1.16e-03 7.81e-09  2.45e-09  7417s
 161   1.64681169e+00  1.64681905e+00  1.16e-03 7.71e-09  2.44e-09  7445s
 162   1.64681131e+00  1.64681756e+00  1.12e-03 7.20e-09  2.33e-09  7489s
 163   1.64681118e+00  1.64681686e+00  1.10e-03 1.03e-08  2.30e-09  7513s
 164   1.64681115e+00  1.64681680e+00  1.10e-03 1.03e-08  2.29e-09  7539s
 165   1.64681116e+00  1.64681681e+00  1.10e-03 1.03e-08  2.29e-09  7561s
 166   1.64681115e+00  1.64681680e+00  1.10e-03 1.03e-08  2.29e-09  7602s
 167   1.64681077e+00  1.64681643e+00  1.06e-03 1.02e-08  2.22e-09  7621s
 168   1.64681077e+00  1.64681643e+00  1.06e-03 1.03e-08  2.22e-09  7644s
 169   1.64681118e+00  1.64681635e+00  9.77e-04 9.01e-09  2.06e-09  7675s
 170   1.64681106e+00  1.64681534e+00  9.69e-04 8.44e-09  2.03e-09  7710s
 171   1.64681103e+00  1.64681521e+00  9.66e-04 8.69e-09  2.02e-09  7733s
 172   1.64681103e+00  1.64681520e+00  9.66e-04 8.52e-09  2.02e-09  7762s
 173   1.64681006e+00  1.64681467e+00  8.90e-04 8.63e-09  1.87e-09  7780s
 174   1.64681007e+00  1.64681467e+00  8.90e-04 8.63e-09  1.87e-09  7802s
 175   1.64681007e+00  1.64681468e+00  8.90e-04 8.63e-09  1.87e-09  7835s
 176   1.64681021e+00  1.64681434e+00  8.80e-04 8.13e-09  1.85e-09  7865s
 177   1.64680966e+00  1.64681411e+00  8.43e-04 8.03e-09  1.78e-09  7888s
 178   1.64680965e+00  1.64681410e+00  8.42e-04 8.03e-09  1.78e-09  7915s
 179   1.64680951e+00  1.64681308e+00  8.32e-04 7.62e-09  1.74e-09  7935s
 180   1.64680850e+00  1.64681230e+00  7.59e-04 7.31e-09  1.60e-09  7968s
 181   1.64680850e+00  1.64681227e+00  7.59e-04 7.29e-09  1.60e-09  7993s
 182   1.64680840e+00  1.64681221e+00  7.52e-04 7.75e-09  1.58e-09  8014s
 183   1.64680833e+00  1.64681047e+00  7.46e-04 6.95e-09  1.55e-09  8040s
 184   1.64680831e+00  1.64681009e+00  7.45e-04 6.79e-09  1.54e-09  8084s
 185   1.64680808e+00  1.64680994e+00  7.30e-04 6.75e-09  1.51e-09  8108s
 186   1.64680794e+00  1.64680952e+00  7.21e-04 6.54e-09  1.49e-09  8139s
 187   1.64680794e+00  1.64680953e+00  7.21e-04 6.54e-09  1.49e-09  8174s
 188   1.64680791e+00  1.64680939e+00  7.19e-04 6.53e-09  1.49e-09  8195s
 189   1.64680789e+00  1.64680910e+00  7.18e-04 6.75e-09  1.48e-09  8227s
 190   1.64680668e+00  1.64680845e+00  6.42e-04 6.36e-09  1.33e-09  8266s
 191   1.64680663e+00  1.64680678e+00  6.39e-04 5.44e-09  1.30e-09  8303s
 192   1.64680645e+00  1.64680628e+00  6.28e-04 5.24e-09  1.28e-09  8326s
 193   1.64680632e+00  1.64680606e+00  6.20e-04 5.10e-09  1.26e-09  8349s
 194   1.64680565e+00  1.64680581e+00  5.81e-04 4.94e-09  1.19e-09  8375s
 195   1.64680555e+00  1.64680569e+00  5.75e-04 4.88e-09  1.17e-09  8408s
 196   1.64680545e+00  1.64680507e+00  5.69e-04 4.60e-09  1.15e-09  8458s
 197   1.64680544e+00  1.64680507e+00  5.69e-04 4.59e-09  1.15e-09  8485s
 198   1.64680544e+00  1.64680506e+00  5.68e-04 4.58e-09  1.15e-09  8507s
 199   1.64680532e+00  1.64680480e+00  5.61e-04 4.45e-09  1.13e-09  8535s
 200   1.64680527e+00  1.64680473e+00  5.58e-04 4.41e-09  1.13e-09  8580s
 201   1.64680515e+00  1.64680447e+00  5.51e-04 8.56e-09  1.11e-09  8615s
 202   1.64680515e+00  1.64680447e+00  5.51e-04 8.56e-09  1.11e-09  8650s
 203   1.64680513e+00  1.64680441e+00  5.49e-04 8.69e-09  1.11e-09  8689s
 204   1.64680508e+00  1.64680433e+00  5.47e-04 8.89e-09  1.10e-09  8720s
 205   1.64680508e+00  1.64680410e+00  5.47e-04 8.57e-09  1.10e-09  8764s
 206   1.64680485e+00  1.64680467e+00  5.32e-04 8.28e-09  1.08e-09  8795s
 207   1.64680484e+00  1.64680451e+00  5.32e-04 8.29e-09  1.08e-09  8824s
 208   1.64680475e+00  1.64680448e+00  5.27e-04 8.29e-09  1.07e-09  8850s
 209   1.64680475e+00  1.64680448e+00  5.27e-04 8.29e-09  1.07e-09  8878s
 210   1.64680471e+00  1.64680425e+00  5.24e-04 8.57e-09  1.06e-09  8929s
 211   1.64680471e+00  1.64680425e+00  5.24e-04 8.58e-09  1.06e-09  8967s
 212   1.64680463e+00  1.64680409e+00  5.20e-04 8.46e-09  1.05e-09  8995s
 213   1.64680463e+00  1.64680408e+00  5.20e-04 8.48e-09  1.05e-09  9017s
 214   1.64680462e+00  1.64680394e+00  5.19e-04 8.55e-09  1.05e-09  9057s
 215   1.64680462e+00  1.64680392e+00  5.19e-04 8.55e-09  1.04e-09  9084s
 216   1.64680479e+00  1.64680442e+00  5.07e-04 8.10e-09  1.03e-09  9119s
 217   1.64680461e+00  1.64680398e+00  4.90e-04 7.67e-09  9.93e-10  9156s
 218   1.64680461e+00  1.64680398e+00  4.90e-04 7.67e-09  9.93e-10  9183s
 219   1.64680461e+00  1.64680397e+00  4.90e-04 7.67e-09  9.93e-10  9209s
 220   1.64680461e+00  1.64680397e+00  4.90e-04 7.90e-09  9.93e-10  9238s
 221   1.64680461e+00  1.64680396e+00  4.90e-04 7.93e-09  9.93e-10  9263s
 222   1.64680458e+00  1.64680395e+00  4.88e-04 7.92e-09  9.88e-10  9285s
 223   1.64680405e+00  1.64680387e+00  4.58e-04 7.48e-09  9.33e-10  9334s
 224   1.64680405e+00  1.64680386e+00  4.58e-04 7.48e-09  9.32e-10  9356s
 225   1.64680385e+00  1.64680381e+00  4.46e-04 7.58e-09  9.10e-10  9378s
 226   1.64680385e+00  1.64680382e+00  4.46e-04 7.58e-09  9.10e-10  9403s
 227   1.64680385e+00  1.64680381e+00  4.46e-04 7.59e-09  9.10e-10  9426s
 228   1.64680382e+00  1.64680380e+00  4.44e-04 7.56e-09  9.05e-10  9447s
 229   1.64680382e+00  1.64680380e+00  4.44e-04 7.56e-09  9.05e-10  9472s
 230   1.64680370e+00  1.64680369e+00  4.37e-04 7.57e-09  8.91e-10  9492s
 231   1.64680364e+00  1.64680367e+00  4.34e-04 7.54e-09  8.85e-10  9514s
 232   1.64680364e+00  1.64680337e+00  4.34e-04 7.55e-09  8.82e-10  9555s
 233   1.64680355e+00  1.64680297e+00  4.29e-04 7.34e-09  8.68e-10  9590s
 234   1.64680354e+00  1.64680276e+00  4.28e-04 8.51e-09  8.65e-10  9618s
 235   1.64680355e+00  1.64680276e+00  4.28e-04 8.51e-09  8.65e-10  9648s
 236   1.64680354e+00  1.64680275e+00  4.28e-04 8.51e-09  8.64e-10  9672s
 237   1.64680354e+00  1.64680274e+00  4.28e-04 8.51e-09  8.64e-10  9693s
 238   1.64680348e+00  1.64680270e+00  4.25e-04 8.64e-09  8.58e-10  9716s
 239   1.64680348e+00  1.64680269e+00  4.25e-04 8.64e-09  8.57e-10  9746s
 240   1.64680346e+00  1.64680242e+00  4.23e-04 9.47e-09  8.51e-10  9806s
 241   1.64680346e+00  1.64680242e+00  4.23e-04 9.47e-09  8.51e-10  9830s
 242   1.64680344e+00  1.64680206e+00  4.22e-04 1.02e-08  8.44e-10  9868s
 243   1.64680344e+00  1.64680202e+00  4.21e-04 1.02e-08  8.44e-10  9886s
 244   1.64680344e+00  1.64680202e+00  4.21e-04 1.01e-08  8.44e-10  9933s
 245   1.64680344e+00  1.64680202e+00  4.21e-04 1.01e-08  8.43e-10  9957s
 246   1.64680323e+00  1.64680171e+00  4.07e-04 9.57e-09  8.14e-10  9999s
 247   1.64680323e+00  1.64680165e+00  4.07e-04 9.54e-09  8.13e-10  10048s
 248   1.64680321e+00  1.64680157e+00  4.06e-04 9.30e-09  8.10e-10  10074s
 249   1.64680319e+00  1.64680155e+00  4.05e-04 9.24e-09  8.08e-10  10106s
 250   1.64680312e+00  1.64680160e+00  4.01e-04 9.17e-09  8.01e-10  10141s
 251   1.64680309e+00  1.64680149e+00  3.99e-04 8.88e-09  7.97e-10  10166s
 252   1.64680309e+00  1.64680148e+00  3.99e-04 8.88e-09  7.96e-10  10190s
 253   1.64680307e+00  1.64680143e+00  3.97e-04 8.71e-09  7.93e-10  10220s
 254   1.64680307e+00  1.64680143e+00  3.97e-04 8.71e-09  7.93e-10  10250s
 255   1.64680307e+00  1.64680142e+00  3.97e-04 8.70e-09  7.92e-10  10277s
 256   1.64680307e+00  1.64680143e+00  3.97e-04 8.69e-09  7.92e-10  10314s
 257   1.64680307e+00  1.64680144e+00  3.97e-04 8.62e-09  7.90e-10  10361s
 258   1.64680306e+00  1.64680141e+00  3.96e-04 8.52e-09  7.89e-10  10382s
 259   1.64680306e+00  1.64680140e+00  3.96e-04 8.52e-09  7.89e-10  10411s
 260   1.64680302e+00  1.64680134e+00  3.94e-04 8.42e-09  7.85e-10  10428s
 261   1.64680301e+00  1.64680130e+00  3.94e-04 8.41e-09  7.84e-10  10453s
 262   1.64680296e+00  1.64680128e+00  3.91e-04 8.57e-09  7.79e-10  10481s
 263   1.64680291e+00  1.64680120e+00  3.89e-04 8.18e-09  7.73e-10  10516s
 264   1.64680291e+00  1.64680120e+00  3.89e-04 8.18e-09  7.73e-10  10541s
 265   1.64680291e+00  1.64680120e+00  3.89e-04 8.18e-09  7.73e-10  10575s
 266   1.64680292e+00  1.64680121e+00  3.89e-04 8.18e-09  7.73e-10  10598s
 267   1.64680291e+00  1.64680119e+00  3.88e-04 8.35e-09  7.71e-10  10618s
 268   1.64680291e+00  1.64680118e+00  3.88e-04 8.35e-09  7.71e-10  10644s
 269   1.64680290e+00  1.64680118e+00  3.88e-04 8.36e-09  7.71e-10  10671s
 270   1.64680290e+00  1.64680119e+00  3.88e-04 8.36e-09  7.71e-10  10699s
 271   1.64680286e+00  1.64680111e+00  3.85e-04 8.11e-09  7.65e-10  10729s
 272   1.64680254e+00  1.64680084e+00  3.69e-04 7.75e-09  7.32e-10  10750s
 273   1.64680249e+00  1.64680079e+00  3.66e-04 7.69e-09  7.27e-10  10776s
 274   1.64680248e+00  1.64680045e+00  3.65e-04 6.85e-09  7.22e-10  10816s
 275   1.64680243e+00  1.64680011e+00  3.63e-04 6.55e-09  7.14e-10  10845s
 276   1.64680243e+00  1.64680011e+00  3.63e-04 6.55e-09  7.14e-10  10868s
 277   1.64680239e+00  1.64679997e+00  3.61e-04 6.31e-09  7.09e-10  10905s
 278   1.64680239e+00  1.64679997e+00  3.61e-04 6.31e-09  7.09e-10  10927s
 279   1.64680238e+00  1.64679987e+00  3.60e-04 6.37e-09  7.06e-10  10966s
 280   1.64680234e+00  1.64679973e+00  3.58e-04 6.20e-09  7.01e-10  11006s
 281   1.64680232e+00  1.64679963e+00  3.57e-04 6.24e-09  6.98e-10  11038s
 282   1.64680232e+00  1.64679963e+00  3.57e-04 6.24e-09  6.98e-10  11062s
 283   1.64680216e+00  1.64679940e+00  3.48e-04 5.63e-09  6.78e-10  11090s
 284   1.64680216e+00  1.64679940e+00  3.48e-04 5.63e-09  6.78e-10  11111s
 285   1.64680213e+00  1.64679919e+00  3.46e-04 5.24e-09  6.74e-10  11155s
 286   1.64680212e+00  1.64679916e+00  3.46e-04 5.33e-09  6.72e-10  11179s
 287   1.64680204e+00  1.64679911e+00  3.42e-04 5.36e-09  6.64e-10  11202s
 288   1.64680193e+00  1.64679874e+00  3.36e-04 4.60e-09  6.50e-10  11238s
 289   1.64680189e+00  1.64679859e+00  3.34e-04 4.42e-09  6.44e-10  11274s
 290   1.64680189e+00  1.64679864e+00  3.34e-04 4.59e-09  6.43e-10  11297s
 291   1.64680187e+00  1.64679859e+00  3.33e-04 4.62e-09  6.42e-10  11317s
 292   1.64680183e+00  1.64679857e+00  3.31e-04 4.60e-09  6.38e-10  11340s
 293   1.64680182e+00  1.64679849e+00  3.30e-04 4.35e-09  6.36e-10  11364s
 294   1.64680182e+00  1.64679847e+00  3.30e-04 4.33e-09  6.35e-10  11406s
 295   1.64680176e+00  1.64679833e+00  3.26e-04 4.02e-09  6.25e-10  11445s
 296   1.64680175e+00  1.64679830e+00  3.25e-04 4.10e-09  6.24e-10  11468s
 297   1.64680175e+00  1.64679830e+00  3.25e-04 4.10e-09  6.24e-10  11499s
 298   1.64680172e+00  1.64679828e+00  3.23e-04 4.06e-09  6.20e-10  11526s
 299   1.64680162e+00  1.64679824e+00  3.18e-04 4.05e-09  6.11e-10  11556s
 300   1.64680161e+00  1.64679822e+00  3.18e-04 4.05e-09  6.11e-10  11578s
 301   1.64680161e+00  1.64679805e+00  3.14e-04 3.79e-09  6.02e-10  11619s
 302   1.64680161e+00  1.64679802e+00  3.14e-04 3.78e-09  6.02e-10  11653s
 303   1.64680161e+00  1.64679801e+00  3.14e-04 3.83e-09  6.01e-10  11679s
 304   1.64680160e+00  1.64679800e+00  3.13e-04 3.84e-09  6.00e-10  11704s
 305   1.64680095e+00  1.64679788e+00  2.77e-04 3.58e-09  5.33e-10  11731s
 306   1.64680087e+00  1.64679774e+00  2.73e-04 3.30e-09  5.24e-10  11764s
 307   1.64680085e+00  1.64679765e+00  2.72e-04 3.12e-09  5.22e-10  11795s
 308   1.64680085e+00  1.64679758e+00  2.72e-04 3.03e-09  5.21e-10  11827s
 309   1.64680080e+00  1.64679752e+00  2.68e-04 2.70e-09  5.13e-10  11869s
 310   1.64680078e+00  1.64679744e+00  2.66e-04 2.93e-09  5.09e-10  11900s
 311   1.64680078e+00  1.64679744e+00  2.66e-04 2.93e-09  5.09e-10  11923s
 312   1.64680086e+00  1.64679737e+00  2.65e-04 3.18e-09  5.07e-10  11988s
 313   1.64680085e+00  1.64679737e+00  2.65e-04 3.21e-09  5.07e-10  12010s
 314   1.64680079e+00  1.64679731e+00  2.61e-04 2.91e-09  5.00e-10  12047s
 315   1.64680078e+00  1.64679722e+00  2.61e-04 3.02e-09  4.98e-10  12084s
 316   1.64680078e+00  1.64679722e+00  2.61e-04 3.02e-09  4.98e-10  12108s
 317   1.64680077e+00  1.64679721e+00  2.61e-04 3.01e-09  4.97e-10  12132s
 318   1.64680076e+00  1.64679719e+00  2.60e-04 2.93e-09  4.95e-10  12172s
 319   1.64680076e+00  1.64679719e+00  2.60e-04 2.93e-09  4.95e-10  12200s
 320   1.64680074e+00  1.64679714e+00  2.58e-04 2.87e-09  4.93e-10  12223s
 321   1.64680070e+00  1.64679712e+00  2.57e-04 2.95e-09  4.89e-10  12245s
 322   1.64680021e+00  1.64679696e+00  2.35e-04 2.76e-09  4.48e-10  12277s
 323   1.64680021e+00  1.64679696e+00  2.35e-04 2.75e-09  4.48e-10  12314s
 324   1.64680018e+00  1.64679693e+00  2.33e-04 2.85e-09  4.45e-10  12346s
 325   1.64680016e+00  1.64679693e+00  2.33e-04 2.85e-09  4.44e-10  12363s
 326   1.64680012e+00  1.64679691e+00  2.31e-04 2.78e-09  4.40e-10  12385s
 327   1.64680012e+00  1.64679691e+00  2.31e-04 2.78e-09  4.40e-10  12408s
 328   1.64680012e+00  1.64679691e+00  2.31e-04 2.78e-09  4.40e-10  12442s
 329   1.64680012e+00  1.64679690e+00  2.31e-04 2.78e-09  4.40e-10  12466s
 330   1.64680007e+00  1.64679692e+00  2.29e-04 2.76e-09  4.37e-10  12493s
 331   1.64680004e+00  1.64679687e+00  2.28e-04 2.85e-09  4.33e-10  12528s
 332   1.64680004e+00  1.64679687e+00  2.28e-04 2.85e-09  4.33e-10  12569s
 333   1.64680003e+00  1.64679683e+00  2.27e-04 3.00e-09  4.32e-10  12602s
 334   1.64680003e+00  1.64679683e+00  2.27e-04 3.00e-09  4.32e-10  12631s
 335   1.64680000e+00  1.64679676e+00  2.25e-04 2.78e-09  4.27e-10  12671s
 336   1.64679997e+00  1.64679672e+00  2.23e-04 2.71e-09  4.24e-10  12691s
 337   1.64679997e+00  1.64679681e+00  2.23e-04 5.87e-09  4.24e-10  12711s
 338   1.64679997e+00  1.64679681e+00  2.23e-04 5.85e-09  4.24e-10  12748s
 339   1.64679988e+00  1.64679679e+00  2.19e-04 6.16e-09  4.15e-10  12768s
 340   1.64679988e+00  1.64679679e+00  2.19e-04 6.16e-09  4.15e-10  12795s
 341   1.64679986e+00  1.64679672e+00  2.18e-04 5.88e-09  4.12e-10  12822s
 342   1.64679971e+00  1.64679665e+00  2.12e-04 5.58e-09  4.00e-10  12840s
 343   1.64679971e+00  1.64679665e+00  2.12e-04 5.58e-09  4.00e-10  12862s
 344   1.64679962e+00  1.64679660e+00  2.08e-04 5.39e-09  3.92e-10  12887s
 345   1.64679962e+00  1.64679660e+00  2.08e-04 5.39e-09  3.92e-10  12918s
 346   1.64679962e+00  1.64679660e+00  2.08e-04 5.40e-09  3.92e-10  12945s
 347   1.64679963e+00  1.64679656e+00  2.08e-04 5.29e-09  3.91e-10  12972s
 348   1.64679962e+00  1.64679655e+00  2.07e-04 5.26e-09  3.91e-10  13000s
 349   1.64679961e+00  1.64679655e+00  2.07e-04 5.26e-09  3.90e-10  13022s
 350   1.64679961e+00  1.64679655e+00  2.07e-04 5.26e-09  3.90e-10  13050s
 351   1.64679961e+00  1.64679655e+00  2.07e-04 5.26e-09  3.90e-10  13076s
 352   1.64679956e+00  1.64679650e+00  2.05e-04 5.08e-09  3.85e-10  13100s
 353   1.64679956e+00  1.64679650e+00  2.05e-04 5.08e-09  3.85e-10  13121s
 354   1.64679953e+00  1.64679647e+00  2.03e-04 4.96e-09  3.82e-10  13143s
 355   1.64679953e+00  1.64679647e+00  2.03e-04 4.96e-09  3.82e-10  13167s
 356   1.64679953e+00  1.64679647e+00  2.03e-04 4.96e-09  3.82e-10  13193s
 357   1.64679952e+00  1.64679647e+00  2.03e-04 4.98e-09  3.82e-10  13209s
 358   1.64679952e+00  1.64679647e+00  2.03e-04 4.99e-09  3.82e-10  13242s
 359   1.64679950e+00  1.64679657e+00  2.01e-04 4.53e-09  3.79e-10  13267s
 360   1.64679941e+00  1.64679643e+00  1.97e-04 4.17e-09  3.70e-10  13320s
 361   1.64679929e+00  1.64679629e+00  1.92e-04 3.84e-09  3.59e-10  13344s
 362   1.64679909e+00  1.64679610e+00  1.83e-04 3.27e-09  3.42e-10  13382s
 363   1.64679909e+00  1.64679610e+00  1.83e-04 3.27e-09  3.42e-10  13424s
 364   1.64679909e+00  1.64679610e+00  1.83e-04 3.27e-09  3.42e-10  13451s
 365   1.64679909e+00  1.64679610e+00  1.83e-04 3.27e-09  3.42e-10  13484s
 366   1.64679908e+00  1.64679609e+00  1.83e-04 3.24e-09  3.41e-10  13507s
 367   1.64679872e+00  1.64679595e+00  1.68e-04 2.81e-09  3.12e-10  13535s
 368   1.64679861e+00  1.64679589e+00  1.63e-04 2.70e-09  3.03e-10  13559s
 369   1.64679852e+00  1.64679580e+00  1.59e-04 2.00e-09  2.95e-10  13649s
 370   1.64679849e+00  1.64679575e+00  1.58e-04 2.19e-09  2.93e-10  13673s
 371   1.64679849e+00  1.64679575e+00  1.58e-04 2.19e-09  2.93e-10  13705s
 372   1.64679849e+00  1.64679575e+00  1.58e-04 2.21e-09  2.93e-10  13730s
 373   1.64679849e+00  1.64679572e+00  1.58e-04 2.08e-09  2.92e-10  13836s
 374   1.64679849e+00  1.64679573e+00  1.58e-04 2.06e-09  2.92e-10  13864s
 375   1.64679846e+00  1.64679575e+00  1.56e-04 1.96e-09  2.89e-10  13902s
 376   1.64679841e+00  1.64679564e+00  1.55e-04 1.76e-09  2.85e-10  13932s
 377   1.64679841e+00  1.64679564e+00  1.55e-04 1.76e-09  2.85e-10  13955s
 378   1.64679840e+00  1.64679563e+00  1.54e-04 1.73e-09  2.84e-10  13978s
 379   1.64679833e+00  1.64679560e+00  1.51e-04 1.67e-09  2.78e-10  14002s
 380   1.64679826e+00  1.64679550e+00  1.49e-04 1.83e-09  2.73e-10  14045s
 381   1.64679825e+00  1.64679549e+00  1.48e-04 1.80e-09  2.71e-10  14074s
 382   1.64679824e+00  1.64679548e+00  1.48e-04 1.77e-09  2.71e-10  14095s
 383   1.64679824e+00  1.64679548e+00  1.48e-04 1.77e-09  2.71e-10  14117s
 384   1.64679824e+00  1.64679543e+00  1.48e-04 2.23e-09  2.71e-10  14147s
 385   1.64679821e+00  1.64679542e+00  1.48e-04 2.15e-09  2.69e-10  14180s
 386   1.64679814e+00  1.64679540e+00  1.45e-04 2.12e-09  2.63e-10  14203s
 387   1.64679813e+00  1.64679540e+00  1.44e-04 2.07e-09  2.62e-10  14246s
 388   1.64679809e+00  1.64679528e+00  1.42e-04 1.42e-09  2.58e-10  14288s
 389   1.64679809e+00  1.64679527e+00  1.42e-04 1.39e-09  2.58e-10  14316s
 390   1.64679809e+00  1.64679527e+00  1.42e-04 1.39e-09  2.58e-10  14332s
 391   1.64679807e+00  1.64679525e+00  1.42e-04 1.30e-09  2.56e-10  14363s
 392   1.64679805e+00  1.64679520e+00  1.41e-04 1.36e-09  2.55e-10  14398s
 393   1.64679790e+00  1.64679519e+00  1.35e-04 1.34e-09  2.43e-10  14438s
 394   1.64679790e+00  1.64679518e+00  1.35e-04 1.31e-09  2.43e-10  14466s
 395   1.64679790e+00  1.64679515e+00  1.35e-04 1.99e-09  2.43e-10  14508s
 396   1.64679790e+00  1.64679510e+00  1.35e-04 5.84e-09  2.43e-10  14537s
 397   1.64679787e+00  1.64679510e+00  1.34e-04 3.99e-09  2.40e-10  14560s
 398   1.64679787e+00  1.64679510e+00  1.34e-04 3.99e-09  2.40e-10  14581s
 399   1.64679769e+00  1.64679508e+00  1.27e-04 5.17e-09  2.28e-10  14631s
 400   1.64679769e+00  1.64679508e+00  1.27e-04 5.16e-09  2.28e-10  14680s
 401   1.64679768e+00  1.64679507e+00  1.27e-04 4.94e-09  2.27e-10  14710s
 402   1.64679768e+00  1.64679487e+00  1.27e-04 1.52e-08  2.26e-10  14785s
 403   1.64679768e+00  1.64679486e+00  1.26e-04 1.50e-08  2.26e-10  14820s
 404   1.64679768e+00  1.64679486e+00  1.26e-04 1.49e-08  2.26e-10  14862s
 405   1.64679768e+00  1.64679509e+00  1.25e-04 1.34e-08  2.26e-10  14924s
 406   1.64679768e+00  1.64679507e+00  1.25e-04 1.18e-08  2.26e-10  14961s
 407   1.64679766e+00  1.64679502e+00  1.25e-04 1.40e-08  2.25e-10  14993s
 408   1.64679765e+00  1.64679502e+00  1.25e-04 1.40e-08  2.25e-10  15017s
 409   1.64679763e+00  1.64679502e+00  1.24e-04 1.36e-08  2.23e-10  15045s

Barrier solved model in 409 iterations and 15045.14 seconds (8141.44 work units)
Optimal objective 1.64679769e+00

