Set parameter Username
Academic license - for non-commercial use only - expires 2027-02-09
Set parameter Threads to value 4
Set parameter Method to value 2
Set parameter BarOrder to value 1
Set parameter BarHomogeneous to value 1
Set parameter NumericFocus to value 2
Set parameter Crossover to value 0
Gurobi Optimizer version 9.5.1 build v9.5.1rc2 (linux64)
Thread count: 32 physical cores, 64 logical processors, using up to 4 threads
Optimize a model with 1358870 rows, 635982 columns and 9105138 nonzeros
Model fingerprint: 0x9469a3e5
Coefficient statistics:
  Matrix range     [2e-04, 3e+00]
  Objective range  [1e+00, 1e+00]
  Bounds range     [0e+00, 0e+00]
  RHS range        [7e-04, 1e+00]
Presolve removed 511049 rows and 625495 columns
Presolve time: 4.67s
Presolved: 124933 rows, 733375 columns, 4795478 nonzeros
Ordering time: 0.14s

Barrier statistics:
 Dense cols : 85
 AA' NZ     : 5.630e+05
 Factor NZ  : 1.688e+06 (roughly 300 MB of memory)
 Factor Ops : 9.606e+07 (less than 1 second per iteration)
 Threads    : 4

                  Objective                Residual
Iter       Primal          Dual         Primal    Dual     Compl     Time
   0   1.33976110e+08  0.00000000e+00  9.45e+06 0.00e+00  1.00e+06     9s
   1   7.74815238e+07 -6.55238586e+00  5.46e+06 8.02e+02  6.36e+05    10s
   2   4.46443601e+07 -1.98883015e+01  3.14e+06 5.94e+02  4.02e+05    10s
   3   1.82112518e+07  9.42187502e+00  1.25e+06 4.64e+02  2.06e+05    11s
   4   1.19529599e+07  2.74095625e+01  8.27e+05 3.86e+02  1.75e+05    12s
   5   9.56008622e+06  1.18855642e+02  6.66e+05 3.13e+02  2.00e+05    12s
   6   6.93962119e+06  2.26320412e+02  4.85e+05 2.20e+02  1.48e+05    13s
   7   5.57394744e+06  3.02074930e+02  3.89e+05 1.80e+02  1.17e+05    13s
   8   4.61426243e+06  3.53597640e+02  3.22e+05 1.47e+02  9.67e+04    14s
   9   3.91454623e+06  4.03437615e+02  2.73e+05 1.26e+02  7.79e+04    15s
  10   3.43156269e+06  4.15121103e+02  2.39e+05 1.18e+02  6.94e+04    16s
  11   2.80217983e+06  3.98183639e+02  1.95e+05 1.11e+02  6.04e+04    17s
  12   2.40541914e+06  3.67038114e+02  1.67e+05 9.53e+01  5.07e+04    18s
  13   1.62998241e+06  3.07970336e+02  1.13e+05 8.27e+01  3.83e+04    19s
  14   1.03217736e+06  2.35726293e+02  7.13e+04 6.76e+01  2.63e+04    20s
  15   5.38004498e+05  1.67432770e+02  3.68e+04 5.16e+01  1.37e+04    21s
  16   1.41395134e+05  4.77327098e+01  9.53e+03 2.02e+01  1.89e+03    22s
  17   3.35594093e+03  2.97442524e+00  2.26e+02 8.69e-01  2.30e+00    23s
  18   4.47284053e+02  1.67644405e+00  2.99e+01 1.85e-01  8.46e-02    24s
  19   1.44479725e+02  1.62667939e+00  9.59e+00 5.29e-02  9.24e-03    25s
  20   5.96468014e+01  1.60356894e+00  3.90e+00 2.10e-02  1.97e-03    27s
  21   2.82195403e+01  1.57035504e+00  1.79e+00 5.42e-03  4.15e-04    28s
  22   2.09237449e+01  1.51803249e+00  1.30e+00 2.67e-03  2.33e-04    29s
  23   1.39798825e+01  1.48002034e+00  8.36e-01 1.46e-03  1.28e-04    30s
  24   1.07513839e+01  1.46915260e+00  6.21e-01 1.12e-03  9.01e-05    30s
  25   7.41999550e+00  1.46775511e+00  3.99e-01 1.07e-03  6.02e-05    31s
  26   6.95598204e+00  1.45978174e+00  3.68e-01 6.98e-04  4.80e-05    32s
  27   5.78019825e+00  1.45918293e+00  2.89e-01 6.68e-04  3.80e-05    33s
  28   4.62306657e+00  1.46032332e+00  2.11e-01 4.68e-04  2.52e-05    34s
  29   4.24695375e+00  1.47975145e+00  1.86e-01 2.09e-04  1.66e-05    35s
  30   3.01909057e+00  1.49045200e+00  1.03e-01 1.45e-04  8.35e-06    36s
  31   2.32887252e+00  1.50429186e+00  5.50e-02 9.15e-05  4.07e-06    37s
  32   2.00715355e+00  1.51299873e+00  3.29e-02 5.27e-05  2.26e-06    38s
  33   1.86354915e+00  1.52574406e+00  2.27e-02 2.65e-05  1.40e-06    39s
  34   1.79438796e+00  1.53479312e+00  1.76e-02 1.77e-05  9.95e-07    40s
  35   1.73259124e+00  1.54041566e+00  1.31e-02 1.21e-05  6.92e-07    41s
  36   1.65014209e+00  1.54391837e+00  7.16e-03 8.03e-06  4.12e-07    42s
  37   1.62357615e+00  1.54606154e+00  5.25e-03 4.77e-06  2.89e-07    43s
  38   1.60904143e+00  1.54708139e+00  4.22e-03 3.30e-06  2.19e-07    43s
  39   1.59593792e+00  1.54778376e+00  3.29e-03 2.16e-06  1.65e-07    44s
  40   1.58675643e+00  1.54806506e+00  2.65e-03 1.68e-06  1.32e-07    45s
  41   1.56754725e+00  1.54855885e+00  1.30e-03 8.18e-07  6.42e-08    46s
  42   1.56452093e+00  1.54874897e+00  1.09e-03 5.12e-07  5.03e-08    48s
  43   1.55740859e+00  1.54880564e+00  5.84e-04 4.44e-07  3.08e-08    49s
  44   1.55554152e+00  1.54886274e+00  4.52e-04 3.62e-07  2.42e-08    50s
  45   1.55431550e+00  1.54895226e+00  3.66e-04 2.38e-07  1.84e-08    51s
  46   1.55224010e+00  1.54899353e+00  2.19e-04 1.86e-07  1.21e-08    53s
  47   1.55056393e+00  1.54904592e+00  1.01e-04 1.16e-07  6.20e-09    56s
  48   1.54985440e+00  1.54909307e+00  5.10e-05 4.92e-08  2.94e-09    58s
  49   1.54940131e+00  1.54910697e+00  1.92e-05 2.89e-08  1.32e-09    60s
  50   1.54930314e+00  1.54911870e+00  1.24e-05 1.12e-08  7.04e-10    61s
  51   1.54929187e+00  1.54912221e+00  1.16e-05 5.50e-09  5.66e-10    63s
  52   1.54917694e+00  1.54912467e+00  3.57e-06 1.30e-09  1.72e-10    66s
  53   1.54917462e+00  1.54912529e+00  3.41e-06 4.02e-10  1.47e-10    67s
  54   1.54913278e+00  1.54912549e+00  5.00e-07 1.07e-10  2.30e-11    69s
  55   1.54913269e+00  1.54912553e+00  4.94e-07 4.57e-11  2.15e-11    70s
  56   1.54913263e+00  1.54912555e+00  4.90e-07 2.54e-11  2.09e-11    72s
  57   1.54912706e+00  1.54912556e+00  1.04e-07 7.32e-12  4.49e-12    74s
  58   1.54912706e+00  1.54912556e+00  1.03e-07 3.80e-12  4.39e-12    76s
  59   1.54912706e+00  1.54912556e+00  1.03e-07 1.92e-12  4.35e-12    77s
  60   1.54912706e+00  1.54912556e+00  1.03e-07 1.36e-12  4.34e-12    78s
  61   1.54912706e+00  1.54912556e+00  1.03e-07 8.32e-12  4.36e-12    79s
  62   1.54912706e+00  1.54912556e+00  1.03e-07 7.54e-11  4.48e-12    81s
  63   1.54912705e+00  1.54912555e+00  1.03e-07 6.93e-12  4.63e-12    86s
  64   1.54912674e+00  1.54912556e+00  8.14e-08 3.49e-12  3.55e-12    90s
  65   1.54912668e+00  1.54912556e+00  7.74e-08 1.78e-12  3.31e-12    92s
  66   1.54912668e+00  1.54912556e+00  7.73e-08 8.97e-13  3.27e-12    94s
  67   1.54912667e+00  1.54912556e+00  7.67e-08 4.60e-13  3.22e-12    96s
  68   1.54912664e+00  1.54912556e+00  7.49e-08 3.72e-13  3.13e-12   100s
  69   1.54912664e+00  1.54912556e+00  7.44e-08 1.88e-13  3.11e-12   103s
  70   1.54912664e+00  1.54912556e+00  7.44e-08 1.77e-13  3.11e-12   104s
  71   1.54912664e+00  1.54912556e+00  7.44e-08 6.53e-11  3.11e-12   106s
  72   1.54912664e+00  1.54912556e+00  7.44e-08 2.65e-10  3.14e-12   107s
  73   1.54912664e+00  1.54912556e+00  7.44e-08 2.87e-10  3.15e-12   109s
  74   1.54912664e+00  1.54912556e+00  7.44e-08 7.89e-10  3.16e-12   110s
  75   1.54912664e+00  1.54912556e+00  7.44e-08 1.32e-09  3.17e-12   114s
  76   1.54912664e+00  1.54912556e+00  7.44e-08 1.16e-09  3.21e-12   118s
  77   1.54912664e+00  1.54912555e+00  7.44e-08 6.07e-10  3.37e-12   121s
  78   1.54912634e+00  1.54912556e+00  5.36e-08 2.94e-10  2.37e-12   124s
  79   1.54912622e+00  1.54912556e+00  4.57e-08 1.38e-10  1.97e-12   127s
  80   1.54912622e+00  1.54912556e+00  4.56e-08 7.09e-11  1.94e-12   128s
  81   1.54912622e+00  1.54912556e+00  4.52e-08 3.66e-11  1.90e-12   130s
  82   1.54912621e+00  1.54912556e+00  4.51e-08 1.94e-11  1.89e-12   132s
  83   1.54912615e+00  1.54912556e+00  4.04e-08 9.80e-12  1.69e-12   134s
  84   1.54912613e+00  1.54912556e+00  3.93e-08 4.99e-12  1.64e-12   136s
  85   1.54912611e+00  1.54912556e+00  3.80e-08 2.50e-12  1.58e-12   137s
  86   1.54912611e+00  1.54912556e+00  3.78e-08 1.36e-11  1.58e-12   139s
  87   1.54912604e+00  1.54912556e+00  3.32e-08 6.94e-12  1.38e-12   140s
  88   1.54912587e+00  1.54912556e+00  2.12e-08 1.48e-12  8.86e-13   141s
  89   1.54912587e+00  1.54912556e+00  2.12e-08 1.45e-12  8.85e-13   142s
  90   1.54912587e+00  1.54912556e+00  2.12e-08 4.13e-12  8.85e-13   143s
  91   1.54912587e+00  1.54912556e+00  2.12e-08 4.23e-11  8.86e-13   145s
  92   1.54912587e+00  1.54912556e+00  2.12e-08 5.62e-11  8.86e-13   146s
  93   1.54912587e+00  1.54912556e+00  2.12e-08 7.34e-11  8.86e-13   147s
  94   1.54912587e+00  1.54912556e+00  2.12e-08 1.73e-09  8.87e-13   149s
  95   1.54912587e+00  1.54912556e+00  2.12e-08 1.72e-09  8.88e-13   150s
  96   1.54912587e+00  1.54912556e+00  2.12e-08 1.70e-09  8.90e-13   151s
  97   1.54912587e+00  1.54912556e+00  2.12e-08 1.49e-09  9.08e-13   154s
  98   1.54912587e+00  1.54912556e+00  2.12e-08 8.50e-10  9.71e-13   156s

Barrier solved model in 98 iterations and 156.46 seconds (123.30 work units)
Optimal objective 1.54912587e+00

