Set parameter Username
Academic license - for non-commercial use only - expires 2027-02-09
Set parameter Threads to value 4
Set parameter Method to value 2
Set parameter BarOrder to value 1
Set parameter BarHomogeneous to value 1
Set parameter NumericFocus to value 2
Set parameter Crossover to value 0
Gurobi Optimizer version 9.5.1 build v9.5.1rc2 (linux64)
Thread count: 32 physical cores, 64 logical processors, using up to 4 threads
Optimize a model with 3914828 rows, 2908367 columns and 24108099 nonzeros
Model fingerprint: 0x7746428c
Coefficient statistics:
  Matrix range     [2e-04, 3e+00]
  Objective range  [1e+00, 1e+00]
  Bounds range     [0e+00, 0e+00]
  RHS range        [7e-04, 1e+00]
Presolve removed 981806 rows and 2369467 columns (presolve time = 5s) ...
Presolve removed 1225769 rows and 2491449 columns (presolve time = 16s) ...
Presolve removed 1463941 rows and 2491450 columns (presolve time = 20s) ...
Presolve removed 1463941 rows and 2491450 columns
Presolve time: 21.44s
Presolved: 2450887 rows, 416917 columns, 17156656 nonzeros
Ordering time: 2.09s

Barrier statistics:
 Dense cols : 265
 AA' NZ     : 4.780e+07
 Factor NZ  : 6.583e+07 (roughly 1.7 GB of memory)
 Factor Ops : 3.930e+09 (less than 1 second per iteration)
 Threads    : 4

                  Objective                Residual
Iter       Primal          Dual         Primal    Dual     Compl     Time
   0   3.14810083e+00  6.25000000e+01  3.10e+07 6.25e-02  1.00e+06  1527s
   1   3.05603703e+00  8.65515721e+05  2.81e+07 6.28e+02  8.72e+05  1533s
   2   4.13080064e+00  2.60760375e+06  2.12e+07 3.30e+02  5.33e+05  1540s
   3   3.87256552e+01  2.87235094e+06  1.26e+07 2.74e+02  3.67e+05  1549s
   4   6.48837793e+00  1.51956967e+05  9.57e+05 1.43e+01  2.00e+03  1557s
   5   4.84444281e+00  3.06456434e+04  3.04e+05 2.88e+00  2.09e+02  1565s
   6   4.24700708e+00  1.46160937e+04  1.73e+05 1.32e+00  7.53e+01  1572s
   7   4.03793053e+00  8.83268277e+03  1.23e+05 8.18e-01  4.11e+01  1578s
   8   3.91306522e+00  6.46025205e+03  9.75e+04 6.04e-01  2.83e+01  1584s
   9   3.79852796e+00  4.63006795e+03  7.58e+04 4.30e-01  1.93e+01  1589s
  10   3.67341351e+00  3.11321507e+03  6.33e+04 2.86e-01  1.40e+01  1596s
  11   3.24696565e+00  2.10930910e+03  5.12e+04 1.92e-01  1.06e+01  1604s
  12   2.67500913e+00  1.50499989e+03  3.52e+04 1.35e-01  7.26e+00  1612s
  13   2.51054007e+00  1.26666649e+03  2.82e+04 1.14e-01  5.82e+00  1619s
  14   2.51001318e+00  1.04117619e+03  2.43e+04 9.27e-02  4.81e+00  1625s
  15   2.49389753e+00  7.79417980e+02  1.84e+04 7.03e-02  3.53e+00  1632s
  16   2.50554864e+00  3.17191579e+02  1.28e+04 2.81e-02  2.02e+00  1640s
  17   2.60968990e+00  1.16848985e+02  8.02e+03 1.00e-02  1.10e+00  1650s
  18   2.72691886e+00  5.87556893e+01  5.20e+03 4.80e-03  6.68e-01  1659s
  19   2.77996787e+00  3.85128443e+01  3.40e+03 3.00e-03  4.18e-01  1666s
  20   2.93527230e+00  2.79142336e+01  2.07e+03 2.04e-03  2.45e-01  1673s
  21   3.02469845e+00  1.88107949e+01  1.45e+03 1.22e-03  1.50e-01  1679s
  22   3.12074585e+00  1.27390679e+01  6.30e+02 6.83e-04  5.14e-02  1688s
  23   3.02443651e+00  9.47669970e+00  3.22e+02 4.42e-04  2.12e-02  1698s
  24   2.95234729e+00  8.40077672e+00  2.62e+02 3.84e-04  1.67e-02  1714s
  25   2.72369929e+00  7.22813391e+00  2.12e+02 3.18e-04  1.26e-02  1727s
  26   2.54339271e+00  5.50590594e+00  1.77e+02 2.20e-04  8.55e-03  1740s
  27   2.37139975e+00  3.75359579e+00  1.42e+02 1.19e-04  4.70e-03  1753s
  28   1.83332954e+00  2.85424944e+00  4.22e+01 7.04e-05  1.10e-03  1766s
  29   1.75256021e+00  2.61527447e+00  2.74e+01 5.67e-05  6.87e-04  1778s
  30   1.70561706e+00  2.40716984e+00  1.85e+01 4.46e-05  4.37e-04  1787s
  31   1.66756703e+00  2.28322823e+00  1.13e+01 3.74e-05  2.73e-04  1794s
  32   1.65091978e+00  2.21238387e+00  8.52e+00 3.34e-05  2.09e-04  1801s
  33   1.62289636e+00  2.06513150e+00  4.62e+00 2.54e-05  1.22e-04  1810s
  34   1.60292975e+00  1.97106094e+00  3.04e+00 2.07e-05  8.77e-05  1821s
  35   1.57771260e+00  1.91779136e+00  1.73e+00 1.82e-05  6.67e-05  1835s
  36   1.54804694e+00  1.84225626e+00  1.12e+00 1.50e-05  5.38e-05  1847s
  37   1.53291345e+00  1.71653649e+00  8.34e-01 9.78e-06  3.66e-05  1861s
  38   1.51969457e+00  1.66964838e+00  5.74e-01 7.70e-06  2.80e-05  1875s
  39   1.52435718e+00  1.64098803e+00  4.43e-01 6.05e-06  2.09e-05  1891s
  40   1.53278440e+00  1.61350368e+00  3.56e-01 4.24e-06  1.42e-05  1909s
  41   1.54172059e+00  1.60917079e+00  3.01e-01 3.45e-06  1.11e-05  1927s
  42   1.54942706e+00  1.60844795e+00  2.61e-01 3.33e-06  1.02e-05  1942s
  43   1.56066409e+00  1.60638135e+00  2.20e-01 2.85e-06  8.34e-06  1962s
  44   1.56965793e+00  1.60675843e+00  1.84e-01 1.93e-06  5.69e-06  1982s
  45   1.57553766e+00  1.61010016e+00  1.65e-01 1.52e-06  4.53e-06  2005s
  46   1.58375386e+00  1.61083493e+00  1.43e-01 1.46e-06  4.16e-06  2023s
  47   1.58615395e+00  1.61454785e+00  1.35e-01 1.22e-06  3.55e-06  2048s
  48   1.58857911e+00  1.61592024e+00  1.28e-01 1.13e-06  3.27e-06  2068s
  49   1.59465572e+00  1.61780191e+00  1.11e-01 1.02e-06  2.89e-06  2093s
  50   1.59879174e+00  1.61868600e+00  9.42e-02 9.38e-07  2.57e-06  2120s
  51   1.59962029e+00  1.61902685e+00  9.18e-02 9.12e-07  2.51e-06  2143s
  52   1.60051945e+00  1.62082414e+00  8.90e-02 8.39e-07  2.34e-06  2171s
  53   1.60224171e+00  1.62166834e+00  8.37e-02 7.91e-07  2.19e-06  2204s
  54   1.60459089e+00  1.62220844e+00  7.79e-02 7.62e-07  2.07e-06  2228s
  55   1.60726926e+00  1.62508316e+00  7.26e-02 6.49e-07  1.81e-06  2259s
  56   1.61228541e+00  1.62601238e+00  6.10e-02 6.13e-07  1.62e-06  2290s
  57   1.61502722e+00  1.62747312e+00  5.54e-02 5.65e-07  1.48e-06  2328s
  58   1.61597968e+00  1.62780682e+00  5.41e-02 5.52e-07  1.44e-06  2358s
  59   1.62035532e+00  1.62925291e+00  4.38e-02 4.99e-07  1.24e-06  2396s
  60   1.62362236e+00  1.63172363e+00  3.73e-02 4.19e-07  1.04e-06  2437s
  61   1.62714112e+00  1.63253016e+00  3.09e-02 3.96e-07  9.33e-07  2496s
  62   1.63094156e+00  1.63347690e+00  2.32e-02 3.66e-07  7.95e-07  2543s
  63   1.63478266e+00  1.63618441e+00  1.60e-02 2.95e-07  6.21e-07  2633s
  64   1.63554476e+00  1.63951754e+00  1.51e-02 2.17e-07  4.86e-07  2655s
  65   1.63573791e+00  1.64009956e+00  1.48e-02 1.99e-07  4.59e-07  2671s
  66   1.63674232e+00  1.64143250e+00  1.34e-02 1.58e-07  3.75e-07  2697s
  67   1.63689497e+00  1.64173906e+00  1.32e-02 1.45e-07  3.51e-07  2714s
  68   1.63757170e+00  1.64186763e+00  1.21e-02 1.40e-07  3.30e-07  2725s
  69   1.63762617e+00  1.64193493e+00  1.20e-02 1.37e-07  3.25e-07  2749s
  70   1.63765895e+00  1.64195103e+00  1.19e-02 1.36e-07  3.23e-07  2767s
  71   1.63766211e+00  1.64195268e+00  1.19e-02 1.36e-07  3.23e-07  2780s
  72   1.63779552e+00  1.64214975e+00  1.17e-02 1.29e-07  3.01e-07  2820s
  73   1.63781532e+00  1.64221011e+00  1.17e-02 1.27e-07  2.97e-07  2838s
  74   1.63791737e+00  1.64226624e+00  1.16e-02 1.25e-07  2.93e-07  2855s
  75   1.63793974e+00  1.64235657e+00  1.15e-02 1.22e-07  2.89e-07  2876s
  76   1.63794412e+00  1.64235969e+00  1.15e-02 1.22e-07  2.89e-07  2895s
  77   1.63794408e+00  1.64235672e+00  1.15e-02 1.22e-07  2.89e-07  2912s
  78   1.63841288e+00  1.64265059e+00  1.10e-02 1.15e-07  2.72e-07  2944s
  79   1.63841620e+00  1.64265661e+00  1.10e-02 1.15e-07  2.72e-07  2972s
  80   1.63844233e+00  1.64268227e+00  1.09e-02 1.14e-07  2.70e-07  2991s
  81   1.63845533e+00  1.64271727e+00  1.09e-02 1.13e-07  2.69e-07  3010s
  82   1.63845466e+00  1.64271766e+00  1.09e-02 1.13e-07  2.69e-07  3033s
  83   1.63845504e+00  1.64271662e+00  1.09e-02 1.13e-07  2.69e-07  3049s
  84   1.63854315e+00  1.64275892e+00  1.08e-02 1.12e-07  2.66e-07  3065s
  85   1.63856915e+00  1.64278994e+00  1.08e-02 1.12e-07  2.65e-07  3082s
  86   1.63858139e+00  1.64279581e+00  1.08e-02 1.12e-07  2.65e-07  3097s
  87   1.63868210e+00  1.64285680e+00  1.06e-02 1.10e-07  2.61e-07  3114s
  88   1.63902799e+00  1.64298399e+00  1.03e-02 1.08e-07  2.52e-07  3131s
  89   1.63904600e+00  1.64302145e+00  1.02e-02 1.07e-07  2.51e-07  3149s
  90   1.63905020e+00  1.64303012e+00  1.02e-02 1.07e-07  2.51e-07  3167s
  91   1.63905036e+00  1.64303007e+00  1.02e-02 1.07e-07  2.51e-07  3187s
  92   1.63910627e+00  1.64305216e+00  1.02e-02 1.06e-07  2.50e-07  3203s
  93   1.63936758e+00  1.64332868e+00  9.88e-03 1.01e-07  2.39e-07  3228s
  94   1.63936896e+00  1.64332950e+00  9.88e-03 1.01e-07  2.39e-07  3241s
  95   1.63936811e+00  1.64332959e+00  9.88e-03 1.01e-07  2.39e-07  3263s
  96   1.63945091e+00  1.64339329e+00  9.79e-03 1.00e-07  2.36e-07  3285s
  97   1.63948305e+00  1.64349346e+00  9.75e-03 9.83e-08  2.33e-07  3307s
  98   1.63948350e+00  1.64349310e+00  9.75e-03 9.83e-08  2.33e-07  3326s
  99   1.63950873e+00  1.64351361e+00  9.72e-03 9.78e-08  2.32e-07  3341s
 100   1.63960414e+00  1.64360211e+00  9.62e-03 9.61e-08  2.29e-07  3360s
 101   1.63961338e+00  1.64362232e+00  9.61e-03 9.57e-08  2.28e-07  3387s
 102   1.63978774e+00  1.64379687e+00  9.42e-03 9.24e-08  2.22e-07  3417s
 103   1.63980452e+00  1.64382738e+00  9.40e-03 9.18e-08  2.21e-07  3435s
 104   1.64000035e+00  1.64386485e+00  9.19e-03 9.11e-08  2.17e-07  3450s
 105   1.64001186e+00  1.64388617e+00  9.18e-03 9.06e-08  2.16e-07  3470s
 106   1.64001591e+00  1.64391626e+00  9.17e-03 9.02e-08  2.16e-07  3496s
 107   1.64005592e+00  1.64394920e+00  9.13e-03 8.96e-08  2.14e-07  3525s
 108   1.64005617e+00  1.64397171e+00  9.13e-03 8.92e-08  2.14e-07  3560s
 109   1.64019688e+00  1.64412047e+00  8.97e-03 8.63e-08  2.08e-07  3588s
 110   1.64020542e+00  1.64414436e+00  8.96e-03 8.59e-08  2.08e-07  3607s
 111   1.64027405e+00  1.64425175e+00  8.89e-03 8.36e-08  2.04e-07  3640s
 112   1.64043367e+00  1.64430302e+00  8.72e-03 8.26e-08  2.01e-07  3653s
 113   1.64048102e+00  1.64432922e+00  8.67e-03 8.21e-08  1.99e-07  3685s
 114   1.64048849e+00  1.64433487e+00  8.66e-03 8.19e-08  1.99e-07  3716s
 115   1.64049430e+00  1.64434031e+00  8.65e-03 8.18e-08  1.99e-07  3728s
 116   1.64050437e+00  1.64434982e+00  8.64e-03 8.16e-08  1.99e-07  3761s
 117   1.64083724e+00  1.64450602e+00  8.28e-03 7.78e-08  1.90e-07  3784s
 118   1.64107547e+00  1.64480765e+00  8.02e-03 7.15e-08  1.80e-07  3813s
 119   1.64107883e+00  1.64481062e+00  8.02e-03 7.15e-08  1.80e-07  3841s
 120   1.64107898e+00  1.64481048e+00  8.02e-03 7.15e-08  1.80e-07  3858s
 121   1.64107999e+00  1.64480989e+00  8.02e-03 7.17e-08  1.80e-07  3875s
 122   1.64113493e+00  1.64487043e+00  7.96e-03 7.06e-08  1.78e-07  3893s
 123   1.64113469e+00  1.64487073e+00  7.96e-03 7.06e-08  1.78e-07  3909s
 124   1.64124734e+00  1.64502845e+00  7.84e-03 6.73e-08  1.73e-07  3949s
 125   1.64124704e+00  1.64502889e+00  7.84e-03 6.73e-08  1.73e-07  3964s
 126   1.64160236e+00  1.64514261e+00  7.45e-03 6.45e-08  1.65e-07  3996s
 127   1.64160789e+00  1.64516076e+00  7.45e-03 6.42e-08  1.65e-07  4017s
 128   1.64164284e+00  1.64517003e+00  7.41e-03 6.41e-08  1.64e-07  4031s
 129   1.64164287e+00  1.64517008e+00  7.41e-03 6.41e-08  1.64e-07  4051s
 130   1.64164301e+00  1.64517261e+00  7.41e-03 6.43e-08  1.64e-07  4079s
 131   1.64178307e+00  1.64520161e+00  7.26e-03 6.38e-08  1.62e-07  4097s
 132   1.64178335e+00  1.64520178e+00  7.26e-03 6.38e-08  1.62e-07  4119s
 133   1.64178593e+00  1.64520758e+00  7.26e-03 6.36e-08  1.61e-07  4139s
 134   1.64179234e+00  1.64521634e+00  7.25e-03 6.34e-08  1.61e-07  4162s
 135   1.64179412e+00  1.64521764e+00  7.25e-03 6.34e-08  1.61e-07  4187s
 136   1.64181916e+00  1.64522401e+00  7.22e-03 6.33e-08  1.61e-07  4204s
 137   1.64183051e+00  1.64522519e+00  7.21e-03 6.33e-08  1.60e-07  4219s
 138   1.64183106e+00  1.64522484e+00  7.21e-03 6.33e-08  1.60e-07  4237s
 139   1.64183162e+00  1.64522496e+00  7.21e-03 6.32e-08  1.60e-07  4254s
 140   1.64183428e+00  1.64522630e+00  7.20e-03 6.32e-08  1.60e-07  4273s
 141   1.64185842e+00  1.64524637e+00  7.18e-03 6.29e-08  1.59e-07  4292s
 142   1.64206170e+00  1.64540775e+00  6.95e-03 5.92e-08  1.53e-07  4325s
 143   1.64206201e+00  1.64540858e+00  6.95e-03 5.92e-08  1.53e-07  4344s
 144   1.64206249e+00  1.64540851e+00  6.95e-03 5.92e-08  1.53e-07  4360s
 145   1.64210778e+00  1.64544076e+00  6.91e-03 5.85e-08  1.52e-07  4394s
 146   1.64211200e+00  1.64545974e+00  6.90e-03 5.81e-08  1.51e-07  4415s
 147   1.64211296e+00  1.64546174e+00  6.90e-03 5.81e-08  1.51e-07  4433s
 148   1.64228817e+00  1.64557771e+00  6.71e-03 5.59e-08  1.46e-07  4452s
 149   1.64228798e+00  1.64557800e+00  6.71e-03 5.59e-08  1.46e-07  4467s
 150   1.64228799e+00  1.64563885e+00  6.71e-03 5.52e-08  1.45e-07  4513s
 151   1.64230041e+00  1.64564623e+00  6.70e-03 5.51e-08  1.45e-07  4533s
 152   1.64230144e+00  1.64570176e+00  6.70e-03 5.40e-08  1.44e-07  4557s
 153   1.64230410e+00  1.64570222e+00  6.69e-03 5.39e-08  1.44e-07  4575s
 154   1.64231995e+00  1.64570881e+00  6.68e-03 5.38e-08  1.43e-07  4594s
 155   1.64232357e+00  1.64570902e+00  6.67e-03 5.38e-08  1.43e-07  4610s
 156   1.64232409e+00  1.64570889e+00  6.67e-03 5.38e-08  1.43e-07  4625s
 157   1.64234499e+00  1.64571349e+00  6.65e-03 5.37e-08  1.43e-07  4643s
 158   1.64234540e+00  1.64571322e+00  6.65e-03 5.37e-08  1.43e-07  4662s
 159   1.64234623e+00  1.64571533e+00  6.64e-03 5.37e-08  1.43e-07  4678s
 160   1.64249786e+00  1.64578614e+00  6.48e-03 5.22e-08  1.39e-07  4693s
 161   1.64249794e+00  1.64578524e+00  6.48e-03 5.24e-08  1.39e-07  4708s
 162   1.64254074e+00  1.64582533e+00  6.43e-03 5.14e-08  1.37e-07  4725s
 163   1.64253988e+00  1.64582570e+00  6.43e-03 5.16e-08  1.37e-07  4757s
 164   1.64257007e+00  1.64588521e+00  6.40e-03 5.04e-08  1.36e-07  4774s
 165   1.64257884e+00  1.64594873e+00  6.39e-03 4.90e-08  1.34e-07  4805s
 166   1.64257988e+00  1.64594813e+00  6.39e-03 4.91e-08  1.34e-07  4820s
 167   1.64262019e+00  1.64605341e+00  6.35e-03 4.69e-08  1.32e-07  4857s
 168   1.64262287e+00  1.64605495e+00  6.34e-03 4.67e-08  1.32e-07  4883s
 169   1.64263127e+00  1.64605626e+00  6.34e-03 4.67e-08  1.32e-07  4896s
 170   1.64272656e+00  1.64612545e+00  6.23e-03 4.53e-08  1.29e-07  4917s
 171   1.64274184e+00  1.64618675e+00  6.21e-03 4.51e-08  1.27e-07  4942s
 172   1.64281332e+00  1.64630882e+00  6.13e-03 4.25e-08  1.24e-07  4958s
 173   1.64283977e+00  1.64644518e+00  6.10e-03 4.01e-08  1.20e-07  4987s
 174   1.64284511e+00  1.64648497e+00  6.10e-03 3.93e-08  1.19e-07  5006s
 175   1.64287121e+00  1.64652551e+00  6.07e-03 3.86e-08  1.18e-07  5025s
 176   1.64287196e+00  1.64656333e+00  6.07e-03 3.79e-08  1.17e-07  5049s
 177   1.64289510e+00  1.64658804e+00  6.04e-03 3.75e-08  1.16e-07  5082s
 178   1.64289570e+00  1.64658919e+00  6.04e-03 3.75e-08  1.16e-07  5099s
 179   1.64296419e+00  1.64676677e+00  5.97e-03 3.31e-08  1.11e-07  5130s
 180   1.64301501e+00  1.64687580e+00  5.91e-03 3.10e-08  1.08e-07  5149s
 181   1.64303166e+00  1.64689070e+00  5.89e-03 3.06e-08  1.08e-07  5172s
 182   1.64313972e+00  1.64699344e+00  5.77e-03 2.86e-08  1.04e-07  5188s
 183   1.64316415e+00  1.64700885e+00  5.75e-03 2.84e-08  1.03e-07  5206s
 184   1.64316407e+00  1.64700876e+00  5.75e-03 2.84e-08  1.03e-07  5254s
 185   1.64322826e+00  1.64706750e+00  5.67e-03 2.72e-08  1.01e-07  5269s
 186   1.64323838e+00  1.64708197e+00  5.66e-03 2.69e-08  1.00e-07  5289s
 187   1.64336737e+00  1.64713477e+00  5.52e-03 2.73e-08  9.71e-08  5302s
 188   1.64345661e+00  1.64730746e+00  5.41e-03 2.40e-08  9.13e-08  5328s
 189   1.64352215e+00  1.64735816e+00  5.34e-03 2.24e-08  8.88e-08  5354s
 190   1.64352241e+00  1.64736178e+00  5.34e-03 2.23e-08  8.87e-08  5386s
 191   1.64356038e+00  1.64738826e+00  5.30e-03 2.18e-08  8.76e-08  5413s
 192   1.64357451e+00  1.64739011e+00  5.28e-03 2.17e-08  8.73e-08  5435s
 193   1.64361534e+00  1.64740206e+00  5.23e-03 2.16e-08  8.64e-08  5453s
 194   1.64365971e+00  1.64743352e+00  5.18e-03 2.04e-08  8.48e-08  5474s
 195   1.64365874e+00  1.64743356e+00  5.18e-03 2.04e-08  8.49e-08  5488s
 196   1.64370404e+00  1.64746906e+00  5.13e-03 1.90e-08  8.32e-08  5499s
 197   1.64374599e+00  1.64756861e+00  5.08e-03 1.61e-08  7.96e-08  5520s
 198   1.64385194e+00  1.64761061e+00  4.96e-03 1.54e-08  7.66e-08  5548s
 199   1.64390259e+00  1.64764666e+00  4.90e-03 1.41e-08  7.45e-08  5576s
 200   1.64394484e+00  1.64770516e+00  4.85e-03 1.19e-08  7.16e-08  5602s
 201   1.64397050e+00  1.64771977e+00  4.82e-03 1.09e-08  7.06e-08  5617s
 202   1.64398209e+00  1.64772901e+00  4.80e-03 1.04e-08  7.00e-08  5634s
 203   1.64406078e+00  1.64777408e+00  4.71e-03 8.19e-09  6.66e-08  5658s
 204   1.64413251e+00  1.64777966e+00  4.62e-03 8.23e-09  6.52e-08  5671s
 205   1.64413519e+00  1.64778788e+00  4.62e-03 7.64e-09  6.46e-08  5690s
 206   1.64460382e+00  1.64781497e+00  4.04e-03 5.64e-09  5.55e-08  5718s
 207   1.64463615e+00  1.64781613e+00  4.00e-03 6.03e-09  5.48e-08  5746s
 208   1.64468700e+00  1.64782012e+00  3.94e-03 5.42e-09  5.31e-08  5769s
 209   1.64470196e+00  1.64782060e+00  3.92e-03 5.39e-09  5.28e-08  5794s
 210   1.64471058e+00  1.64782088e+00  3.91e-03 5.11e-09  5.25e-08  5809s
 211   1.64471230e+00  1.64782091e+00  3.91e-03 5.11e-09  5.25e-08  5824s
 212   1.64471233e+00  1.64782093e+00  3.91e-03 5.11e-09  5.25e-08  5841s
 213   1.64473111e+00  1.64782220e+00  3.88e-03 5.01e-09  5.21e-08  5859s
 214   1.64473111e+00  1.64782218e+00  3.88e-03 5.05e-09  5.21e-08  5876s
 215   1.64473108e+00  1.64782250e+00  3.88e-03 5.07e-09  5.21e-08  5892s
 216   1.64473108e+00  1.64782249e+00  3.88e-03 5.07e-09  5.21e-08  5910s
 217   1.64473219e+00  1.64782249e+00  3.88e-03 5.07e-09  5.21e-08  5927s
 218   1.64485400e+00  1.64782330e+00  3.73e-03 5.40e-09  5.02e-08  5951s
 219   1.64485435e+00  1.64782341e+00  3.73e-03 5.15e-09  5.01e-08  5976s
 220   1.64485440e+00  1.64782371e+00  3.73e-03 5.36e-09  5.01e-08  5994s
 221   1.64485588e+00  1.64782442e+00  3.73e-03 4.80e-09  4.99e-08  6041s
 222   1.64486060e+00  1.64782451e+00  3.72e-03 4.84e-09  4.98e-08  6058s
 223   1.64489361e+00  1.64782464e+00  3.68e-03 4.91e-09  4.93e-08  6075s
 224   1.64489365e+00  1.64782472e+00  3.68e-03 4.85e-09  4.93e-08  6113s
 225   1.64489341e+00  1.64782524e+00  3.68e-03 4.93e-09  4.93e-08  6135s
 226   1.64489504e+00  1.64782534e+00  3.68e-03 4.94e-09  4.93e-08  6150s
 227   1.64491962e+00  1.64782540e+00  3.65e-03 4.89e-09  4.89e-08  6165s
 228   1.64492026e+00  1.64782548e+00  3.65e-03 4.99e-09  4.87e-08  6190s
 229   1.64492030e+00  1.64782545e+00  3.65e-03 4.99e-09  4.87e-08  6213s
 230   1.64492069e+00  1.64782574e+00  3.65e-03 5.23e-09  4.87e-08  6238s
 231   1.64497393e+00  1.64783256e+00  3.59e-03 4.94e-09  4.78e-08  6262s
 232   1.64499080e+00  1.64783244e+00  3.56e-03 4.89e-09  4.76e-08  6277s
 233   1.64499080e+00  1.64783251e+00  3.56e-03 5.20e-09  4.76e-08  6308s
 234   1.64501240e+00  1.64783250e+00  3.54e-03 5.30e-09  4.72e-08  6323s
 235   1.64501522e+00  1.64783224e+00  3.53e-03 5.31e-09  4.71e-08  6341s
 236   1.64501534e+00  1.64783221e+00  3.53e-03 5.31e-09  4.71e-08  6361s
 237   1.64502467e+00  1.64783192e+00  3.52e-03 5.44e-09  4.68e-08  6378s
 238   1.64512455e+00  1.64782418e+00  3.39e-03 4.60e-09  4.43e-08  6411s
 239   1.64516615e+00  1.64782368e+00  3.34e-03 4.92e-09  4.36e-08  6426s
 240   1.64518106e+00  1.64782183e+00  3.32e-03 4.32e-09  4.33e-08  6444s
 241   1.64519701e+00  1.64782075e+00  3.30e-03 4.24e-09  4.30e-08  6467s
 242   1.64523007e+00  1.64782287e+00  3.26e-03 4.91e-09  4.24e-08  6494s
 243   1.64562238e+00  1.64781111e+00  2.76e-03 4.11e-09  3.57e-08  6525s
 244   1.64563055e+00  1.64781027e+00  2.75e-03 4.85e-09  3.55e-08  6543s
 245   1.64563059e+00  1.64781020e+00  2.75e-03 4.82e-09  3.55e-08  6573s
 246   1.64563063e+00  1.64781019e+00  2.75e-03 4.82e-09  3.55e-08  6590s
 247   1.64563216e+00  1.64781162e+00  2.74e-03 4.35e-09  3.54e-08  6611s
 248   1.64563230e+00  1.64781192e+00  2.74e-03 4.72e-09  3.54e-08  6631s
 249   1.64564005e+00  1.64781170e+00  2.73e-03 4.65e-09  3.53e-08  6659s
 250   1.64564168e+00  1.64781175e+00  2.73e-03 4.63e-09  3.52e-08  6685s
 251   1.64564184e+00  1.64781136e+00  2.73e-03 4.57e-09  3.52e-08  6711s
 252   1.64564586e+00  1.64781192e+00  2.73e-03 4.29e-09  3.50e-08  6730s
 253   1.64565250e+00  1.64781015e+00  2.72e-03 4.00e-09  3.48e-08  6745s
 254   1.64565265e+00  1.64781001e+00  2.72e-03 3.99e-09  3.48e-08  6765s
 255   1.64565283e+00  1.64780913e+00  2.72e-03 3.80e-09  3.48e-08  6784s
 256   1.64565298e+00  1.64780876e+00  2.72e-03 3.74e-09  3.48e-08  6799s
 257   1.64565408e+00  1.64780852e+00  2.71e-03 3.76e-09  3.48e-08  6823s
 258   1.64568731e+00  1.64780557e+00  2.67e-03 3.37e-09  3.41e-08  6848s
 259   1.64575672e+00  1.64780440e+00  2.58e-03 3.33e-09  3.30e-08  6867s
 260   1.64576532e+00  1.64780101e+00  2.57e-03 3.61e-09  3.28e-08  6885s
 261   1.64580856e+00  1.64778286e+00  2.51e-03 3.07e-09  3.14e-08  6927s
 262   1.64581233e+00  1.64778127e+00  2.51e-03 3.38e-09  3.13e-08  6962s
 263   1.64587373e+00  1.64777931e+00  2.43e-03 4.67e-09  3.03e-08  6984s
 264   1.64591271e+00  1.64777842e+00  2.38e-03 5.12e-09  2.97e-08  7004s
 265   1.64591275e+00  1.64777823e+00  2.38e-03 5.25e-09  2.97e-08  7025s
 266   1.64591777e+00  1.64777583e+00  2.37e-03 5.39e-09  2.95e-08  7051s
 267   1.64592580e+00  1.64777406e+00  2.36e-03 4.66e-09  2.93e-08  7079s
 268   1.64592776e+00  1.64777348e+00  2.36e-03 4.19e-09  2.93e-08  7098s
 269   1.64592863e+00  1.64777391e+00  2.36e-03 3.59e-09  2.93e-08  7127s
 270   1.64593052e+00  1.64777270e+00  2.35e-03 3.77e-09  2.92e-08  7167s
 271   1.64593246e+00  1.64777196e+00  2.35e-03 3.75e-09  2.92e-08  7236s
 272   1.64593458e+00  1.64777127e+00  2.35e-03 4.59e-09  2.91e-08  7249s
 273   1.64594151e+00  1.64776890e+00  2.34e-03 4.67e-09  2.89e-08  7273s
 274   1.64594467e+00  1.64776764e+00  2.33e-03 5.09e-09  2.88e-08  7289s
 275   1.64595406e+00  1.64776418e+00  2.32e-03 4.94e-09  2.86e-08  7320s
 276   1.64595529e+00  1.64775078e+00  2.32e-03 5.30e-09  2.82e-08  7352s
 277   1.64598386e+00  1.64774898e+00  2.28e-03 5.17e-09  2.77e-08  7393s
 278   1.64619015e+00  1.64774741e+00  2.00e-03 5.05e-09  2.45e-08  7424s
 279   1.64619398e+00  1.64774407e+00  2.00e-03 4.80e-09  2.44e-08  7445s
 280   1.64621958e+00  1.64772769e+00  1.96e-03 3.69e-09  2.36e-08  7472s
 281   1.64625030e+00  1.64772413e+00  1.92e-03 3.70e-09  2.31e-08  7490s
 282   1.64625189e+00  1.64772303e+00  1.92e-03 4.23e-09  2.30e-08  7511s
 283   1.64625901e+00  1.64772264e+00  1.91e-03 4.24e-09  2.29e-08  7528s
 284   1.64626963e+00  1.64772112e+00  1.90e-03 4.13e-09  2.27e-08  7551s
 285   1.64627186e+00  1.64771945e+00  1.89e-03 3.96e-09  2.27e-08  7568s
 286   1.64627634e+00  1.64771925e+00  1.89e-03 3.78e-09  2.26e-08  7582s
 287   1.64627680e+00  1.64771763e+00  1.89e-03 3.68e-09  2.25e-08  7600s
 288   1.64627933e+00  1.64771937e+00  1.88e-03 3.57e-09  2.25e-08  7623s
 289   1.64628220e+00  1.64771861e+00  1.88e-03 3.90e-09  2.24e-08  7652s
 290   1.64628680e+00  1.64771793e+00  1.87e-03 4.32e-09  2.23e-08  7665s
 291   1.64628716e+00  1.64771783e+00  1.87e-03 5.89e-09  2.23e-08  7679s
 292   1.64629320e+00  1.64771779e+00  1.86e-03 7.10e-09  2.22e-08  7710s
 293   1.64629814e+00  1.64771636e+00  1.86e-03 6.94e-09  2.21e-08  7732s
 294   1.64629893e+00  1.64771551e+00  1.86e-03 6.81e-09  2.21e-08  7755s
 295   1.64633572e+00  1.64771549e+00  1.81e-03 6.51e-09  2.15e-08  7769s
 296   1.64637765e+00  1.64771406e+00  1.75e-03 6.32e-09  2.09e-08  7785s
 297   1.64637817e+00  1.64771257e+00  1.75e-03 6.05e-09  2.08e-08  7808s
 298   1.64638101e+00  1.64771020e+00  1.75e-03 5.75e-09  2.07e-08  7830s
 299   1.64640261e+00  1.64770908e+00  1.72e-03 5.61e-09  2.04e-08  7849s
 300   1.64640634e+00  1.64770775e+00  1.71e-03 5.46e-09  2.03e-08  7869s
 301   1.64641478e+00  1.64770659e+00  1.70e-03 5.32e-09  2.02e-08  7887s
 302   1.64643442e+00  1.64770368e+00  1.67e-03 4.96e-09  1.98e-08  7904s
 303   1.64644034e+00  1.64770182e+00  1.67e-03 4.76e-09  1.97e-08  7919s
 304   1.64644488e+00  1.64769951e+00  1.66e-03 4.56e-09  1.96e-08  7935s
 305   1.64650268e+00  1.64769756e+00  1.58e-03 4.42e-09  1.87e-08  7952s
 306   1.64650332e+00  1.64769508e+00  1.58e-03 4.15e-09  1.86e-08  7974s
 307   1.64651320e+00  1.64769247e+00  1.57e-03 3.88e-09  1.84e-08  7998s
 308   1.64651731e+00  1.64768962e+00  1.56e-03 3.56e-09  1.83e-08  8019s
 309   1.64651738e+00  1.64768724e+00  1.56e-03 3.27e-09  1.82e-08  8043s
 310   1.64652539e+00  1.64768895e+00  1.55e-03 2.99e-09  1.81e-08  8059s
 311   1.64652700e+00  1.64768537e+00  1.55e-03 2.72e-09  1.81e-08  8080s
 312   1.64653053e+00  1.64768264e+00  1.54e-03 2.52e-09  1.80e-08  8098s
 313   1.64653537e+00  1.64767944e+00  1.54e-03 2.34e-09  1.78e-08  8117s
 314   1.64653945e+00  1.64767492e+00  1.53e-03 2.29e-09  1.77e-08  8140s
 315   1.64654369e+00  1.64767211e+00  1.52e-03 2.04e-09  1.76e-08  8153s
 316   1.64657564e+00  1.64766950e+00  1.48e-03 1.55e-09  1.70e-08  8175s
 317   1.64658598e+00  1.64766470e+00  1.47e-03 1.62e-09  1.68e-08  8197s
 318   1.64659676e+00  1.64766301e+00  1.45e-03 1.71e-09  1.66e-08  8216s
 319   1.64659818e+00  1.64766123e+00  1.45e-03 2.19e-09  1.66e-08  8238s
 320   1.64660367e+00  1.64765902e+00  1.44e-03 2.00e-09  1.64e-08  8254s
 321   1.64660656e+00  1.64765469e+00  1.44e-03 1.15e-09  1.63e-08  8277s
 322   1.64661084e+00  1.64765385e+00  1.43e-03 1.82e-09  1.62e-08  8302s
 323   1.64661562e+00  1.64765322e+00  1.42e-03 1.75e-09  1.62e-08  8321s
 324   1.64661782e+00  1.64765219e+00  1.42e-03 2.43e-09  1.61e-08  8341s
 325   1.64662081e+00  1.64765173e+00  1.42e-03 3.10e-09  1.61e-08  8360s
 326   1.64662733e+00  1.64764912e+00  1.41e-03 2.47e-09  1.59e-08  8384s
 327   1.64664283e+00  1.64764496e+00  1.39e-03 1.56e-09  1.56e-08  8409s
 328   1.64668578e+00  1.64764156e+00  1.33e-03 1.06e-09  1.49e-08  8429s
 329   1.64679981e+00  1.64764012e+00  1.17e-03 1.78e-09  1.32e-08  8449s
 330   1.64680825e+00  1.64763928e+00  1.16e-03 2.75e-09  1.30e-08  8473s
 331   1.64685301e+00  1.64763607e+00  1.09e-03 1.48e-09  1.23e-08  8491s
 332   1.64686165e+00  1.64763318e+00  1.08e-03 2.81e-09  1.21e-08  8515s
 333   1.64690141e+00  1.64763300e+00  1.03e-03 5.82e-10  1.15e-08  8537s
 334   1.64693602e+00  1.64763222e+00  9.76e-04 1.23e-09  1.10e-08  8556s
 335   1.64695959e+00  1.64762939e+00  9.43e-04 6.77e-10  1.06e-08  8580s
 336   1.64696285e+00  1.64762921e+00  9.38e-04 1.72e-09  1.05e-08  8598s
 337   1.64701328e+00  1.64762707e+00  8.67e-04 1.15e-09  9.71e-09  8623s
 338   1.64705212e+00  1.64762672e+00  8.12e-04 2.13e-09  9.09e-09  8638s
 339   1.64709017e+00  1.64762567e+00  7.58e-04 1.93e-09  8.49e-09  8668s
 340   1.64709221e+00  1.64762736e+00  7.55e-04 2.00e-09  8.47e-09  8694s
 341   1.64709835e+00  1.64762701e+00  7.46e-04 1.73e-09  8.37e-09  8713s
 342   1.64712083e+00  1.64762574e+00  7.14e-04 1.41e-09  8.00e-09  8738s
 343   1.64712917e+00  1.64762532e+00  7.02e-04 1.34e-09  7.86e-09  8761s
 344   1.64717111e+00  1.64762458e+00  6.42e-04 2.14e-09  7.20e-09  8784s
 345   1.64718820e+00  1.64762307e+00  6.18e-04 2.10e-09  6.91e-09  8807s
 346   1.64721023e+00  1.64762175e+00  5.86e-04 7.04e-10  6.55e-09  8833s
 347   1.64721874e+00  1.64762092e+00  5.74e-04 5.55e-10  6.40e-09  8855s
 348   1.64728029e+00  1.64762027e+00  4.85e-04 5.10e-10  5.42e-09  8872s
 349   1.64729052e+00  1.64761987e+00  4.70e-04 4.33e-10  5.25e-09  8891s
 350   1.64729230e+00  1.64761888e+00  4.68e-04 5.38e-10  5.21e-09  8927s
 351   1.64729618e+00  1.64761818e+00  4.62e-04 1.40e-09  5.14e-09  8947s
 352   1.64729853e+00  1.64761838e+00  4.59e-04 1.75e-09  5.11e-09  8967s
 353   1.64731158e+00  1.64761847e+00  4.40e-04 1.07e-09  4.90e-09  8984s
 354   1.64740611e+00  1.64761785e+00  3.03e-04 6.90e-10  3.38e-09  9019s
 355   1.64740824e+00  1.64761802e+00  3.00e-04 6.22e-10  3.35e-09  9041s
 356   1.64746079e+00  1.64761792e+00  2.24e-04 1.66e-09  2.51e-09  9058s
 357   1.64747585e+00  1.64761754e+00  2.03e-04 1.25e-09  2.28e-09  9076s
 358   1.64747684e+00  1.64761719e+00  2.02e-04 8.57e-10  2.26e-09  9089s
 359   1.64747688e+00  1.64761683e+00  2.02e-04 4.65e-10  2.25e-09  9107s
 360   1.64747691e+00  1.64761649e+00  2.02e-04 5.48e-10  2.25e-09  9133s
 361   1.64747897e+00  1.64761620e+00  1.99e-04 3.18e-10  2.21e-09  9163s
 362   1.64748066e+00  1.64761594e+00  1.96e-04 2.25e-10  2.18e-09  9182s
 363   1.64748400e+00  1.64761580e+00  1.91e-04 4.86e-10  2.13e-09  9201s
 364   1.64753831e+00  1.64761547e+00  1.12e-04 2.46e-10  1.26e-09  9234s
 365   1.64755002e+00  1.64761526e+00  9.48e-05 1.72e-10  1.07e-09  9265s
 366   1.64755235e+00  1.64761514e+00  9.14e-05 7.91e-10  1.03e-09  9287s
 367   1.64755238e+00  1.64761509e+00  9.13e-05 1.71e-09  1.03e-09  9310s
 368   1.64755239e+00  1.64761508e+00  9.13e-05 1.55e-09  1.03e-09  9323s
 369   1.64755244e+00  1.64761624e+00  9.13e-05 1.44e-09  1.04e-09  9335s
 370   1.64755600e+00  1.64761541e+00  8.61e-05 7.10e-10  9.73e-10  9353s
 371   1.64755739e+00  1.64761475e+00  8.40e-05 5.52e-10  9.44e-10  9386s
 372   1.64756027e+00  1.64761460e+00  7.97e-05 1.09e-09  8.94e-10  9414s
 373   1.64756060e+00  1.64761433e+00  7.92e-05 6.04e-10  8.86e-10  9444s
 374   1.64756091e+00  1.64761415e+00  7.88e-05 4.11e-10  8.79e-10  9471s
 375   1.64756177e+00  1.64761408e+00  7.75e-05 3.11e-10  8.64e-10  9493s
 376   1.64756220e+00  1.64761397e+00  7.68e-05 2.00e-10  8.56e-10  9522s
 377   1.64756318e+00  1.64761388e+00  7.54e-05 1.96e-10  8.38e-10  9551s
 378   1.64756375e+00  1.64761386e+00  7.45e-05 1.85e-10  8.29e-10  9566s
 379   1.64756409e+00  1.64761374e+00  7.40e-05 2.56e-09  8.22e-10  9598s
 380   1.64756543e+00  1.64761374e+00  7.23e-05 2.52e-09  8.00e-10  9616s
 381   1.64756562e+00  1.64761379e+00  7.20e-05 2.12e-09  7.97e-10  9639s
 382   1.64756841e+00  1.64761338e+00  6.78e-05 1.12e-09  7.47e-10  9669s
 383   1.64756913e+00  1.64761320e+00  6.66e-05 1.28e-09  7.33e-10  9690s
 384   1.64757084e+00  1.64761316e+00  6.40e-05 1.99e-09  7.04e-10  9708s
 385   1.64757130e+00  1.64761309e+00  6.33e-05 1.27e-09  6.96e-10  9740s
 386   1.64757165e+00  1.64761307e+00  6.28e-05 1.12e-09  6.90e-10  9758s
 387   1.64757215e+00  1.64761307e+00  6.21e-05 1.19e-09  6.82e-10  9780s
 388   1.64757366e+00  1.64761297e+00  5.98e-05 7.30e-10  6.56e-10  9800s
 389   1.64757369e+00  1.64761293e+00  5.98e-05 7.02e-10  6.55e-10  9822s
 390   1.64757582e+00  1.64761284e+00  5.65e-05 4.11e-10  6.18e-10  9846s
 391   1.64757693e+00  1.64761267e+00  5.48e-05 2.72e-10  5.98e-10  9871s
 392   1.64757938e+00  1.64761252e+00  5.10e-05 6.25e-10  5.56e-10  9911s
 393   1.64757974e+00  1.64761255e+00  5.04e-05 9.35e-10  5.50e-10  9931s
 394   1.64758071e+00  1.64761258e+00  4.89e-05 6.49e-10  5.34e-10  9954s
 395   1.64758088e+00  1.64761245e+00  4.86e-05 9.11e-10  5.30e-10  9982s
 396   1.64758097e+00  1.64761239e+00  4.85e-05 1.12e-09  5.27e-10  10012s
 397   1.64758109e+00  1.64761242e+00  4.83e-05 1.34e-09  5.26e-10  10035s
 398   1.64758271e+00  1.64761236e+00  4.58e-05 1.15e-09  4.98e-10  10059s
 399   1.64758297e+00  1.64761246e+00  4.54e-05 9.49e-10  4.95e-10  10085s
 400   1.64758372e+00  1.64761249e+00  4.43e-05 9.84e-10  4.83e-10  10113s
 401   1.64758445e+00  1.64761245e+00  4.32e-05 9.63e-10  4.70e-10  10133s
 402   1.64758771e+00  1.64761242e+00  3.81e-05 3.41e-09  4.14e-10  10161s
 403   1.64758842e+00  1.64761235e+00  3.70e-05 4.86e-09  4.02e-10  10189s
 404   1.64759037e+00  1.64761229e+00  3.39e-05 4.34e-09  3.69e-10  10223s
 405   1.64759065e+00  1.64761226e+00  3.35e-05 4.01e-09  3.63e-10  10253s
 406   1.64759067e+00  1.64761225e+00  3.34e-05 3.91e-09  3.63e-10  10266s
 407   1.64759094e+00  1.64761226e+00  3.30e-05 3.82e-09  3.58e-10  10295s
 408   1.64759128e+00  1.64761223e+00  3.25e-05 3.54e-09  3.52e-10  10315s
 409   1.64759315e+00  1.64761215e+00  2.95e-05 2.78e-09  3.19e-10  10345s
 410   1.64759343e+00  1.64761212e+00  2.90e-05 2.01e-09  3.14e-10  10374s
 411   1.64759377e+00  1.64761209e+00  2.85e-05 1.90e-09  3.07e-10  10400s
 412   1.64759670e+00  1.64761205e+00  2.39e-05 1.69e-09  2.58e-10  10424s
 413   1.64759997e+00  1.64761201e+00  1.86e-05 1.37e-09  2.03e-10  10455s
 414   1.64760009e+00  1.64761198e+00  1.84e-05 1.21e-09  2.01e-10  10472s
 415   1.64760044e+00  1.64761194e+00  1.79e-05 8.80e-10  1.94e-10  10501s
 416   1.64760134e+00  1.64761189e+00  1.64e-05 7.07e-10  1.79e-10  10527s
 417   1.64760260e+00  1.64761187e+00  1.44e-05 6.36e-10  1.58e-10  10556s
 418   1.64760510e+00  1.64761184e+00  1.04e-05 4.63e-10  1.14e-10  10601s
 419   1.64760521e+00  1.64761182e+00  1.02e-05 4.37e-10  1.12e-10  10626s
 420   1.64760533e+00  1.64761179e+00  1.00e-05 9.76e-10  1.09e-10  10663s
 421   1.64760536e+00  1.64761176e+00  9.91e-06 2.47e-10  1.08e-10  10688s
 422   1.64760538e+00  1.64761175e+00  9.93e-06 1.25e-09  1.08e-10  10724s
 423   1.64760555e+00  1.64761173e+00  9.59e-06 6.59e-10  1.04e-10  10757s
 424   1.64760557e+00  1.64761173e+00  9.55e-06 1.05e-09  1.04e-10  10774s
 425   1.64760564e+00  1.64761167e+00  9.43e-06 3.66e-09  1.02e-10  10826s
 426   1.64760571e+00  1.64761167e+00  9.35e-06 5.00e-09  1.01e-10  10848s
 427   1.64760574e+00  1.64761165e+00  9.30e-06 4.29e-09  1.00e-10  10870s
 428   1.64760576e+00  1.64761164e+00  9.27e-06 5.09e-09  9.97e-11  10898s
 429   1.64760579e+00  1.64761163e+00  9.22e-06 4.91e-09  9.92e-11  10919s
 430   1.64760582e+00  1.64761163e+00  9.15e-06 4.71e-09  9.87e-11  10934s

Barrier solved model in 430 iterations and 10933.64 seconds (5825.88 work units)
Optimal objective 1.64760510e+00

